22.89140 7.46710
22.89860 7.46710
22.89950 7.46710
22.88280 7.46710
22.85840 7.46710
22.88110 7.46710
22.87620 7.46710
22.87500 7.46710
22.86710 7.46710
22.86350 7.46710
22.84840 7.46710
22.86830 7.46710
22.87030 7.46710
22.86780 7.46710
22.87660 7.46710
22.86970 7.46710
22.87840 7.46710
22.88010 7.46710
22.87990 7.46710
22.91470 7.46710
22.91250 7.46710
22.90450 7.46710
22.89380 7.46710
22.90860 7.46710
22.91660 7.46710
22.92550 7.46710
22.89740 7.46710
22.92130 7.46710
22.91520 7.46710
22.92130 7.46710
