21.45390 2.89020
21.44550 2.99680
21.45220 2.96120
21.46640 3.00310
21.46080 2.89170
21.50090 3.12160
21.48620 3.25060
21.46210 3.06660
21.46510 3.17060
21.46140 3.00370
21.47370 2.96700
21.51200 3.30810
21.54580 3.21000
21.51150 3.25310
21.55040 3.27180
21.55020 3.24060
21.54370 3.22150
21.51040 3.06920
21.54520 3.05160
21.51640 3.09580
21.54210 2.98700
21.56290 3.05070
21.53830 3.08070
21.54350 3.13540
21.49880 3.34400
21.48520 3.15910
21.48420 3.30610
21.48220 3.29420
21.50480 3.38830
21.53260 3.31160
