22.10500 5.44510 1.00000
22.09380 5.52570 1.00000
22.09190 5.47090 1.00000
22.11280 5.53610 1.00000
22.11720 5.47860 1.00000
22.13280 5.56940 1.00000
22.12740 5.69220 1.00000
22.13420 5.66120 1.00000
22.12980 5.72070 1.00000
22.12160 5.56970 1.00000
22.11750 5.47360 1.00000
22.14340 5.66080 1.00000
22.17330 5.61140 1.00000
22.15620 5.68050 1.00000
22.13310 5.52970 1.00000
22.16670 5.59910 1.00000
22.12390 5.48560 1.00000
22.16320 5.60510 1.00000
16.30360 0.07800 4.00000
22.16350 5.60540 1.00000
15.93540 0.07050 4.00000
20.03600 0.01210 2.78990
22.30610 0.01000 2.56860
22.13540 5.46270 1.00000
22.13370 5.71380 1.00000
22.10060 5.52910 1.00000
22.09170 5.61040 1.00000
22.15740 5.82490 1.00000
22.15200 5.80330 1.00000
22.12830 5.58590 1.00000
