21.57840 23.08220
21.59780 22.63110
21.57340 23.21350
21.59030 22.58750
21.53400 23.44340
21.54030 23.18370
21.58630 21.89930
21.56330 22.28330
21.52040 23.32570
21.55180 22.85110
21.49440 24.69360
21.51330 24.25180
21.49460 24.71830
21.52740 24.73420
21.52600 24.60770
21.44780 26.27550
21.47500 26.25950
21.41980 26.77530
21.44790 26.07350
21.45190 25.90780
21.50990 24.96230
21.49250 25.78210
21.48900 25.67920
21.42760 26.68490
21.41040 26.93010
21.42640 26.41300
21.42760 26.14230
21.46450 25.12210
21.45320 25.37140
21.47940 25.60630
