22.29280 7.23960 1.49720
22.30840 7.06370 1.46580
22.28680 7.26880 1.49420
22.29610 7.10960 1.46690
22.25570 7.32540 1.50410
22.26240 7.21690 1.47410
22.29510 6.82610 1.37560
22.28350 6.86730 1.38440
22.24260 7.32130 1.48910
22.27420 7.09220 1.42160
22.23370 7.61950 1.54310
22.24140 7.57430 1.53880
22.22850 7.69700 1.55000
22.26500 7.55610 1.50940
22.25270 7.68470 1.56410
22.17580 8.41480 1.69990
22.20500 8.35130 1.67920
22.14780 8.64120 1.74280
22.17320 8.37550 1.70010
22.17940 8.26670 1.69970
22.23020 7.91110 1.62640
22.21420 8.25140 1.68280
22.21520 8.16170 1.66110
22.15930 8.53550 1.74020
22.13580 8.73230 1.77750
22.13620 8.75200 1.80150
22.14580 8.54540 1.75550
22.19000 8.01810 1.64510
22.18400 8.01680 1.64300
22.21320 7.99950 1.61840
