22.01140 9.07810
22.01560 9.07810
22.00580 9.07810
21.99560 9.07810
21.97710 9.07810
21.99070 9.07810
21.99430 9.07810
21.98210 9.07810
21.97530 9.07810
21.98870 9.07810
21.99650 9.07810
21.98270 9.07810
21.99730 9.07810
22.00180 9.07810
21.99520 9.07810
22.00730 9.07810
22.00430 9.07810
22.00900 9.07810
22.01120 9.07810
22.02570 9.07810
22.04180 9.07810
22.04820 9.07810
22.05250 9.07810
22.04490 9.07810
22.04890 9.07810
22.04410 9.07810
22.02960 9.07810
22.03080 9.07810
22.03390 9.07810
22.02180 9.07810
