23.47870 14.20220
23.45850 14.20220
23.44480 14.20220
23.43210 14.20220
23.40830 14.20220
23.39140 14.20220
23.44480 14.20220
23.42270 14.20220
23.37900 14.20220
23.45080 14.20220
23.43300 14.20220
23.48230 14.20220
23.41940 14.20220
23.42730 14.20220
23.43300 14.20220
23.44190 14.20220
23.36140 14.20220
23.39000 14.20220
23.37590 14.20220
23.39960 14.20220
23.40040 14.20220
23.40330 14.20220
23.40870 14.20220
23.37850 14.20220
23.36150 14.20220
23.35050 14.20220
23.32640 14.20220
23.31940 14.20220
23.32250 14.20220
23.30000 14.20220
