22.21940 19.19730
22.20570 19.51340
22.22240 19.17820
22.24360 18.74230
22.25310 18.32420
22.20350 19.20970
22.18210 19.57550
22.12970 20.61880
22.18110 19.59560
22.20410 19.12750
22.15930 20.01940
22.14230 20.28760
22.16560 19.99010
22.19820 19.50010
22.18000 19.42240
22.16340 19.78910
22.19610 19.34070
22.19110 19.41750
22.12750 20.70520
22.11720 20.89470
22.14790 20.22000
22.14220 20.17400
22.15520 19.79270
22.14240 20.10810
22.13210 20.11430
22.14570 19.93240
22.15470 19.75790
22.17850 19.12730
22.16780 19.31450
22.21550 18.41050
