22.76120 7.11820 1.63010
22.74640 7.30810 1.67740
22.75810 7.17280 1.64390
22.77100 7.09200 1.65170
22.77850 6.91910 1.62370
22.74250 7.24000 1.69720
22.72660 7.34450 1.70200
22.68740 7.70110 1.73930
22.72890 7.28020 1.65510
22.74620 7.10330 1.63610
22.70790 7.47250 1.70810
22.69900 7.53700 1.72270
22.71940 7.38530 1.68090
22.74360 7.19650 1.63870
22.72590 7.25040 1.65260
22.71470 7.39610 1.70140
22.73950 7.23350 1.67590
22.73510 7.27850 1.68380
22.67890 7.86400 1.79730
22.67420 7.86330 1.77760
22.70320 7.51580 1.70930
22.69910 7.51960 1.71840
22.71230 7.28070 1.65610
22.70330 7.39080 1.67970
22.69880 7.32530 1.62390
22.71280 7.19020 1.57880
22.71920 7.14750 1.61040
22.73610 6.97290 1.56450
22.72860 7.03270 1.55540
22.76180 6.78130 1.51830
