20.05640 280.09800
20.20530 247.99600
22.34210 44.89790
21.81410 68.03690
20.29840 231.37200
22.51290 39.12170
21.92440 62.50320
22.01560 60.06800
22.35190 45.77180
22.61520 35.91560
22.62630 35.49040
22.93790 26.31610
22.97100 24.33940
22.73020 31.42880
22.70160 31.97730
22.85620 26.77300
22.63820 33.34800
22.73590 30.44000
22.90440 25.63710
22.94580 24.16070
22.93180 24.81760
22.90160 26.56860
22.76390 30.08230
22.56510 35.42160
22.34940 42.73930
22.20640 48.57970
22.76600 29.41170
22.49980 38.58400
22.55160 37.51840
22.48970 37.17330
