21.60050 63.97540 1.00000
21.70900 64.70320 1.00000
23.38730 17.04160 1.00000
22.82830 27.94360 1.00000
21.79520 60.19700 1.00000
23.46250 15.61180 1.00000
22.97860 24.69250 1.00000
22.91700 27.50080 1.00000
23.18300 21.95470 1.00000
23.44180 16.74180 1.00000
23.52450 15.01990 1.00000
23.67310 11.94190 1.00000
23.66910 11.02790 1.00000
23.56810 13.50840 1.00000
23.54940 13.50550 1.00000
23.60120 11.73140 1.00000
23.50690 13.87150 1.00000
23.55670 13.14890 1.00000
23.62510 11.49610 1.00000
23.63880 11.11340 1.00000
23.63850 11.27790 1.00000
23.64910 11.87710 1.00000
23.57180 13.00030 1.00000
23.48440 14.41730 1.00000
23.38060 16.15910 1.00000
23.19030 20.10380 1.00000
23.58300 12.50930 1.00000
23.46270 15.32620 1.00000
23.49090 15.24080 1.00000
23.38680 15.61030 1.00000
