21.20850 11.67260
21.19560 11.82050
21.19210 11.87010
21.19010 11.87420
21.19250 11.81050
21.18080 12.00670
21.20600 11.62020
21.19690 11.73420
21.23570 11.14440
21.24210 11.07850
21.23030 11.18230
21.22950 11.10610
21.23430 10.99210
21.22450 11.28460
21.22260 11.22850
21.21970 11.28080
21.22050 11.16680
21.22650 11.10980
21.22510 10.93540
21.21160 11.20610
21.21760 11.08220
21.21110 11.29010
21.22850 11.06080
21.20660 11.36170
21.20800 11.29850
21.20010 11.42700
21.18820 11.55320
21.19040 11.52050
21.17860 11.79960
21.20080 11.42270
