20.72570 18.20180
20.75420 17.69450
20.72090 18.38170
20.72680 18.32320
20.71790 18.38290
20.74230 17.80440
20.71680 18.40810
20.74270 17.81770
20.70440 18.51340
20.73530 17.90670
20.72610 17.96060
20.73020 17.93150
20.72670 18.01190
20.71940 18.07780
20.71590 18.13210
20.71540 18.08670
20.69390 18.68850
20.70960 18.48820
20.70960 18.48610
20.70620 18.44340
20.70100 18.56220
20.70220 18.56480
20.70240 18.57310
20.69840 18.59610
20.69900 18.59170
20.73080 18.00450
20.72730 18.04690
20.69940 18.67770
20.72960 18.05840
20.73510 17.97560
