19.70320 768.36900 4.00000
19.37190 1058.19000 4.00000
18.15730 2831.46000 3.98140
22.15570 71.03990 2.25850
19.18390 1151.71000 4.00000
19.36250 1030.93000 4.00000
20.26280 539.28000 3.86300
19.18010 1222.66000 4.00000
19.05490 1189.11000 3.99990
19.01920 1275.54000 4.00000
19.42520 933.10600 4.00000
19.36920 994.10000 4.00000
19.42320 876.18500 4.00000
19.11040 1028.62000 4.00000
19.61340 765.63800 4.00000
19.01640 990.60600 4.00000
19.17110 1146.81000 4.00000
19.55340 769.54000 4.00000
19.23550 1042.03000 4.00000
19.45510 781.88500 4.00000
19.30920 990.12100 4.00000
19.32310 1018.74000 4.00000
18.90200 1372.37000 4.00000
19.55040 911.30400 4.00000
19.54080 848.44800 4.00000
19.48400 899.93700 4.00000
18.72410 1452.44000 4.00000
19.52050 960.05600 4.00000
17.53970 3317.72000 4.00000
19.32950 1098.12000 4.00000
