21.57990 6.40260
21.58610 5.94710
21.58150 5.13370
21.58580 5.86940
21.57120 5.52320
21.58030 6.66620
21.57040 7.75630
21.58310 7.59890
21.58170 7.19190
21.57420 6.57840
21.56140 5.90450
21.56740 6.60350
21.56590 6.52310
21.56020 6.92620
21.55010 7.16730
21.54530 7.05600
21.54500 6.66190
21.53730 7.34850
21.52890 7.64340
21.53330 7.02820
21.54130 6.74490
21.53030 7.03510
21.53340 7.79860
21.54980 7.41150
21.54880 7.71300
21.55200 6.64440
21.54100 5.56190
21.54730 5.94720
21.55590 6.73890
21.54990 6.21320
