21.25260 12.57190
21.25180 12.60720
21.25450 12.55610
21.26060 12.42580
21.26740 12.28810
21.27890 12.12010
21.28570 12.04720
21.28620 11.99070
21.28130 12.12140
21.27160 12.16150
21.27540 12.15810
21.25590 12.29110
21.27090 12.11140
21.26720 12.19810
21.26650 12.13140
21.27560 12.06860
21.28830 11.83750
21.28460 11.99640
21.27920 12.07200
21.30540 11.68280
21.30920 11.56300
21.31300 11.54360
21.31930 11.43990
21.31660 11.50450
21.31750 11.46100
21.33170 11.36510
21.32640 11.51290
21.32600 11.41280
21.32620 11.47730
21.32200 11.47590
