23.29550 10.73140 1.00000
23.26580 11.30320 1.00000
23.24780 11.67060 1.00000
23.24770 10.24480 1.00000
23.24650 10.77140 1.00000
23.19720 11.60560 1.00000
23.26140 10.53920 1.00000
23.10830 14.51600 1.00000
23.28860 11.72430 1.00000
23.26290 13.11800 1.00000
23.28840 11.31430 1.00000
23.26940 11.01910 1.00000
23.29240 10.28570 1.00000
23.29220 10.38020 1.00000
23.28830 10.13860 1.00000
23.26190 10.33400 1.00000
23.25140 10.40490 1.00000
23.23930 10.09310 1.00000
23.19030 11.23130 1.00000
23.21300 10.25240 1.00000
23.14210 11.77710 1.00000
23.11060 12.11190 1.00000
23.17440 10.55570 1.00000
23.12800 12.22610 1.00000
23.17370 11.65180 1.00000
22.88440 16.41660 1.42170
22.94190 15.72300 1.35720
23.20810 11.65970 1.00000
23.14670 12.50490 1.00000
23.15660 11.74410 1.00000
