21.74710 69.00080
21.71180 72.33940
21.66020 77.15590
21.66180 70.65800
21.62990 76.05660
21.46100 86.48230
21.65680 73.67740
21.19510 121.26500
21.70030 77.36910
21.47240 100.44900
21.69800 75.53800
21.64280 75.48240
21.68080 73.81710
21.67000 74.13070
21.69400 71.04800
21.62180 74.65520
21.67710 69.88120
21.61890 73.65310
21.40200 90.10370
21.55490 77.09080
21.30570 96.86400
21.27990 98.25260
21.55640 74.84770
21.32120 94.92530
21.54680 81.30830
21.36060 100.04300
21.38970 99.70520
21.57950 80.91410
21.37350 95.59310
21.47760 85.74760
