#iter           logP0016       logPprior       dS              accept          acceptance      weight          l0000p00spemd    l0000p01spemd    l0000p02spemd    l0000p03spemd    l0000p04spemd    l0000p06spemd    e00001lb01t03p02  e00001lb01t03p03  e00001lb01t03p04  e00001lb01t03p05  e00001lb01t03p06  e00001lb02t01p00  e00001lb02t01p01  e00001lb02t01p02  e00001lb03t01p00  e00001lb03t01p01  e00001lb03t01p02 
#pname          --------       ---------       --              ------          ----------      ------          x-coord          y-coord          b/a              theta            theta_e          gam              unknown          unknown          unknown          unknown          unknown          unknown          unknown          unknown          unknown          unknown          unknown         
2              7.953840e+03    5.522249e+00    3.500000e-01    1               0.333333        3.000000e+00    +3.92242500e+00  +3.90506500e+00  +7.01143000e-01  -1.17769000e+00  +1.49730200e+00  +6.06391000e-01  +9.45845000e-01  +2.02076700e+00  +1.05672000e-01  +2.01703400e+00  +4.67626000e+00  +1.90457100e+00  +3.00725900e+00  +7.91462836e+02  +4.95960300e+00  +4.48016700e+00  +2.01743366e+03 
3              7.954518e+03    5.523417e+00    3.500000e-01    1               0.500000        1.000000e+00    +3.92204986e+00  +3.90547207e+00  +7.02444286e-01  -1.19283481e+00  +1.48604999e+00  +6.05780593e-01  +9.49178118e-01  +2.00432315e+00  +1.05390607e-01  +2.02109888e+00  +4.66353086e+00  +1.90473005e+00  +3.00753285e+00  +7.91015250e+02  +4.95965650e+00  +4.48027452e+00  +2.01795706e+03 
4              7.958068e+03    5.525717e+00    3.500000e-01    1               0.600000        1.000000e+00    +3.92366880e+00  +3.90509674e+00  +7.03689107e-01  -1.19757655e+00  +1.48142316e+00  +6.05942117e-01  +9.48083882e-01  +1.99833362e+00  +1.05136842e-01  +2.02550471e+00  +4.65656730e+00  +1.90496282e+00  +3.00716042e+00  +7.91191592e+02  +4.95973649e+00  +4.47984752e+00  +2.01907896e+03 
5              7.960881e+03    5.529759e+00    3.500000e-01    1               0.666667        1.000000e+00    +3.92564522e+00  +3.90496925e+00  +7.09051320e-01  -1.19255508e+00  +1.46937370e+00  +6.06071489e-01  +9.49651076e-01  +1.99745264e+00  +1.04919022e-01  +2.03585685e+00  +4.63391902e+00  +1.90499165e+00  +3.00728499e+00  +7.89630546e+02  +4.95973613e+00  +4.47973615e+00  +2.02192868e+03 
6              7.959270e+03    5.525941e+00    3.500000e-01    1               0.714286        1.000000e+00    +3.92581754e+00  +3.90420973e+00  +7.07556303e-01  -1.19369086e+00  +1.46491065e+00  +6.06116490e-01  +9.48860517e-01  +2.00122417e+00  +1.05319421e-01  +2.03297980e+00  +4.64135398e+00  +1.90511526e+00  +3.00770565e+00  +7.89297654e+02  +4.95963552e+00  +4.47964933e+00  +2.02102362e+03 
8              7.959722e+03    5.529618e+00    3.500000e-01    1               0.666667        2.000000e+00    +3.92592326e+00  +3.90483092e+00  +7.10030400e-01  -1.20452705e+00  +1.45579406e+00  +6.06417393e-01  +9.49953718e-01  +1.99474814e+00  +1.04808230e-01  +2.03828493e+00  +4.62300382e+00  +1.90537439e+00  +3.00800540e+00  +7.88009231e+02  +4.95969463e+00  +4.47956363e+00  +2.02166158e+03 
9              7.960927e+03    5.543605e+00    3.500000e-01    1               0.700000        1.000000e+00    +3.92792502e+00  +3.90668075e+00  +7.17807534e-01  -1.20962832e+00  +1.44208802e+00  +6.06245034e-01  +9.56770603e-01  +1.97971943e+00  +1.04110787e-01  +2.05555843e+00  +4.56509370e+00  +1.90556204e+00  +3.00814105e+00  +7.86273866e+02  +4.95984645e+00  +4.47975389e+00  +2.02203447e+03 
10             7.962246e+03    5.535704e+00    3.500000e-01    1               0.727273        1.000000e+00    +3.92495441e+00  +3.90637343e+00  +7.18903890e-01  -1.19637109e+00  +1.44015250e+00  +6.06755083e-01  +9.58888398e-01  +1.98598173e+00  +1.03582168e-01  +2.05691347e+00  +4.56197358e+00  +1.90540936e+00  +3.00853576e+00  +7.85593492e+02  +4.95982516e+00  +4.47996123e+00  +2.02362078e+03 
13             7.963070e+03    5.540613e+00    3.500000e-01    1               0.642857        3.000000e+00    +3.92563176e+00  +3.90701774e+00  +7.19013924e-01  -1.20736948e+00  +1.44197559e+00  +6.06153352e-01  +9.56829352e-01  +1.97558077e+00  +1.03472101e-01  +2.05948548e+00  +4.55231521e+00  +1.90574518e+00  +3.00802219e+00  +7.86125872e+02  +4.95976446e+00  +4.47981488e+00  +2.02349895e+03 
