21.16460 5.77180 2.70850
21.16090 5.75390 2.71060
21.17820 5.64140 2.65670
21.17470 5.66330 2.65780
21.17010 5.69290 2.65370
21.17370 5.66580 2.65970
21.18240 5.62160 2.64460
21.19530 5.55970 2.60480
21.17620 5.72310 2.68050
21.17700 5.66670 2.65580
21.19160 5.50870 2.58510
21.17540 5.61680 2.62950
21.18950 5.55830 2.62060
21.17940 5.62360 2.64700
21.18340 5.64420 2.65810
21.17280 5.74210 2.68890
21.14550 5.96620 2.78060
21.15770 5.82230 2.70310
21.14900 5.94630 2.75020
21.16460 5.77960 2.67410
21.17920 5.69610 2.64050
21.16030 5.86180 2.69900
21.15350 5.96130 2.74520
21.14760 5.97030 2.74830
21.13510 6.06890 2.80500
21.15660 5.91660 2.74600
21.16150 5.84810 2.70340
21.13070 6.13890 2.82950
21.12530 6.24230 2.85880
21.12590 6.24230 2.87620
