20.92610 9.12770
20.92440 9.18460
20.93420 9.13750
20.92980 9.16720
20.92200 9.28170
20.92990 9.14710
20.93360 9.23590
20.94100 9.19970
20.93230 9.23120
20.92940 9.22730
20.93260 9.13920
20.92210 9.21370
20.93610 9.15620
20.93010 9.15830
20.93400 9.23270
20.93020 9.20600
20.90830 9.57020
20.91380 9.31490
20.91100 9.45090
20.91340 9.43560
20.92530 9.37450
20.91430 9.42290
20.91510 9.48490
20.91000 9.40880
20.90610 9.46720
20.91840 9.41670
20.91500 9.41160
20.90440 9.50040
20.90500 9.53500
20.90760 9.52790
