21.02880 6.94360
21.03460 6.91610
21.04050 6.85970
21.03980 6.92290
21.05050 6.81370
21.05040 6.79200
21.05370 6.76100
21.05350 6.80950
21.06140 6.67770
21.06060 6.75750
21.06180 6.67800
21.05220 6.76540
21.05690 6.65290
21.06140 6.73010
21.06110 6.63700
21.06140 6.74160
21.06530 6.65780
21.05550 6.76270
21.05730 6.74320
21.05610 6.76770
21.05400 6.75210
21.04880 6.81840
21.05400 6.81200
21.05520 6.70450
21.05180 6.72990
21.04800 6.73550
21.04500 6.76880
21.04350 6.82750
21.04870 6.76800
21.05570 6.65370
