21.17050 5.05470 2.92110
21.18190 4.96020 2.86300
21.18040 5.00590 2.91980
21.18900 4.94480 2.84560
21.18940 4.98570 2.92990
21.18260 5.05070 2.98760
21.18040 5.08720 3.03670
21.19360 4.97500 2.92960
21.19860 4.90270 2.93420
21.21140 4.79330 2.80760
21.20410 4.83060 2.88770
21.18800 4.98540 2.96090
21.18510 4.98700 3.01270
21.21340 4.78290 2.82400
21.19570 4.91300 2.96980
21.20700 4.85830 2.88120
21.19860 4.93960 2.98170
21.19070 5.00760 2.98710
21.21040 4.76900 2.80990
21.20800 4.79560 2.81730
21.20220 4.83070 2.85400
21.18850 4.98410 2.94090
21.19800 4.92600 2.89880
21.19160 4.94080 2.95290
21.18810 4.96850 2.96410
21.18110 5.01190 2.99290
21.17700 5.04750 3.01360
21.17870 5.05010 2.99380
21.18120 5.05020 3.00990
21.18530 4.99440 3.02020
