23.21400 14.35330 1.00000
23.25130 13.19210 1.00000
23.24390 12.65440 1.00000
23.17950 14.43690 1.00000
23.17610 15.12100 1.00000
23.29510 13.04980 1.00000
23.26050 13.84340 1.00000
23.10970 17.36810 1.00000
23.27730 12.63190 1.00000
23.17980 14.97510 1.00000
23.20470 14.37310 1.00000
23.15360 15.90590 1.00000
23.18740 15.07300 1.00000
23.26850 13.17210 1.00000
23.30630 11.83520 1.00000
23.29030 11.75430 1.00000
23.30990 11.27810 1.00000
23.24950 12.24630 1.00000
23.18570 13.91640 1.00000
23.19750 13.83890 1.00000
23.06200 17.32360 1.00000
23.15230 14.78300 1.00000
23.24240 12.47380 1.00000
23.19940 13.47910 1.00000
23.27710 12.29640 1.00000
23.28630 12.18430 1.00000
23.24300 14.31880 1.00000
23.25150 15.07170 1.00000
23.24670 14.42550 1.00000
23.26040 13.93790 1.00000
