21.13080 29.35440
21.12120 29.56340
21.10820 30.06380
21.13320 29.52520
21.11700 30.09260
21.13600 29.84690
21.12860 29.69320
21.13450 29.54050
21.11990 30.01140
21.10660 30.55170
21.09340 30.92200
21.13060 29.93560
21.12390 29.86540
21.11630 30.70310
21.09980 31.56300
21.10080 31.10090
21.07150 31.87460
21.07550 31.43560
21.07070 31.71600
21.04930 32.39970
21.01860 33.57700
21.00360 34.69870
20.98600 35.18440
20.96670 35.88260
20.95840 36.15360
20.96070 35.56630
20.94310 36.14960
20.96940 34.97560
20.98470 35.19340
20.96160 35.80880
