22.44110 34.50430
22.40190 35.02650
22.45610 34.82910
22.57770 29.89070
22.49980 31.22340
22.47910 31.53940
22.43340 32.46940
22.38950 32.92250
22.35400 34.00600
22.33280 35.51170
22.33340 34.93040
22.37410 33.53800
22.36890 33.79630
22.30700 37.35620
22.30140 37.37040
22.31470 37.56960
22.42600 34.12580
22.45360 32.89250
22.41260 33.68690
22.43050 32.61270
22.39800 32.85830
22.38360 33.78540
22.35170 33.14500
22.40370 33.60400
22.39920 35.14450
22.42600 34.93360
22.43990 36.16800
22.50810 33.95310
22.45870 34.60970
22.51600 32.20510
