20.72600 13.31850
20.73780 13.06720
20.73110 13.09110
20.73740 13.03100
20.73910 12.96770
20.72150 13.13880
20.71200 13.18360
20.70940 13.25830
20.70270 13.27930
20.70280 13.29130
20.70200 13.23590
20.69510 13.24110
20.69900 13.24560
20.70830 13.09250
20.70070 13.21970
20.69930 13.22420
20.67730 13.66470
20.68330 13.60440
20.67790 13.64720
20.67750 13.60650
20.69470 13.37700
20.70220 13.37040
20.70660 13.30300
20.70770 13.23640
20.71240 13.18130
20.70670 13.29940
20.71230 13.27640
20.69940 13.41330
20.71540 13.20240
20.70980 13.29910
