22.81730 9.62980 1.00000
22.73620 10.32070 1.00000
22.80010 9.83650 1.00000
22.82640 9.57180 1.00000
22.81950 9.59070 1.00000
22.73160 10.44350 1.00000
22.81380 9.70930 1.00000
22.75140 10.31810 1.00000
22.73650 10.43680 1.00000
22.73030 10.58020 1.00000
22.76780 10.18070 1.00000
22.77420 10.37670 1.00000
22.78630 10.29160 1.00000
22.76680 10.35420 1.00000
22.75250 10.40970 1.00000
22.72020 10.54070 1.00000
22.74390 10.46820 1.00000
22.75240 10.31770 1.00000
22.72530 10.49330 1.00000
22.73270 10.35400 1.00000
22.74560 10.60320 1.00000
22.74830 10.31110 1.00000
22.75340 10.31650 1.00000
22.76320 10.47390 1.00000
22.70450 10.91850 1.00000
22.70260 10.78400 1.00000
22.72320 10.75060 1.00000
22.70470 10.79530 1.00000
22.81370 9.88900 1.00000
22.83410 9.57190 1.00000
