22.11260 20.59910
22.06880 21.48140
22.09770 20.98080
22.13510 20.26210
22.12480 20.34440
22.05140 22.06830
22.09860 20.84290
22.06620 21.85450
22.05090 22.07470
22.05360 22.18200
22.09800 21.13910
22.03620 22.55170
22.05150 22.29340
22.02720 22.55320
22.01170 22.73410
22.02790 22.38970
21.99050 23.09310
22.07030 21.68290
22.03270 22.22610
22.03170 22.03720
21.98150 23.44570
22.05630 21.68940
22.06660 21.66090
22.00340 23.10160
21.98530 23.55660
22.00360 22.85600
22.02410 22.60260
21.99970 22.96770
22.08080 21.43690
22.12090 20.59250
