22.70310 44.57470
22.67380 46.03200
22.68880 45.65030
22.77330 43.57150
22.80220 42.85610
22.87700 39.26430
22.84430 39.79910
22.83080 39.72140
22.79680 41.23900
22.89000 39.75240
22.89010 38.62050
22.79450 43.75520
22.75630 45.91250
22.79110 44.97680
22.82220 41.95030
22.75410 46.03860
22.74580 46.69600
22.77720 44.66170
22.75870 44.83330
22.85690 40.08340
22.92980 40.07870
22.93780 38.57500
22.95850 38.33260
22.83410 42.67680
22.86420 41.53730
22.90810 39.72840
22.89840 40.83150
22.85630 41.86320
22.87340 38.96900
22.83190 41.39410
