21.77920 12.44060
21.83090 11.56730
21.79200 12.03210
21.82170 11.53850
21.82800 11.39390
21.82600 11.58660
21.83430 11.41980
21.84200 11.39150
21.82540 11.65560
21.83880 11.45370
21.82020 11.66530
21.80880 11.81640
21.77380 12.35950
21.78770 12.18440
21.77410 12.56540
21.76480 12.74030
21.74760 12.94920
21.77050 12.67350
21.79740 12.25420
21.83420 11.51110
21.83020 11.61720
21.83210 11.53350
21.82400 11.50700
21.83370 11.50040
21.78960 12.31850
21.76390 12.61140
21.75650 12.84480
21.74710 13.13940
21.78100 12.44910
21.77140 12.60180
