22.24050 9.04630
22.22740 9.05470
22.21170 9.18000
22.14600 9.74700
22.14750 9.76480
22.12770 9.85080
22.13370 9.74250
22.16010 9.50350
22.09530 10.14950
22.15730 9.70550
22.11360 10.12100
22.10090 10.24340
22.06340 10.60190
22.10920 10.29980
22.08050 10.58110
22.06570 10.66160
22.07620 10.60280
22.11280 10.52380
22.08270 10.59860
22.06450 10.77150
22.06920 10.77050
22.16460 9.99320
22.16580 10.02910
22.08840 10.72830
22.08740 10.70460
22.06270 10.79920
22.08390 10.56420
22.04750 10.67970
22.07310 10.44290
22.10830 9.90890
