22.48300 6.33710 1.00000
22.46180 6.40460 1.00000
22.45310 6.47780 1.00000
22.40670 6.76440 1.00000
22.40980 6.76950 1.00000
22.39590 6.80880 1.00000
22.40620 6.71820 1.00000
22.42490 6.59970 1.00000
22.38030 6.92300 1.00000
22.41490 6.76640 1.00000
22.38700 6.97970 1.00000
22.38140 7.03000 1.00000
22.35100 7.23170 1.00620
22.38590 7.06490 1.00000
22.36280 7.24380 1.01850
22.34970 7.29990 1.02570
22.35790 7.25740 1.01950
22.38330 7.26090 1.04610
22.35960 7.28720 1.03950
22.34240 7.41950 1.06670
22.34670 7.40690 1.05550
22.42260 6.96860 1.03920
22.42470 6.96670 1.02620
22.36110 7.38890 1.06850
22.35900 7.38620 1.07130
22.34160 7.40750 1.05960
22.35800 7.29310 1.06220
22.33190 7.33620 1.04920
22.35580 7.16740 1.02780
22.38730 6.82900 1.00000
