20.83780 18.72560
20.81540 19.18320
20.80970 19.36270
20.79910 19.41510
20.79490 19.67460
20.79680 19.82460
20.78510 19.96420
20.77900 20.01210
20.83830 19.03450
20.84970 18.80030
20.83870 18.89920
20.82200 19.09600
20.77020 20.10200
20.79270 19.79910
20.81120 19.41450
20.80990 19.62660
20.79230 19.80800
20.81640 19.36780
20.82750 18.99100
20.77030 19.91470
20.83330 19.00700
20.83650 18.91530
20.78700 19.76000
20.78540 19.70390
20.79660 19.59120
20.80060 19.43470
20.80070 19.26950
20.77850 19.57510
20.80870 19.07100
20.84330 18.28610
