21.15490 11.30640 3.00810
21.10700 12.09380 3.10040
21.09490 12.34030 3.12730
21.08690 12.32630 3.12150
21.04300 13.31160 3.24750
21.06290 13.03660 3.20140
21.02090 13.77600 3.29260
20.97060 14.81160 3.42450
21.12260 12.12480 3.11960
21.16990 11.29480 3.00240
21.14060 11.70380 3.05850
21.07790 12.73460 3.21110
20.89930 16.41230 3.61370
21.03020 13.61630 3.27850
21.07750 12.74350 3.18370
21.09230 12.56720 3.14180
21.03890 13.43520 3.25290
21.13800 11.64180 3.00780
21.24200 9.83460 2.69550
21.03240 13.18800 3.20880
21.16350 11.25180 2.96990
21.17030 11.12600 2.95560
21.04540 13.13910 3.22240
21.04940 13.00110 3.19850
21.10860 11.97560 3.04810
21.20430 10.24770 2.76050
21.20630 10.14830 2.73930
21.09950 11.79650 3.01920
21.16700 10.80090 2.88560
21.24530 9.63450 2.71170
