23.53460 7.95060
23.57570 7.95060
23.61030 7.95060
23.56990 7.95060
23.52740 7.95060
23.52750 7.95060
23.49460 7.95060
23.47500 7.95060
23.48180 7.95060
23.50800 7.95060
23.48580 7.95060
23.46960 7.95060
23.47830 7.95060
23.47070 7.95060
23.48780 7.95060
23.52880 7.95060
23.51430 7.95060
23.48350 7.95060
23.53970 7.95060
23.54350 7.95060
23.56850 7.95060
23.56650 7.95060
23.58080 7.95060
23.50400 7.95060
23.50810 7.95060
23.49960 7.95060
23.51600 7.95060
23.51570 7.95060
23.43810 7.95060
23.48330 7.95060
