20.99820 17.73550
21.01260 17.49560
21.00380 17.62690
21.00710 17.57670
20.99750 17.74020
21.00630 17.58490
20.99830 17.76640
20.98140 18.10560
20.97430 18.06880
20.97230 18.11240
20.99120 17.77600
21.00090 17.62680
20.98430 18.07680
20.97440 18.23680
20.96480 18.44610
20.96430 18.21900
20.95970 18.23060
20.94920 18.28340
20.95050 18.33570
20.94380 18.47290
20.94500 18.36710
20.92320 18.75300
20.93340 18.69050
20.93730 18.73750
20.94100 18.44200
20.97510 17.97780
20.97800 17.97790
20.98580 17.59210
20.99010 17.43180
20.95780 17.95630
