21.52630 9.66010 1.00000
21.53790 9.56250 1.00000
21.52900 9.62480 1.00000
21.53090 9.57790 1.00000
21.58720 9.15900 1.00000
21.53020 9.59720 1.00000
21.52680 9.68260 1.00000
21.51010 9.90870 1.00000
21.50030 9.91060 1.00000
21.50120 9.91990 1.00000
21.57290 9.32170 1.00000
21.52600 9.68330 1.00000
21.51470 9.89730 1.00000
21.50750 9.96670 1.00000
21.50690 10.05150 1.00000
21.50190 9.92190 1.00000
21.49830 9.96820 1.00000
21.49080 9.95930 1.00000
21.48210 10.01370 1.00000
21.54610 9.56930 1.00000
21.54480 9.51770 1.00000
21.46160 10.24910 1.00000
21.53870 9.67470 1.00000
21.48650 10.17120 1.00000
21.48400 9.97960 1.00000
21.56660 9.36300 1.00000
21.50030 9.86230 1.00000
21.51430 9.60150 1.00000
21.51680 9.52750 1.00000
21.49110 9.76400 1.00000
