22.01520 6.98870 1.98230
21.98870 7.27250 2.05190
21.99690 7.23140 2.04390
21.99900 7.18090 2.01930
21.98710 7.36850 2.06860
21.96850 7.66620 2.13320
21.93180 8.09270 2.23320
21.94880 7.95250 2.20020
21.94550 8.09410 2.23650
21.98280 7.65060 2.13600
21.98570 7.52470 2.09690
21.99910 7.41470 2.07100
22.00170 7.36890 2.04860
21.99600 7.40420 2.06960
22.01230 7.23620 2.02060
21.97690 7.58440 2.10080
22.01080 7.21510 2.02430
21.98110 7.56860 2.12260
21.97940 7.62330 2.12920
22.01400 7.20060 2.02450
21.94760 7.91810 2.19770
21.98940 7.43310 2.06600
21.96210 7.73660 2.14630
22.00950 7.14860 1.96880
21.98660 7.30260 2.01480
22.00310 7.13340 1.96130
21.99560 7.23190 1.99620
21.95640 7.70490 2.11190
21.91400 8.24110 2.26720
21.91750 8.27280 2.28000
