21.55740 15.89830
21.52660 16.59310
21.53480 16.51460
21.53430 16.50710
21.52670 16.71640
21.51340 17.15010
21.48810 17.57200
21.50250 17.49770
21.50290 17.60070
21.52830 17.13720
21.52490 17.15590
21.53990 16.89120
21.53780 16.86800
21.54200 16.67240
21.54370 16.78000
21.51380 17.20790
21.54570 16.70500
21.52730 17.00380
21.52480 17.08720
21.54900 16.64320
21.49930 17.40170
21.52610 16.96250
21.50630 17.23050
21.53430 16.73010
21.51200 17.03130
21.52910 16.69590
21.52600 16.84950
21.49350 17.37320
21.47540 17.65110
21.48310 17.59360
