23.11810 8.19360
23.04490 8.95210
23.06660 8.82200
23.15160 7.98700
23.08180 8.60740
23.22780 7.61190
23.11250 8.57880
23.16610 8.16560
23.13460 8.31610
23.12650 8.54080
23.17070 8.15130
23.14160 8.30180
23.20630 7.82570
23.17480 8.09770
23.07960 8.86540
23.14810 8.31270
23.17630 8.08080
23.09940 8.61050
23.11920 8.41620
23.06620 8.67640
23.20720 7.70730
23.23110 7.63110
23.24320 7.50460
23.20960 7.74710
23.22380 7.60860
23.22130 7.53320
23.22590 7.65670
23.21030 7.71960
23.10210 8.38050
23.13880 8.08340
