20.75550 17.23500
20.74910 17.23510
20.75420 17.15480
20.73960 17.35710
20.73180 17.40710
20.72900 17.46970
20.73100 17.45040
20.73090 17.50590
20.72840 17.52320
20.72830 17.48840
20.72720 17.47800
20.72150 17.57820
20.72030 17.59970
20.72040 17.54630
20.71640 17.65900
20.71360 17.76090
20.71790 17.67590
20.71970 17.60010
20.72960 17.47040
20.74270 17.24020
20.75490 17.16980
20.74320 17.30140
20.74590 17.23810
20.74230 17.26860
20.73650 17.36870
20.74370 17.31540
20.74780 17.27410
20.75900 17.07650
20.77080 16.97450
20.77060 16.98790
