23.65130 6.87950
23.94590 6.87950
23.77350 6.87950
23.64580 6.87950
23.91020 6.87950
24.16540 6.87950
24.16920 6.87950
23.93430 6.87950
24.14500 6.87950
23.60640 6.87950
23.69420 6.87950
23.58250 6.87950
23.86810 6.87950
23.81990 6.87950
23.69950 6.87950
23.75900 6.87950
23.99030 6.87950
23.80750 6.87950
23.74960 6.87950
23.55410 6.87950
23.58730 6.87950
23.55330 6.87950
23.62450 6.87950
23.54260 6.87950
23.58650 6.87950
23.65590 6.87950
23.52160 6.87950
23.55220 6.87950
23.61020 6.87950
23.58350 6.87950
