21.05290 18.55590
21.04090 18.51960
21.02490 18.88930
21.01060 19.36200
21.00210 19.62700
20.99530 19.70890
20.98000 19.98190
20.96290 19.98780
20.95100 20.45270
20.96450 20.19670
20.97300 19.75190
20.99200 19.29530
20.99480 19.19020
20.98300 19.84590
20.96750 19.74190
20.98030 19.66480
20.97870 19.56060
20.99820 19.42130
20.98880 19.66600
20.98280 19.66800
20.96070 20.16570
20.95220 20.18360
20.96280 19.77120
20.95490 19.92170
20.97480 19.65320
20.99000 19.04040
20.96310 19.64670
20.97960 19.35520
20.96800 19.57790
20.99900 18.73550
