21.54490 7.54260 1.91970
21.52920 7.68130 1.95530
21.51170 7.89860 1.99770
21.49900 8.02210 2.00740
21.48930 8.18230 2.04460
21.49110 8.09580 2.01790
21.47010 8.30690 2.05950
21.44500 8.57930 2.11140
21.43140 8.77020 2.15020
21.44680 8.56480 2.11900
21.45200 8.52830 2.11340
21.47660 8.20630 2.05700
21.47590 8.21220 2.06440
21.47100 8.32100 2.08510
21.44400 8.60880 2.15280
21.46670 8.29930 2.09120
21.45910 8.42000 2.10030
21.49190 8.05390 2.02830
21.48060 8.20790 2.05910
21.47320 8.27330 2.06330
21.44440 8.61520 2.13610
21.43450 8.71430 2.16770
21.44250 8.57090 2.13640
21.43170 8.68990 2.15970
21.46050 8.33670 2.09840
21.47150 8.13470 2.06340
21.43800 8.56480 2.13390
21.45910 8.34300 2.10080
21.45050 8.36280 2.08570
21.47520 8.06940 2.04400
