22.64490 6.69620 1.48940
22.71310 6.17290 1.28490
22.72470 6.08490 1.27300
22.75450 5.91210 1.21200
22.75520 5.90110 1.20370
22.76220 5.98770 1.21210
22.76770 5.91940 1.16780
22.73670 6.23690 1.23920
22.71740 6.29030 1.24060
22.73790 6.21850 1.20680
22.73630 6.27030 1.25390
22.76430 6.18090 1.22370
22.76260 6.13590 1.22700
22.72130 6.31820 1.27960
22.75140 6.22140 1.25810
22.79860 6.07140 1.21120
22.79800 6.07620 1.20370
22.79070 6.08490 1.21170
22.77270 6.13060 1.23410
22.73000 6.32690 1.28530
22.72510 6.37730 1.29560
22.74140 6.40530 1.27750
22.72640 6.48840 1.29760
22.76050 6.38510 1.25650
22.78680 6.15900 1.16100
22.77110 6.38950 1.25040
22.77340 6.33270 1.24230
22.72080 6.51540 1.32520
22.74640 6.29740 1.27160
22.76960 6.18600 1.24120
