22.07580 18.67040
22.15250 17.70700
22.16800 17.43780
22.22550 16.64800
22.22040 16.70280
22.23940 16.84410
22.24010 17.04520
22.17930 18.08500
22.14610 18.36750
22.18470 17.98440
22.18040 18.01660
22.23210 17.50740
22.23060 17.37130
22.15440 18.18220
22.20250 17.77800
22.27920 17.07800
22.28080 17.15010
22.26820 17.22300
22.23990 17.41350
22.16220 18.29010
22.15250 18.43000
22.17290 18.50830
22.14980 18.79470
22.20650 18.38700
22.25680 17.70000
22.21420 18.48870
22.21880 18.33170
22.14370 18.81170
22.18870 18.06480
22.23600 17.44700
