22.62990 6.48160 1.10620
22.62300 6.57490 1.12110
22.61580 6.62470 1.14130
22.63870 6.41120 1.08310
22.62940 6.48070 1.10320
22.64040 6.47410 1.08350
22.65470 6.41980 1.07040
22.67120 6.33620 1.04070
22.67230 6.24860 1.04400
22.66370 6.43660 1.06180
22.63320 6.68820 1.12730
22.60330 6.85620 1.17620
22.62790 6.57170 1.13150
22.61430 6.65580 1.15030
22.63170 6.51950 1.12680
22.59640 6.71880 1.18350
22.58090 6.85000 1.21270
22.61720 6.62090 1.13760
22.64480 6.45360 1.09380
22.62240 6.65570 1.13960
22.63870 6.51900 1.10400
22.62740 6.55890 1.11460
22.62330 6.58000 1.11660
22.63250 6.58810 1.11500
22.62900 6.57150 1.11590
22.61710 6.71180 1.13840
22.59910 6.82560 1.16860
22.59130 6.83600 1.17820
22.57580 6.94720 1.20720
22.55300 7.06660 1.24020
