21.86220 21.98360
21.84580 22.46510
21.84240 22.53590
21.88340 21.50570
21.86770 21.79890
21.87960 21.75240
21.90610 21.43770
21.93200 21.08070
21.95330 20.27360
21.91320 21.57600
21.86060 22.87640
21.81390 23.70860
21.87210 22.19030
21.84800 22.64810
21.86680 22.23240
21.81560 22.99680
21.79350 23.61250
21.84210 22.67010
21.88620 21.82730
21.83660 23.05020
21.86980 22.20370
21.85550 22.30530
21.84420 22.45920
21.86180 22.32980
21.86960 22.09440
21.83970 22.85990
21.81250 23.53640
21.80050 23.62480
21.77310 24.18520
21.73840 24.69860
