21.98140 14.03410
21.94240 14.42960
21.95810 14.38150
21.94230 14.55780
21.96220 14.51270
21.93900 14.58750
21.94790 14.34520
21.97540 13.89290
21.99370 13.82670
21.95250 14.28910
21.99840 13.73100
22.00300 13.69150
21.96220 14.15530
21.91830 14.90860
21.94930 14.44810
21.96530 14.13990
21.99690 13.84560
22.01870 13.53590
22.03280 13.41700
22.04250 13.42770
22.03590 13.48160
22.03880 13.41010
22.04410 13.43540
22.04180 13.41610
22.02910 13.54940
22.02410 13.65210
22.05490 13.26500
22.03460 13.46410
22.04780 13.41120
22.01900 13.76010
