22.84940 10.78710 1.00000
22.86870 10.43050 1.00000
22.82840 10.79860 1.00000
22.86610 10.16040 1.00000
22.81490 11.04520 1.00000
22.81930 10.71680 1.00000
22.80310 9.56730 1.00000
22.80960 9.46000 1.00000
22.82400 9.23090 1.00000
22.85730 8.91650 1.00000
22.85130 8.95890 1.00000
22.86240 9.07700 1.00000
22.85310 9.16360 1.00000
22.84560 9.14030 1.00000
22.80970 9.44970 1.00000
22.82300 10.45370 1.00000
22.83300 10.35180 1.00000
22.87530 9.75720 1.00000
22.89400 9.82700 1.00000
22.92450 9.72170 1.00000
22.91950 10.12850 1.00000
22.92670 9.97430 1.00000
22.88980 9.71170 1.00000
22.86790 9.75390 1.00000
22.84780 10.45820 1.00000
22.89110 10.00610 1.00000
22.94360 9.97620 1.00000
22.97450 9.35020 1.00000
22.94880 9.43170 1.00000
22.96760 9.39240 1.00000
