22.27030 19.68060
22.29960 18.90150
22.24910 19.73570
22.30500 18.30840
22.22740 19.96550
22.24210 19.46140
22.24300 18.04990
22.25130 17.78010
22.27280 17.32970
22.31760 16.72300
22.30730 16.84150
22.31500 17.19490
22.29840 17.43760
22.29040 17.48680
22.23610 18.15390
22.23530 19.60580
22.24810 19.47640
22.31050 18.19080
22.32080 18.31080
22.35800 18.08160
22.33850 19.08850
22.35000 18.86430
22.31530 18.32590
22.28980 18.38820
22.24090 19.95900
22.30780 18.90790
22.36270 18.67400
22.42250 17.30880
22.40150 17.52960
22.41550 17.55930
