21.10140 10.86840
21.04710 11.24210
21.07940 10.94520
21.07130 10.97840
21.06250 11.13730
21.06440 11.10140
21.12680 10.66930
21.04730 11.23460
21.14290 10.51410
21.05410 11.21150
21.10770 10.61400
21.07470 10.97580
21.06150 11.18280
21.04550 11.34440
21.03520 11.38950
21.05180 11.18050
21.04970 11.14990
21.05260 11.05480
21.06300 11.00810
21.05630 11.05840
21.06630 11.12190
21.04350 11.20940
21.05030 11.16830
21.08910 10.80450
21.05190 11.08850
21.06290 10.98130
21.07800 10.87850
21.08140 10.88500
21.09540 10.71550
21.09030 10.81620
