20.27300 17.00220
20.26380 17.16640
20.26540 17.11220
20.26850 17.00590
20.27490 16.80950
20.27110 16.82800
20.27350 16.84050
20.27940 16.74410
20.28110 16.61880
20.27860 16.78150
20.27570 16.79920
20.28360 16.54130
20.27490 16.83450
20.28430 16.44550
20.28100 16.76800
20.27590 16.79010
20.27710 16.69890
20.28280 16.60380
20.27400 16.77410
20.26780 16.99660
20.27100 16.93420
20.27260 16.75670
20.28320 16.61270
20.29130 16.45980
20.29390 16.50790
20.28050 16.75120
20.28180 16.71880
20.28110 16.72350
20.28220 16.68320
20.28590 16.64280
