20.77880 7.00110 2.10740
20.77200 7.06070 2.11640
20.77210 7.06680 2.11360
20.77150 7.07250 2.12000
20.77330 7.04550 2.11670
20.77210 7.03990 2.11520
20.78300 6.92120 2.07990
20.78730 6.87730 2.07800
20.78520 6.87940 2.08160
20.78400 6.92110 2.09410
20.77910 6.94900 2.10010
20.78310 6.90770 2.08720
20.78360 6.90000 2.07930
20.78670 6.85870 2.07210
20.79550 6.79100 2.05270
20.78980 6.81810 2.05950
20.77810 6.95100 2.09080
20.78490 6.88950 2.07990
20.78390 6.85770 2.07350
20.78880 6.80610 2.06820
20.78510 6.85850 2.07450
20.78360 6.85070 2.07210
20.79610 6.75030 2.04900
20.79320 6.79870 2.07130
20.80260 6.73000 2.04670
20.79060 6.83770 2.06790
20.78820 6.87380 2.07410
20.79470 6.78710 2.05520
20.79240 6.80300 2.06110
20.79360 6.81480 2.06180
