23.85060 10.16670
23.75850 10.61180
23.74500 10.87240
23.58050 13.31370
23.47940 14.30090
23.46730 14.44230
23.74350 10.26690
23.71680 11.54220
23.63230 12.42390
23.53360 14.37990
23.52370 11.92820
23.30750 16.12260
23.33230 15.85880
23.16310 19.80270
23.14790 19.37870
22.76310 32.79160
23.56250 14.28220
23.46540 14.98890
23.54410 14.85770
23.55700 14.27370
23.75330 11.83460
23.86620 10.84980
24.00760 10.17350
24.01850 10.10950
23.75380 10.81880
23.76800 10.05010
23.64960 11.02700
23.71170 11.58560
23.77790 11.48670
23.74930 11.90470
