23.81090 10.97130 2.23030
23.68870 12.05730 2.35980
23.63140 13.33950 2.56740
22.81570 45.15650 4.00000
22.27940 89.74420 4.00000
22.58770 56.11270 4.00000
23.72470 10.63220 2.09920
23.12660 32.81280 4.00000
22.74090 54.08990 4.00000
22.32790 90.78050 4.00000
22.92330 31.06270 4.00000
23.24520 17.51920 2.22920
22.45120 54.58420 4.00000
21.97580 89.67150 4.00000
22.85130 27.94910 2.76080
21.11010 220.83400 4.00000
21.65770 177.87000 4.00000
23.65070 12.02200 1.80610
23.25510 21.68520 2.66400
21.34000 216.35900 4.00000
23.83370 10.55100 1.78100
24.07640 7.99850 1.34150
24.28240 6.62710 1.00000
24.29990 6.39440 1.00000
23.73900 11.07140 2.03830
23.87370 8.54960 1.68170
22.00630 108.09800 4.00000
23.76280 10.78450 1.86580
23.99430 8.52750 1.36760
23.98060 8.59340 1.36580
