21.24840 6.72900
21.24740 6.72900
21.24160 6.72900
21.23640 6.72900
21.25070 6.72900
21.24790 6.72900
21.25030 6.72900
21.24990 6.72900
21.25560 6.72900
21.24430 6.72900
21.24620 6.72900
21.24960 6.72900
21.25890 6.72900
21.25430 6.72900
21.25400 6.72900
21.25430 6.72900
21.25600 6.72900
21.25920 6.72900
21.26310 6.72900
21.26640 6.72900
21.25970 6.72900
21.26170 6.72900
21.25950 6.72900
21.25710 6.72900
21.26310 6.72900
21.26310 6.72900
21.25850 6.72900
21.25900 6.72900
21.26230 6.72900
21.26100 6.72900
