23.00960 7.88930 1.27360
22.98170 8.04370 1.32140
22.99630 7.78140 1.27740
22.95760 7.88710 1.29880
23.03050 7.11650 1.12070
23.01930 7.19050 1.13700
22.97860 8.05490 1.30090
23.03490 7.55830 1.17240
23.01530 7.53090 1.19050
22.89350 8.86830 1.42510
22.94470 8.88110 1.41180
22.95900 8.77540 1.39720
22.88890 9.17760 1.46680
22.97460 8.54950 1.34500
23.02400 8.17830 1.26660
23.00830 8.44880 1.29590
22.99350 8.55270 1.31750
22.90620 8.76220 1.40840
22.87590 9.03470 1.44700
22.87800 9.39830 1.48320
22.84310 9.49070 1.50120
22.89560 9.31880 1.45280
22.94700 8.64200 1.31570
22.81350 10.01730 1.58480
22.93850 8.85910 1.34740
22.94940 8.67210 1.32300
22.93510 8.62740 1.30400
22.95930 8.19260 1.24630
23.01740 8.01220 1.18920
23.03460 8.08500 1.15510
