22.18290 28.53530
22.15450 28.89770
22.17340 27.95360
22.12090 28.57770
22.21320 25.55910
22.19000 26.09910
22.12360 29.71390
22.18720 28.02470
22.17110 27.70060
22.01160 32.91870
22.08730 32.27710
22.10200 31.87090
22.01240 33.64290
22.11610 31.07850
22.18070 29.62770
22.14920 30.95630
22.13420 31.00600
22.04360 31.69770
21.99680 33.05350
22.00560 33.97840
21.96800 34.25270
21.99520 35.14480
22.06870 32.28230
21.92850 36.10560
22.03950 33.51600
22.07080 32.16520
22.03920 32.71620
22.06350 31.13270
22.14320 29.81500
22.15600 30.46750
