21.91280 9.14790 1.00000
21.91100 9.13590 1.00000
21.96180 8.72010 1.00000
21.92050 8.93790 1.00000
21.91160 9.17810 1.00000
21.89960 9.36720 1.00000
21.91040 9.20350 1.00000
21.89520 9.50160 1.00000
21.96750 8.65390 1.00000
21.89460 9.50030 1.00000
21.90860 9.38030 1.00000
21.91460 9.70440 1.00000
21.91770 9.76800 1.00000
21.91750 9.81180 1.00000
21.91660 9.25540 1.00000
21.91360 9.26750 1.00000
21.90800 9.39950 1.00000
21.93150 9.48990 1.00000
21.89890 9.49450 1.00000
21.89670 10.04170 1.00000
21.87390 10.66160 1.00000
21.84810 11.18030 1.00000
21.85720 10.77130 1.00000
21.86330 10.51660 1.00000
21.88680 9.93730 1.00000
21.86300 10.38900 1.00000
21.86510 10.36590 1.00000
21.87330 10.40210 1.00000
21.86680 10.38290 1.00000
21.89590 9.82600 1.00000
