21.50440 14.72810
21.50180 14.72810
21.51460 14.72810
21.50600 14.72810
21.50410 14.72810
21.49530 14.72810
21.50360 14.72810
21.49970 14.72810
21.51330 14.72810
21.49760 14.72810
21.50440 14.72810
21.49270 14.72810
21.50000 14.72810
21.49720 14.72810
21.50970 14.72810
21.50870 14.72810
21.50500 14.72810
21.50500 14.72810
21.50220 14.72810
21.48900 14.72810
21.48630 14.72810
21.48610 14.72810
21.46880 14.72810
21.46540 14.72810
21.47630 14.72810
21.46450 14.72810
21.46480 14.72810
21.47480 14.72810
21.46790 14.72810
21.48450 14.72810
