23.44580 9.97160 1.00000
23.43400 9.91800 1.00000
23.43070 9.97760 1.00000
23.40730 10.78910 1.00000
23.39210 10.24930 1.00000
23.38430 10.26650 1.00000
23.41100 10.37650 1.00000
23.42570 9.86030 1.00000
23.42950 9.82710 1.00000
23.43850 9.87190 1.00000
23.42250 10.23470 1.00000
23.45580 10.07890 1.00000
23.45950 10.36910 1.00000
23.45230 10.52350 1.00000
23.45120 10.61560 1.00000
23.47090 11.17260 1.00000
23.47020 10.75150 1.00000
23.45140 10.76880 1.00000
23.46500 10.82210 1.00000
23.49200 11.28260 1.00000
23.47190 10.87430 1.00000
23.46980 10.38750 1.00000
23.45850 10.15860 1.00000
23.45520 9.89250 1.00000
23.44050 10.14880 1.00000
23.47510 9.82710 1.00000
23.47890 9.92690 1.00000
23.43720 10.01990 1.00000
23.42340 10.21570 1.00000
23.43420 9.86100 1.00000
