20.63960 21.23750
20.63520 21.43760
20.65870 20.49490
20.64490 20.89180
20.65010 20.94910
20.66430 20.26530
20.63480 21.17510
20.60990 21.79150
20.62940 21.45440
20.62530 21.49740
20.65100 20.88420
20.64800 21.05710
20.64340 21.20640
20.62260 22.08810
20.63200 21.84410
20.61740 22.14330
20.61820 21.92810
20.60750 22.86270
20.59120 22.62420
20.58600 22.73640
20.56650 23.24600
20.57150 22.80480
20.55130 23.17210
20.53660 23.78590
20.54160 23.74540
20.57390 23.61200
20.59510 23.31670
20.56100 24.08440
20.56400 24.08190
20.52370 24.28190
