21.19480 8.69410 2.21670
21.20260 8.59090 2.19080
21.23490 8.05480 2.10810
21.21500 8.28610 2.15420
21.23430 8.04050 2.09610
21.23660 8.17380 2.11720
21.20730 8.41070 2.17420
21.17540 8.79490 2.25340
21.19340 8.63740 2.20490
21.20820 8.38980 2.16300
21.23400 8.14180 2.10150
21.23230 8.19270 2.10870
21.21530 8.40380 2.15400
21.19240 8.84200 2.21260
21.20330 8.71750 2.19040
21.18260 8.92670 2.23370
21.16620 9.13260 2.28370
21.20320 8.82800 2.16370
21.12000 9.74040 2.37860
21.09560 10.10650 2.44110
21.07260 10.44160 2.48870
21.06930 10.37290 2.48830
21.01990 11.06690 2.59360
21.02740 10.98940 2.55740
21.03950 10.84270 2.52860
21.14030 9.63630 2.29500
21.16140 9.49680 2.26100
21.11780 10.03880 2.33880
21.14290 9.65440 2.27430
21.00300 11.45690 2.60090
