23.21150 13.50910 1.00000
23.23520 12.68350 1.00000
23.22850 12.19210 1.00000
23.17880 13.66960 1.00000
23.17740 14.13140 1.00000
23.27490 12.17700 1.00000
23.25250 12.99790 1.00000
23.11380 16.96000 1.00000
23.25890 12.21810 1.00000
23.17740 14.05840 1.00000
23.19780 13.38490 1.00000
23.17040 14.58060 1.00000
23.19070 13.69600 1.00000
23.24840 12.25580 1.00000
23.26880 11.20050 1.00000
23.25540 11.19580 1.00000
23.27120 10.80900 1.00000
23.22910 11.79280 1.00000
23.17950 13.35860 1.00000
23.19050 13.33850 1.00000
23.07010 16.65550 1.00000
23.15210 14.34580 1.00000
23.22920 12.20150 1.00000
23.19020 13.08570 1.00000
23.25340 11.84580 1.00000
23.26370 11.77600 1.00000
23.23310 13.38040 1.00000
23.24780 13.96020 1.00000
23.23910 13.68860 1.00000
23.25000 13.26340 1.00000
