22.44130 29.50840
22.50930 27.01450
22.52280 25.55640
22.39360 30.26840
22.38200 31.06080
22.59130 24.73040
22.51850 27.25360
22.18670 40.74440
22.54010 26.43170
22.37150 31.57620
22.43660 28.86500
22.36730 31.82850
22.42570 29.37600
22.56430 24.85790
22.62020 22.93070
22.59670 23.22130
22.64030 22.12660
22.54090 24.73830
22.39760 29.83440
22.42160 29.05000
22.12960 41.20560
22.32770 32.65310
22.50930 26.46170
22.40290 29.89350
22.55330 25.27570
22.57150 24.90950
22.46890 28.68770
22.48480 29.20340
22.47440 28.89260
22.51270 27.32020
