23.13740 4.77570
23.10080 4.91670
23.18290 4.57510
23.15600 4.64630
23.15540 4.69460
23.12320 4.85920
23.13810 4.86370
23.17720 4.61840
23.19270 4.75920
23.18610 4.69120
23.18780 4.73670
23.14230 4.86290
23.18260 4.84790
23.19130 4.77490
23.14780 5.02390
23.05490 5.51470
23.06660 5.33630
23.14690 5.03710
23.16390 4.99480
23.18020 4.87740
23.18540 4.86270
23.13620 4.99530
23.08730 5.27160
23.06550 5.45940
23.03960 5.64600
23.12970 5.10580
23.10750 5.25110
23.13970 5.09910
23.19440 4.87140
23.14300 5.03830
