21.55520 109.10600
21.21040 156.13800
20.79000 222.07700
22.38900 53.51940
21.55720 107.80800
21.59900 106.15500
22.23780 65.48940
21.21780 148.33800
21.22690 129.77200
21.06250 154.67800
21.31960 130.80100
21.36260 126.07200
21.23370 132.07900
21.29880 114.50600
21.57150 96.74520
22.12470 61.01700
21.24390 132.85000
21.78730 85.10270
21.32510 119.54800
21.70400 80.62240
21.50310 109.78800
21.29830 127.20900
21.13340 139.51100
21.37940 130.79300
21.18530 142.98500
21.17810 148.02400
20.71930 190.04900
21.52010 113.33400
21.87960 82.12080
21.30650 133.72400
