22.75420 17.55100
22.77800 17.55100
22.81980 17.55100
22.78870 17.55100
22.77540 17.55100
22.79800 17.55100
22.78470 17.55100
22.78760 17.55100
22.77990 17.55100
22.78770 17.55100
22.79480 17.55100
22.81450 17.55100
22.78340 17.55100
22.79220 17.55100
22.80740 17.55100
22.79230 17.55100
22.76910 17.55100
22.79840 17.55100
22.76760 17.55100
22.76930 17.55100
22.76720 17.55100
22.76680 17.55100
22.76290 17.55100
22.77600 17.55100
22.79710 17.55100
22.79780 17.55100
22.76140 17.55100
22.81750 17.55100
22.80900 17.55100
22.77820 17.55100
