22.10070 12.05150
22.08030 12.26960
22.11890 11.75700
22.09860 12.05290
22.08440 12.13610
22.07970 12.17850
22.06940 12.22230
22.08520 12.12570
22.11410 11.81340
22.10120 11.91260
22.12540 11.64750
22.10640 11.89970
22.13990 11.61030
22.11740 11.77760
22.08850 11.93140
22.14220 11.47160
22.13980 11.50090
22.10600 11.64570
22.13930 11.43030
22.15110 11.37750
22.15970 11.33110
22.10020 11.77800
22.09230 11.82370
22.07930 11.86360
22.09720 11.72930
22.12660 11.43460
22.14180 11.25080
22.16900 10.91610
22.16510 10.91580
22.16400 11.05730
