#iter           logP0016       logPprior       dS              accept          acceptance      weight          l0000p00spemd    l0000p01spemd    l0000p02spemd    l0000p03spemd    l0000p04spemd    l0000p06spemd    e00001lb01t03p02  e00001lb01t03p03  e00001lb01t03p04  e00001lb01t03p05  e00001lb01t03p06  e00001lb02t01p00  e00001lb02t01p01  e00001lb02t01p02  e00001lb03t01p00  e00001lb03t01p01  e00001lb03t01p02 
#pname          --------       ---------       --              ------          ----------      ------          x-coord          y-coord          b/a              theta            theta_e          gam              unknown          unknown          unknown          unknown          unknown          unknown          unknown          unknown          unknown          unknown          unknown         
8              7.804482e+03    5.638465e+00    5.500000e-01    1               0.111111        9.000000e+00    +3.93433600e+00  +3.93688600e+00  +6.05232000e-01  -1.19347400e+00  +1.79518700e+00  +6.02456000e-01  +9.18079000e-01  +2.04735000e+00  +1.36541000e-01  +2.03712200e+00  +4.86171100e+00  +1.91898400e+00  +3.02701600e+00  +7.99679735e+02  +4.97310800e+00  +4.49663500e+00  +1.96872119e+03 
41             7.804233e+03    5.638149e+00    5.500000e-01    1               0.047619        3.300000e+01    +3.93433725e+00  +3.93629234e+00  +6.02249982e-01  -1.18366814e+00  +1.79697602e+00  +6.01839329e-01  +9.21978534e-01  +2.04034035e+00  +1.35264293e-01  +2.04668040e+00  +4.85637634e+00  +1.91918760e+00  +3.02721385e+00  +8.00533400e+02  +4.97307712e+00  +4.49700707e+00  +1.96449488e+03 
53             7.804008e+03    5.638835e+00    5.500000e-01    1               0.055556        1.200000e+01    +3.93445699e+00  +3.93748715e+00  +6.08353487e-01  -1.19239078e+00  +1.79188438e+00  +6.00631149e-01  +9.19411913e-01  +2.05160902e+00  +1.37333214e-01  +2.02515816e+00  +4.86779783e+00  +1.91912265e+00  +3.02738060e+00  +8.01273841e+02  +4.97310851e+00  +4.49670532e+00  +1.97081257e+03 
58             7.804158e+03    5.638836e+00    5.500000e-01    1               0.067797        5.000000e+00    +3.93464546e+00  +3.93711017e+00  +6.06814561e-01  -1.19176836e+00  +1.79465299e+00  +6.00307011e-01  +9.19392062e-01  +2.04780676e+00  +1.36762087e-01  +2.02978665e+00  +4.86680571e+00  +1.91906664e+00  +3.02719903e+00  +8.01032473e+02  +4.97318384e+00  +4.49670713e+00  +1.97097578e+03 
62             7.803280e+03    5.638236e+00    5.500000e-01    1               0.079365        4.000000e+00    +3.93404834e+00  +3.93695349e+00  +6.07701138e-01  -1.18759529e+00  +1.79555857e+00  +6.02097354e-01  +9.23140733e-01  +2.04597815e+00  +1.35963490e-01  +2.03776443e+00  +4.85234004e+00  +1.91915668e+00  +3.02738987e+00  +8.00947917e+02  +4.97306372e+00  +4.49663775e+00  +1.97071896e+03 
77             7.805205e+03    5.638939e+00    5.500000e-01    1               0.076923        1.500000e+01    +3.93477555e+00  +3.93709973e+00  +6.03105238e-01  -1.18631147e+00  +1.79497935e+00  +6.01119157e-01  +9.19551999e-01  +2.04271568e+00  +1.36657577e-01  +2.03578723e+00  +4.86705237e+00  +1.91897853e+00  +3.02744447e+00  +8.00230438e+02  +4.97295031e+00  +4.49676694e+00  +1.97154303e+03 
81             7.805962e+03    5.639043e+00    5.500000e-01    1               0.085366        4.000000e+00    +3.93550021e+00  +3.93624067e+00  +6.08525686e-01  -1.18623642e+00  +1.79463811e+00  +6.02847063e-01  +9.21115923e-01  +2.05710479e+00  +1.35448885e-01  +2.05046669e+00  +4.85527459e+00  +1.91923520e+00  +3.02753942e+00  +7.99178912e+02  +4.97278235e+00  +4.49677926e+00  +1.97054808e+03 
84             7.806670e+03    5.639553e+00    5.500000e-01    1               0.094118        3.000000e+00    +3.93625854e+00  +3.93627899e+00  +6.12386416e-01  -1.18879100e+00  +1.79135482e+00  +6.00546034e-01  +9.16247413e-01  +2.06673672e+00  +1.37097510e-01  +2.03835379e+00  +4.86495744e+00  +1.91910018e+00  +3.02706143e+00  +8.00411594e+02  +4.97298450e+00  +4.49668141e+00  +1.97395421e+03 
85             7.806728e+03    5.639809e+00    5.500000e-01    1               0.104651        1.000000e+00    +3.93608018e+00  +3.93696516e+00  +6.13796119e-01  -1.19045952e+00  +1.79006060e+00  +6.00768513e-01  +9.15322550e-01  +2.07021667e+00  +1.36747822e-01  +2.03754046e+00  +4.87005516e+00  +1.91915892e+00  +3.02733676e+00  +8.00764823e+02  +4.97288782e+00  +4.49701947e+00  +1.97302633e+03 
88             7.805790e+03    5.639845e+00    5.500000e-01    1               0.112360        3.000000e+00    +3.93689147e+00  +3.93619861e+00  +6.16679338e-01  -1.18679425e+00  +1.78078292e+00  +6.02854091e-01  +9.18142781e-01  +2.07867420e+00  +1.36389850e-01  +2.03885694e+00  +4.86235256e+00  +1.91898021e+00  +3.02722142e+00  +8.00248768e+02  +4.97294686e+00  +4.49704253e+00  +1.97232849e+03 
91             7.806021e+03    5.639936e+00    5.500000e-01    1               0.119565        3.000000e+00    +3.93653698e+00  +3.93669089e+00  +6.15598677e-01  -1.19870500e+00  +1.78515902e+00  +6.02776355e-01  +9.11771915e-01  +2.07272994e+00  +1.37012611e-01  +2.03706864e+00  +4.87148598e+00  +1.91862125e+00  +3.02732438e+00  +8.00038392e+02  +4.97286988e+00  +4.49705467e+00  +1.97425482e+03 
108            7.807993e+03    5.639923e+00    5.500000e-01    1               0.110092        1.700000e+01    +3.93690598e+00  +3.93632140e+00  +6.10729702e-01  -1.19963247e+00  +1.79673854e+00  +6.02392592e-01  +9.09983363e-01  +2.07746337e+00  +1.36360638e-01  +2.05321206e+00  +4.86545889e+00  +1.91868017e+00  +3.02708293e+00  +7.98728249e+02  +4.97272910e+00  +4.49697527e+00  +1.97012190e+03 
141            7.808341e+03    5.639330e+00    5.500000e-01    1               0.091549        3.300000e+01    +3.93673321e+00  +3.93552460e+00  +6.10504476e-01  -1.20841487e+00  +1.79881351e+00  +6.01660014e-01  +9.05400379e-01  +2.08482476e+00  +1.36720512e-01  +2.05256100e+00  +4.87012290e+00  +1.91877335e+00  +3.02709098e+00  +7.98749275e+02  +4.97272297e+00  +4.49697372e+00  +1.97205044e+03 
143            7.807989e+03    5.639463e+00    5.500000e-01    1               0.097222        2.000000e+00    +3.93672898e+00  +3.93572271e+00  +6.09801768e-01  -1.20133645e+00  +1.79605039e+00  +6.01647217e-01  +9.04730442e-01  +2.08258321e+00  +1.36809633e-01  +2.05556184e+00  +4.87345840e+00  +1.91858179e+00  +3.02714591e+00  +7.98414366e+02  +4.97269706e+00  +4.49708148e+00  +1.97165259e+03 
146            7.807561e+03    5.639910e+00    5.500000e-01    1               0.102041        3.000000e+00    +3.93701160e+00  +3.93621229e+00  +6.07765144e-01  -1.21064520e+00  +1.79862059e+00  +6.00495219e-01  +8.99810932e-01  +2.08003167e+00  +1.37416820e-01  +2.05624955e+00  +4.87877094e+00  +1.91878348e+00  +3.02727255e+00  +7.98259583e+02  +4.97246914e+00  +4.49712496e+00  +1.97093860e+03 
147            7.807177e+03    5.639830e+00    5.500000e-01    1               0.108108        1.000000e+00    +3.93719818e+00  +3.93594329e+00  +6.12527790e-01  -1.20712084e+00  +1.79835758e+00  +6.02239511e-01  +9.04585048e-01  +2.08172768e+00  +1.37003876e-01  +2.05475670e+00  +4.88032734e+00  +1.91862886e+00  +3.02718854e+00  +7.97832353e+02  +4.97242449e+00  +4.49697430e+00  +1.97242972e+03 
