22.39980 67.42600
22.42190 67.45310
22.44450 63.05560
22.35140 68.65530
22.38460 66.21220
22.38460 66.23460
22.35720 67.97480
22.37290 66.44160
22.34870 68.33060
22.38960 66.89560
22.45280 64.07360
22.39520 68.42250
22.49010 63.71230
22.48750 62.48480
22.48750 62.61950
22.42360 65.46610
22.36700 66.72890
22.37740 65.56810
22.38140 64.39240
22.42560 62.28510
22.43710 60.01600
22.45420 59.29060
22.43700 59.27130
22.41750 61.15590
22.45600 58.04350
22.45340 58.89950
22.54690 54.94720
22.53750 56.52740
22.41400 61.49590
22.44010 61.80430
