23.73050 9.52260 1.00000
23.75100 9.47380 1.00000
23.73850 9.23930 1.00000
23.65500 10.10120 1.00000
23.70800 9.60210 1.00000
23.65590 10.06020 1.00000
23.66150 10.09810 1.00000
23.66050 10.04470 1.00000
23.66030 10.09020 1.00000
23.67780 9.98920 1.00000
23.76160 9.44810 1.00000
23.71520 9.94700 1.00000
23.78250 9.29380 1.00000
23.75620 9.23800 1.00000
23.76040 9.24200 1.00000
23.73320 9.36120 1.00000
23.70390 9.59360 1.00000
23.69980 9.59190 1.00000
23.69110 9.54450 1.00000
23.69760 9.23400 1.00000
23.63310 9.57220 1.00000
23.64140 9.58950 1.00000
23.64620 9.60500 1.00000
23.69660 9.18900 1.00000
23.69540 9.11990 1.00000
23.69990 8.99270 1.00000
23.67990 9.32770 1.00000
23.75050 8.89860 1.00000
23.66480 9.60880 1.00000
23.68600 9.53850 1.00000
