21.24830 23.55160
21.25790 23.49690
21.27050 23.11080
21.27430 23.10950
21.28100 22.82280
21.24640 23.72610
21.22300 24.25170
21.22670 24.21170
21.21480 24.40990
21.21910 24.47020
21.21170 24.78440
21.24520 23.96110
21.22920 24.30460
21.24560 23.66700
21.22150 24.51490
21.26420 23.30740
21.31320 22.02410
21.28500 22.67590
21.33430 21.65000
21.32440 21.81470
21.31250 21.90630
21.27120 22.76110
21.29520 22.32780
21.30380 22.02040
21.25760 22.96530
21.23510 23.61230
21.21620 24.02080
21.22880 23.80780
21.27040 23.05160
21.24600 23.39760
