22.04030 6.83680 1.33700
22.04710 6.81970 1.33770
22.05270 6.76450 1.32830
22.05970 6.70800 1.31740
22.06200 6.67810 1.31340
22.04080 6.84760 1.35390
22.02220 7.01620 1.38750
22.02260 7.02900 1.39350
22.01540 7.07580 1.39440
22.02150 7.05390 1.38930
22.00780 7.21530 1.42440
22.03610 6.91710 1.35870
22.02640 6.99610 1.37560
22.04280 6.76870 1.32550
22.02120 7.02080 1.37960
22.04670 6.78950 1.33420
22.07910 6.46190 1.26260
22.05680 6.66730 1.31570
22.09540 6.34220 1.23330
22.08860 6.38970 1.24670
22.07750 6.44730 1.26090
22.04670 6.68470 1.32040
22.06760 6.53200 1.28730
22.07340 6.44920 1.26250
22.04420 6.65080 1.30960
22.02370 6.87000 1.35690
22.01980 6.87160 1.35730
22.01560 6.97770 1.37850
22.05470 6.65450 1.30350
22.02850 6.84630 1.34900
