21.54350 20.15130
21.56970 18.93810
21.55210 19.08650
21.49710 19.63390
21.49340 19.60720
21.49970 19.51990
21.56700 18.95520
21.55510 19.28850
21.59520 18.76950
21.55180 18.95010
21.54030 19.11150
21.54490 18.95510
21.52260 19.13800
21.54830 18.81440
21.55860 18.46740
21.55060 18.70090
21.51900 19.15180
21.56290 18.51850
21.54800 18.68600
21.55580 18.63720
21.47990 20.33180
21.49210 20.13700
21.47670 20.55750
21.49670 20.44300
21.49400 20.45700
21.47310 20.82310
21.47180 20.71870
21.46640 20.61530
21.46420 21.00030
21.47460 20.76850
