21.70440 8.23360
21.69550 8.19110
21.68760 8.24790
21.71820 7.98050
21.71660 7.99600
21.72240 7.90940
21.71430 7.96700
21.71370 8.05880
21.72060 7.99890
21.71740 8.10000
21.70580 8.19280
21.72200 8.15600
21.73650 8.06710
21.72450 8.14020
21.71270 8.26350
21.69070 8.40970
21.68350 8.42300
21.73110 8.25530
21.71140 8.15500
21.70510 8.23630
21.69830 8.30760
21.68500 8.39900
21.69070 8.37970
21.68160 8.48290
21.67070 8.65540
21.71980 8.42580
21.71340 8.43980
21.72570 8.26930
21.72770 8.01390
21.74090 8.08840
