21.84690 15.72050
21.84280 15.72050
21.84040 15.72050
21.83330 15.72050
21.84410 15.72050
21.87640 15.72050
21.87360 15.72050
21.83790 15.72050
21.83900 15.72050
21.86830 15.72050
21.86520 15.72050
21.85700 15.72050
21.86190 15.72050
21.85950 15.72050
21.84110 15.72050
21.83610 15.72050
21.83710 15.72050
21.84810 15.72050
21.84320 15.72050
21.86050 15.72050
21.86280 15.72050
21.86250 15.72050
21.87620 15.72050
21.86620 15.72050
21.85440 15.72050
21.84980 15.72050
21.85590 15.72050
21.85760 15.72050
21.88630 15.72050
21.88220 15.72050
