21.72650 45.12460
21.73470 43.61380
21.78520 41.99060
21.75370 44.03030
21.81800 41.29220
21.77710 42.22790
21.72820 44.15440
21.71110 44.58280
21.75290 43.59330
21.75990 43.59990
21.73280 44.17320
21.75900 42.55460
21.78510 42.06790
21.78850 41.64630
21.81190 40.78940
21.78150 41.17740
21.86220 36.53110
21.81190 40.42440
21.85020 38.97980
21.76750 40.95490
21.84260 37.65400
21.76660 41.05500
21.80820 39.96240
21.80790 39.96640
21.72360 42.19890
21.73230 41.51330
21.70800 40.91430
21.69910 42.52030
21.68300 42.58820
21.68720 42.27990
