21.66160 5.72990
21.66090 5.66230
21.67640 5.62110
21.66100 5.67710
21.65560 5.67940
21.66090 5.70190
21.66200 5.68210
21.65210 5.63750
21.65760 5.66890
21.65770 5.71010
21.64800 5.67440
21.66580 5.59280
21.65490 5.71350
21.63160 6.08400
21.64460 5.90690
21.65500 5.92090
21.64910 5.87680
21.64730 5.82380
21.64350 5.90040
21.64650 5.86570
21.64440 5.84110
21.63470 6.20020
21.63560 6.28810
21.64610 5.93170
21.65140 5.86710
21.64550 5.92940
21.65230 5.77480
21.64920 5.63720
21.64320 5.73840
21.64320 5.87600
