22.08430 46.78490
22.12360 45.97540
22.25920 40.40540
22.14740 47.55700
22.11170 49.71450
22.18980 46.18680
22.14600 49.00400
22.17180 46.22230
22.15660 46.07590
22.11840 50.46590
22.15610 49.00300
22.28310 40.64480
22.15190 49.06470
22.15790 48.48560
22.23540 42.59330
22.13330 49.77020
22.10350 49.09030
22.24350 41.52200
22.10850 50.40820
22.16110 45.80480
22.08680 50.24170
22.10230 49.46540
22.14740 46.25580
22.13770 47.63330
22.13450 48.94770
22.15650 47.21720
22.09510 48.72200
22.27830 40.70290
22.26090 41.14790
22.21140 42.49510
