22.08430 13.02660
22.09620 12.90050
22.08830 12.91500
22.11360 12.70640
22.09190 12.99110
22.05680 13.28990
22.09960 12.81590
22.08670 12.89500
22.08560 12.91110
22.11640 12.58540
22.14130 12.31540
22.15950 12.18290
22.09840 12.80550
22.12720 12.53430
22.12900 12.53590
22.18450 11.90450
22.18520 11.85460
22.20130 11.64640
22.15250 12.15980
22.13120 12.29250
22.14130 12.39180
22.14270 12.23320
22.13080 12.35100
22.09440 12.89990
22.11810 12.60550
22.08540 12.95880
22.10000 12.78800
22.11480 12.61710
22.13910 12.33340
22.17160 11.89790
