22.00600 8.30160
22.02820 6.84370
22.04380 6.37150
22.02500 7.35300
22.01460 8.48320
22.00180 8.90230
21.99090 9.88670
21.96340 10.35160
21.97500 10.09980
21.99930 9.13440
22.01620 8.10920
22.01600 8.25740
22.02590 7.18160
22.02980 7.14390
22.04650 6.84500
22.06810 6.81850
22.02710 8.12640
22.03120 7.73820
22.00610 8.47450
22.00140 8.19160
21.99610 8.19070
21.99870 8.25200
21.98030 8.51930
21.98990 8.11320
21.97780 8.85310
21.96010 8.72000
21.98970 8.26320
22.00250 8.35860
21.98690 9.37290
21.99960 9.22350
