21.89600 7.76660
21.91020 7.76660
21.90530 7.76660
21.88840 7.76660
21.90480 7.76660
21.89660 7.76660
21.88450 7.76660
21.89100 7.76660
21.90630 7.76660
21.90750 7.76660
21.89070 7.76660
21.90320 7.76660
21.90050 7.76660
21.89260 7.76660
21.89340 7.76660
21.86440 7.76660
21.87990 7.76660
21.88440 7.76660
21.90520 7.76660
21.87890 7.76660
21.89170 7.76660
21.89410 7.76660
21.88020 7.76660
21.90410 7.76660
21.87660 7.76660
21.90310 7.76660
21.89100 7.76660
21.86170 7.76660
21.88250 7.76660
21.88110 7.76660
