23.25420 6.08580
23.24450 6.88290
23.21230 6.99270
23.24350 6.68380
23.21890 7.21480
23.29560 6.90480
23.28140 7.03450
23.30810 6.41020
23.36410 6.29360
23.31650 6.07280
23.31320 6.65960
23.32840 5.77100
23.31850 5.97430
23.31560 6.34960
23.24150 6.98790
23.23180 6.94790
23.28540 6.15000
23.27060 6.54680
23.28590 6.48390
23.34830 6.08780
23.33360 6.27480
23.33410 6.20250
23.33860 6.36050
23.37640 5.78160
23.35900 5.87650
23.41670 5.94110
23.40250 6.12540
23.34210 6.03330
23.35790 6.11770
23.30950 6.05460
