18.51370 0.08040 4.00000
18.53130 0.08110 4.00000
18.26620 0.07470 4.00000
21.27720 0.01470 4.00000
17.90620 0.06660 4.00000
18.66540 0.08370 4.00000
18.56260 0.08110 4.00000
21.34120 0.01450 4.00000
21.37140 0.01430 4.00000
18.85020 0.08890 4.00000
18.84060 0.08770 4.00000
18.50720 0.07880 4.00000
18.57210 0.08060 4.00000
18.76920 0.08580 4.00000
23.22330 0.01110 4.00000
23.19240 0.01120 4.00000
23.44430 0.01100 4.00000
23.29720 0.01110 4.00000
23.38430 0.01090 4.00000
18.73240 0.08470 4.00000
18.21350 0.07150 4.00000
18.79310 0.08660 4.00000
18.32980 0.07440 4.00000
18.82210 0.08730 4.00000
18.82130 0.08740 4.00000
21.47810 0.01400 4.00000
21.41660 0.01410 4.00000
18.76060 0.08590 4.00000
21.12610 0.01460 4.00000
18.74150 0.08560 4.00000
