20.85640 14.70320
20.85030 14.77300
20.87420 14.38400
20.86920 14.45480
20.88300 14.14810
20.89240 13.98160
20.87800 14.21300
20.84970 14.72030
20.88520 14.16210
20.87680 14.26430
20.87030 14.32760
20.85630 14.54480
20.87540 14.23290
20.87910 14.17150
20.87470 14.21130
20.88210 14.11060
20.88640 13.99700
20.90050 13.81070
20.90400 13.71450
20.88940 13.91850
20.89800 13.79200
20.92200 13.46900
20.88650 14.00100
20.88990 13.95730
20.89350 13.88520
20.88880 13.92170
20.89930 13.74850
20.89930 13.74340
20.91120 13.57140
20.91770 13.49590
