20.90420 13.51880 3.81820
20.89430 13.67830 3.83110
20.95950 12.37890 3.66500
20.95880 12.34180 3.65210
21.01160 11.26380 3.49230
21.02910 10.97300 3.45820
21.00000 11.45590 3.52240
20.92870 12.82150 3.69910
21.02230 11.11230 3.45740
21.00850 11.30180 3.48420
20.99440 11.51280 3.51520
20.95910 12.13500 3.60450
21.00600 11.30380 3.48630
21.02030 11.02800 3.44160
21.00950 11.18940 3.46860
21.02500 10.94550 3.43670
21.04430 10.56970 3.37430
21.08930 9.85690 3.23790
21.10680 9.52960 3.17700
21.06810 10.10960 3.28440
21.08750 9.83440 3.23510
21.13490 9.17630 3.12360
21.05470 10.38330 3.33230
21.06210 10.27930 3.31370
21.06830 10.16980 3.30060
21.06590 10.15400 3.29370
21.09820 9.63510 3.19470
21.09610 9.66910 3.20550
21.11690 9.38760 3.16080
21.12680 9.26700 3.14190
