21.80520 12.45640
21.79300 12.57280
21.78940 12.60470
21.79340 12.69890
21.78100 12.70160
21.77090 12.77060
21.76760 12.79660
21.77050 12.86900
21.77310 12.80160
21.78000 12.87230
21.78380 12.76730
21.78910 12.83870
21.80170 12.64020
21.81300 12.47720
21.83060 12.32190
21.83410 12.29240
21.80920 12.51230
21.78150 12.67530
21.80750 12.58600
21.79920 12.67310
21.79460 12.73610
21.78340 12.67970
21.78710 12.65480
21.78600 12.57810
21.78720 12.58530
21.78150 12.80170
21.77980 12.69910
21.77860 12.65890
21.77090 12.72070
21.77720 12.60780
