22.07850 8.59870 1.00000
22.06980 8.64650 1.00000
22.06660 8.66810 1.00000
22.06580 8.77440 1.00350
22.05740 8.72900 1.00000
22.05350 8.74450 1.00000
22.04740 8.77700 1.00000
22.05040 8.84090 1.00000
22.05150 8.78190 1.00000
22.05570 8.85600 1.00690
22.06110 8.76890 1.00000
22.06290 8.83150 1.00280
22.07510 8.68920 1.00000
22.07940 8.59690 1.00000
22.10080 8.45270 1.00000
22.09460 8.51050 1.00000
22.08170 8.60400 1.00000
22.06360 8.65560 1.00000
22.07860 8.67000 1.00000
22.07240 8.72270 1.00000
22.06900 8.76430 1.00000
22.06270 8.70120 1.00000
22.06510 8.69320 1.00000
22.05920 8.66370 1.00000
22.06520 8.65660 1.00000
22.05840 8.81100 1.00000
22.05620 8.72860 1.00000
22.05440 8.70930 1.00000
22.05190 8.73950 1.00000
22.05200 8.69480 1.00000
