20.39040 10.41070
20.38550 10.44220
20.38170 10.45270
20.38890 10.39340
20.38900 10.37750
20.39330 10.35120
20.39940 10.30350
20.39090 10.37960
20.38360 10.42870
20.38750 10.38260
20.39280 10.31000
20.40060 10.28750
20.40310 10.27240
20.40300 10.22790
20.39670 10.28070
20.38490 10.35410
20.38980 10.30750
20.39080 10.32000
20.39150 10.29490
20.39220 10.29550
20.39480 10.28780
20.38670 10.32930
20.38470 10.35250
20.38660 10.35910
20.38190 10.39440
20.38520 10.36180
20.39110 10.33750
20.39040 10.31570
20.39510 10.29490
20.40450 10.21090
