21.82800 20.91770
21.85160 20.27340
21.83870 20.44400
21.83070 20.39860
21.80940 20.89450
21.82040 20.68150
21.84210 20.11840
21.85630 20.15970
21.81810 20.89450
21.81180 20.97330
21.78110 21.59720
21.80440 21.40860
21.80410 21.38320
21.80540 21.45570
21.82480 21.02220
21.85290 20.38080
21.86000 20.44370
21.84800 20.46400
21.87500 19.96030
21.87850 19.82800
21.86150 20.12390
21.85380 20.35280
21.82160 20.97150
21.80850 21.08200
21.75950 21.65420
21.79050 20.78020
21.80560 20.50500
21.82330 20.30360
21.84420 19.78730
21.80070 20.26750
