22.31510 23.05690
22.20360 25.48590
22.36400 22.63240
22.35030 23.02410
22.37920 22.28380
22.30240 23.90110
22.35160 22.27080
22.20810 26.32540
22.14940 27.55030
22.21600 26.04360
22.25080 25.22570
22.34840 22.93340
22.37000 22.29230
22.33110 23.00950
22.34550 21.88150
22.22110 24.27580
22.27950 23.65890
22.25960 24.43780
22.26930 24.23570
22.25910 24.23400
22.12710 26.56900
22.20870 25.33590
22.18840 25.56080
22.34660 21.53300
22.31050 22.25260
22.34950 21.42070
22.28670 22.99240
22.34880 21.21400
22.20020 24.42930
22.09100 27.42780
