22.89370 12.54230 1.00000
22.81590 13.59480 1.00000
22.93840 12.27640 1.00000
22.93480 12.36310 1.00000
22.94890 11.95950 1.00000
22.89540 12.72160 1.00000
22.92440 11.96090 1.00000
22.84930 13.70190 1.00000
22.80280 14.20490 1.00000
22.85130 13.61090 1.00000
22.87860 13.00240 1.00000
22.93780 12.01860 1.00000
22.94910 11.73960 1.00000
22.92520 12.04110 1.00000
22.91590 11.61990 1.00000
22.83150 12.56740 1.00000
22.88240 12.28160 1.00000
22.87790 12.64950 1.00000
22.88580 12.52910 1.00000
22.87860 12.51290 1.00000
22.77370 13.55180 1.00000
22.84630 12.96480 1.00000
22.83250 12.99920 1.00000
22.91970 11.22890 1.00000
22.89720 11.54370 1.00000
22.92910 11.06970 1.00000
22.88940 11.83690 1.00000
22.92220 10.96940 1.00000
22.82740 12.42800 1.00000
22.76030 13.75750 1.00000
