22.33270 14.95140
22.33480 14.53810
22.31750 14.98760
22.29060 15.20520
22.30900 14.82400
22.34600 14.27610
22.37770 13.58590
22.36400 13.82770
22.43070 12.66360
22.38710 13.44420
22.37720 13.70410
22.36710 14.25680
22.35940 13.68670
22.30920 14.44040
22.31440 14.19130
22.29370 14.49850
22.26640 14.86400
22.31530 14.05360
22.35730 13.26140
22.33030 13.68290
22.30020 14.25240
22.25930 15.04160
22.29810 14.46520
22.30630 14.74460
22.32180 14.19900
22.36170 13.52850
22.32250 14.56690
22.25610 15.82120
22.29630 14.57960
22.30010 15.10410
