22.77380 5.67120 1.00140
22.76640 5.71320 1.02010
22.76530 5.61030 1.00700
22.74700 5.67690 1.00970
22.74630 5.68340 1.01350
22.76990 5.55450 1.00000
22.77720 5.41930 1.00000
22.76260 5.50900 1.00000
22.78150 5.32490 1.00000
22.75560 5.51490 1.00000
22.75480 5.56860 1.00000
22.75870 5.45820 1.00000
22.74260 5.54480 1.00000
22.72550 5.68590 1.00000
22.72060 5.64610 1.00000
22.71010 5.76100 1.00000
22.69650 5.82610 1.00970
22.71300 5.64440 1.00000
22.73060 5.47510 1.00000
22.71450 5.60310 1.00000
22.70930 5.72900 1.00000
22.69520 5.86420 1.00000
22.71480 5.75090 1.00000
22.72580 5.57450 1.00000
22.72550 5.48910 1.00000
22.74090 5.34040 1.00000
22.73570 5.51810 1.00000
22.71240 5.77530 1.00000
22.71950 5.80060 1.00000
22.72550 5.67810 1.00000
