20.59860 7.18680
20.58940 7.23320
20.58850 7.21880
20.59250 7.19540
20.59280 7.19800
20.59280 7.20300
20.59260 7.20110
20.59470 7.19580
20.58840 7.22340
20.58750 7.22140
20.59170 7.19790
20.59060 7.20590
20.58730 7.22600
20.58560 7.23140
20.58400 7.24830
20.58030 7.27600
20.58220 7.25870
20.58520 7.23870
20.58270 7.25760
20.59280 7.19180
20.59130 7.20560
20.59700 7.16340
20.59800 7.15920
20.59980 7.13930
20.59210 7.18840
20.59350 7.18620
20.59530 7.17310
20.59600 7.17380
20.59360 7.19440
20.59580 7.17430
