20.56420 7.57600 2.13290
20.54530 7.73780 2.16850
20.54690 7.69400 2.15890
20.55650 7.60390 2.13870
20.55590 7.61680 2.14230
20.55540 7.62740 2.14390
20.55430 7.63640 2.14740
20.55780 7.61490 2.14230
20.54670 7.69980 2.15990
20.54520 7.70430 2.16210
20.55430 7.62250 2.14430
20.55280 7.63590 2.14480
20.54910 7.66170 2.14650
20.54430 7.70290 2.15780
20.54110 7.73980 2.16400
20.53400 7.80860 2.17590
20.53640 7.78490 2.17450
20.53920 7.76500 2.17510
20.53340 7.82400 2.18710
20.55310 7.64130 2.15230
20.54990 7.67690 2.15880
20.56040 7.57610 2.14130
20.56240 7.56010 2.13750
20.56670 7.51150 2.12860
20.55290 7.63220 2.15070
20.55650 7.60520 2.14270
20.55830 7.59000 2.14240
20.55960 7.58380 2.14020
20.55700 7.60820 2.14080
20.56070 7.57100 2.13560
