22.46320 11.04330
22.47060 10.92140
22.46160 10.91440
22.44650 11.05050
22.45070 10.94070
22.44240 11.17630
22.44340 11.25120
22.44380 11.34500
22.43960 11.32340
22.45620 11.25880
22.45440 11.23750
22.44630 11.21430
22.44920 11.24820
22.43590 11.41260
22.42810 11.37210
22.42330 11.43040
22.42780 11.50070
22.42560 11.59480
22.43400 11.34530
22.44890 11.18750
22.43560 11.46330
22.42580 11.52420
22.42600 11.54920
22.41920 11.63760
22.42400 11.51430
22.43560 11.33480
22.44670 11.21920
22.40360 11.69610
22.41990 11.61450
22.39890 11.79910
