22.77960 7.26720 1.00000
22.78240 7.21790 1.00000
22.79010 7.14150 1.00000
22.76360 7.31900 1.00000
22.76790 7.25660 1.00000
22.77050 7.32060 1.00000
22.77330 7.34370 1.00000
22.76660 7.44410 1.00000
22.76320 7.45620 1.00000
22.77470 7.38950 1.00000
22.77220 7.38000 1.00000
22.76530 7.37340 1.00000
22.77800 7.32820 1.00000
22.76000 7.48120 1.00000
22.75490 7.50390 1.00000
22.75240 7.53830 1.00000
22.75560 7.55380 1.00000
22.75460 7.59120 1.00000
22.75980 7.49160 1.00000
22.76990 7.41030 1.00000
22.76130 7.52770 1.00000
22.75260 7.59330 1.00770
22.75580 7.58010 1.00000
22.74910 7.62790 1.00000
22.75300 7.55780 1.00000
22.76110 7.49560 1.00000
22.77800 7.36920 1.00000
22.73990 7.68660 1.00000
22.75190 7.59850 1.00000
22.72710 7.76780 1.02940
