22.35660 9.48950 1.09670
22.34820 9.76770 1.11070
22.38630 9.59280 1.01470
22.38780 9.47180 1.00000
22.39220 9.36640 1.00000
22.38920 9.31910 1.00000
22.37030 9.45070 1.05080
22.34420 9.62690 1.12150
22.35350 9.68470 1.06760
22.38150 9.56690 1.00000
22.34690 9.76020 1.04540
22.32160 9.95600 1.15470
22.33540 9.99440 1.16320
22.32600 9.99060 1.19510
22.33800 9.89650 1.16550
22.31070 10.14790 1.24090
22.29880 10.23770 1.27310
22.31980 9.89470 1.16040
22.30100 10.22970 1.24120
22.30760 10.16450 1.17880
22.30790 10.23980 1.15610
22.28960 10.22060 1.17700
22.28050 10.32360 1.21680
22.32160 10.06220 1.10440
22.33530 9.87200 1.06400
22.34680 9.67130 1.05390
22.35210 9.65640 1.03120
22.36460 9.70370 1.00000
22.37340 9.47650 1.00000
22.35390 9.88980 1.00000
