21.54830 33.86890
21.51270 35.09000
21.54380 34.51550
21.55740 33.89940
21.57320 33.47390
21.58400 33.16270
21.55570 33.73570
21.52520 34.69180
21.51560 34.88970
21.53910 34.28300
21.49620 35.30420
21.47370 36.02210
21.48800 36.24830
21.48830 36.04990
21.51260 35.48300
21.47690 36.68140
21.46060 37.41510
21.48190 35.94130
21.44920 37.54140
21.44470 37.60150
21.42630 38.26400
21.41900 37.86990
21.41080 38.41970
21.45020 36.72180
21.45870 36.50720
21.49100 35.60460
21.51760 33.91190
21.52040 33.67530
21.52110 34.74250
21.46820 35.69110
