22.88280 10.00370
22.90000 9.91620
22.87660 10.02880
22.89170 9.94030
22.87970 10.17030
22.86570 10.31010
22.83460 10.46110
22.79850 10.52570
22.82720 10.33430
22.84500 10.25080
22.83340 10.52610
22.86990 10.27870
22.90510 10.09860
22.89350 10.05170
22.92230 9.93980
22.90860 9.88190
22.84580 10.28120
22.83770 10.23950
22.85430 10.22210
22.86270 10.27130
22.83350 10.27450
22.85170 10.20440
22.84200 10.33570
22.82440 10.46810
22.83960 10.17880
22.83610 10.06730
22.86300 10.21940
22.88740 10.06910
22.90090 9.98120
22.89470 9.75280
