22.34410 77.85180
22.37620 77.36470
22.38480 73.14770
22.19210 88.64060
22.28660 81.52090
22.22720 85.19150
22.19630 88.61670
22.25330 84.02390
22.18280 89.21370
22.30390 82.45760
22.34310 79.02940
22.25370 86.43720
22.42410 74.83820
22.42190 71.55550
22.44860 70.59050
22.36990 75.55050
22.33820 76.41970
22.31730 77.11910
22.32880 76.65210
22.41140 70.81670
22.44330 66.35110
22.43790 66.63020
22.42940 67.57120
22.41020 68.35370
22.47840 63.57900
22.47680 64.28900
22.53030 63.22530
22.57060 61.47920
22.36610 72.84420
22.47720 65.47160
