23.82690 9.97520 1.00000
23.85390 9.92970 1.00000
23.85070 9.64570 1.00000
23.79770 10.48080 1.00000
23.81170 10.21650 1.00000
23.79750 10.38790 1.00000
23.80990 10.54510 1.00000
23.81300 10.29320 1.00000
23.80520 10.48270 1.00000
23.83930 10.16270 1.00000
23.85470 10.04430 1.00000
23.86210 10.34100 1.00000
23.88490 9.77560 1.00000
23.85180 9.64720 1.00000
23.86150 9.62280 1.00000
23.83900 9.76550 1.00000
23.81070 9.93800 1.00000
23.80470 10.01540 1.00000
23.80560 10.01630 1.00000
23.76650 9.90310 1.00000
23.75700 9.80530 1.00000
23.76570 9.83330 1.00000
23.77120 9.79160 1.00000
23.77010 9.86340 1.00000
23.76920 9.73560 1.00000
23.82480 9.22750 1.00000
23.86240 9.14590 1.00000
23.82500 9.52550 1.00000
23.83340 9.62620 1.00000
23.80610 9.72570 1.00000
