22.47860 11.92890
22.45090 12.52030
22.48250 11.12600
22.43590 12.51300
22.41630 13.17120
22.41890 12.66770
22.45250 11.51000
22.47350 10.49210
22.44610 11.96780
22.48520 10.48560
22.49030 10.25790
22.52150 9.89180
22.50460 9.96730
22.48750 10.43580
22.51600 10.01530
22.53840 9.37430
22.58130 8.91450
22.59960 9.27520
22.60420 9.36460
22.57260 9.17360
22.56020 9.81090
22.57600 9.07820
22.57080 9.36430
22.56630 9.32690
22.56160 9.16520
22.54300 10.00110
22.56250 9.48630
22.55700 9.56210
22.48740 11.67990
22.48690 11.84330
