23.05590 8.29590 1.00000
23.01610 8.47430 1.00000
23.00750 8.07350 1.00000
23.00260 8.47660 1.00000
22.99170 8.53010 1.00000
22.98710 8.48720 1.00000
23.01250 8.20850 1.00000
22.97440 8.01830 1.00000
23.01730 8.28170 1.00000
22.98800 8.00020 1.00000
22.98430 7.94180 1.00000
19.40100 0.18740 4.00000
23.02260 7.85580 1.00000
22.99450 7.96450 1.00000
19.02450 0.08600 4.00000
20.32030 0.29670 4.00000
19.60020 0.04570 4.00000
19.13680 0.09370 4.00000
19.89620 0.22760 4.00000
19.22030 0.07470 4.00000
19.10070 0.15240 4.00000
19.23260 0.08490 4.00000
19.16050 0.16310 4.00000
20.48720 0.34170 4.00000
19.25930 0.05310 4.00000
19.61980 0.20240 4.00000
20.61080 0.01930 4.00000
19.05570 0.11770 4.00000
23.01220 8.28930 1.00000
23.01700 8.40420 1.00000
