22.20720 25.63540 3.22940
22.14210 29.31870 3.56380
22.27640 25.34110 3.31690
21.91340 42.79240 4.00000
22.07390 39.30100 4.00000
22.07030 38.36420 4.00000
21.82620 45.72840 4.00000
21.88620 41.65720 4.00000
21.68200 49.85170 4.00000
22.01960 38.63330 4.00000
21.94530 40.54110 4.00000
21.99280 38.93090 4.00000
21.93310 42.48240 4.00000
21.76080 48.74140 4.00000
21.83060 44.14730 4.00000
21.64370 49.12550 4.00000
21.63770 51.40650 4.00000
21.67240 50.32460 4.00000
21.95030 36.83300 4.00000
21.98700 39.83370 4.00000
21.97490 41.65520 4.00000
23.04980 10.78830 1.00000
21.98360 40.46640 4.00000
22.96860 10.80440 1.00000
22.88440 10.75790 1.00000
22.82760 11.15120 1.00000
22.84890 10.93480 1.00000
22.83410 10.66450 1.00000
22.82780 10.50710 1.00000
22.80650 10.41250 1.00000
