22.60860 14.17070
22.65490 13.68380
22.68950 13.62500
22.65990 14.20680
22.79260 13.46980
22.78670 13.19040
22.59760 15.04550
22.60380 14.82890
22.50990 15.30730
22.69660 14.27770
22.63820 14.69250
22.68510 14.21670
22.67500 14.43860
22.56410 15.27010
22.56580 15.59100
22.46490 15.51590
22.54700 14.51860
22.55270 14.90060
22.63070 13.71900
22.71280 13.90250
22.71470 14.28890
22.76680 14.24080
22.68130 14.56090
22.66120 14.76420
22.56240 15.36860
22.48060 16.61090
22.51840 15.99060
22.47560 16.24340
22.45890 16.38090
22.43620 16.33230
