22.87170 29.04130
22.96610 26.58250
23.03590 25.08950
22.94810 27.02140
22.80200 31.88160
22.79750 32.33590
22.77860 32.81080
22.69660 34.63240
22.67990 35.92010
22.75220 33.23430
22.74980 32.94340
22.63090 37.62650
22.61480 38.17980
22.64400 37.03000
22.72550 34.70290
22.74660 34.06510
22.74830 33.87160
22.68310 36.34800
22.75950 33.79220
22.81760 31.83150
22.87250 30.25210
22.86770 30.55710
22.92880 29.09710
22.85290 31.22430
22.78380 32.74500
22.72580 34.71280
22.83790 31.07260
22.76440 33.21070
22.77950 32.46040
22.72730 33.66110
