21.10260 31.63330
21.13300 30.74000
21.15010 29.86350
21.15660 29.38880
21.11660 30.58150
21.10170 30.95790
21.10210 31.60990
21.09780 32.08400
21.07890 32.69500
21.08780 32.91500
21.09390 32.57870
21.06460 33.42000
21.06590 32.70460
21.05540 33.26620
21.06890 32.82460
21.03620 34.24600
21.04450 33.82260
21.02520 34.40780
21.00920 34.10570
21.00020 35.03370
20.98970 35.40010
20.98830 35.21770
20.98560 34.75550
20.95970 35.57970
20.96870 34.81600
20.95740 35.31800
20.94090 35.66910
20.95660 35.76340
20.97740 35.10770
20.98460 34.71780
