22.04410 7.82930 1.24960
22.08030 7.49240 1.14860
22.08850 7.35690 1.13300
22.08910 7.27830 1.12300
22.05820 7.56300 1.19480
22.05850 7.56040 1.17290
22.04770 7.82610 1.24230
22.05970 7.79560 1.20440
22.04140 7.98470 1.24570
22.06510 7.86600 1.20710
22.07250 7.74730 1.17080
22.05310 7.92270 1.19880
22.03300 7.94940 1.23760
22.03600 7.94820 1.21550
22.03400 7.96390 1.23530
22.01570 8.21400 1.26880
22.02740 8.09330 1.23200
22.00360 8.32870 1.29810
21.97810 8.39220 1.32740
21.97440 8.58160 1.35810
21.97110 8.61330 1.35470
21.95550 8.72800 1.39050
21.92700 8.94480 1.46840
21.91530 9.03620 1.46800
21.91680 8.90870 1.45720
21.91570 8.94900 1.44880
21.93430 8.65650 1.35940
21.94210 8.71590 1.37670
21.94480 8.71430 1.39540
21.96390 8.44700 1.33430
