22.53440 6.02440 1.00000
22.55630 5.80370 1.03780
22.53940 5.81040 1.04730
22.53790 6.32560 1.05100
22.54750 5.88000 1.00100
22.54420 6.02170 1.01510
22.55080 5.90170 1.00000
22.55020 5.64230 1.00000
22.52590 5.87510 1.00000
22.52460 5.89730 1.00000
22.53050 6.00520 1.00000
22.53010 6.20720 1.01460
22.53750 6.01850 1.00000
22.53290 6.03490 1.00300
22.55170 5.90940 1.00000
22.54310 5.79740 1.00000
22.51970 5.82390 1.00000
22.50470 5.95800 1.02530
22.51190 6.23850 1.02070
22.52740 6.02140 1.00070
22.52650 5.90890 1.00000
22.51650 6.09390 1.02510
22.51870 6.01800 1.01350
22.53220 5.96300 1.00000
22.52060 5.94290 1.00000
22.52430 6.00990 1.00230
22.52300 5.97840 1.00000
22.53570 5.95710 1.00000
22.54390 5.96800 1.00000
22.54450 5.89660 1.00000
