21.11430 11.99880
21.12190 11.88290
21.11280 11.90210
21.12520 11.83110
21.11570 11.79890
21.09160 12.01610
21.07800 12.17110
21.09010 12.07080
21.06650 12.25940
21.05180 12.39040
21.05810 12.36380
21.04270 12.52860
21.02220 12.72530
21.03020 12.66590
21.03800 12.57540
21.03690 12.58880
21.04450 12.55890
21.03790 12.60110
21.02870 12.73890
21.01500 12.88670
21.01270 12.87410
21.02850 12.74310
21.02710 12.82300
21.03080 12.80880
21.02160 12.83950
21.03520 12.72960
21.04650 12.71980
21.04670 12.72700
21.06010 12.57040
21.06080 12.43870
