22.93890 15.52670
22.96400 14.79730
22.96150 14.53730
22.94620 14.84030
22.95610 14.75890
22.94890 14.83830
22.94560 14.96680
22.96400 14.80680
22.96180 14.64960
22.93150 15.28220
22.95390 14.86530
22.95840 15.04190
22.96400 14.83570
22.96090 14.85230
22.97780 14.62500
23.00610 14.30420
22.99310 14.56460
22.98980 14.72190
22.99010 15.06290
22.99050 15.14120
23.00470 15.14370
22.97510 15.52480
22.99020 15.31420
22.98190 15.10560
22.99650 15.13120
22.99340 15.06780
22.98050 15.20630
22.97290 15.23320
22.96690 15.12530
22.98240 15.02000
