21.90240 16.59760
21.91670 16.29070
21.89110 16.83730
21.87410 16.94700
21.89330 16.60150
21.87320 16.85880
21.88400 17.06140
21.86630 17.36120
21.84750 17.42000
21.86970 17.22140
21.85540 17.26010
21.83600 17.09650
21.85840 17.07770
21.87980 17.26000
21.86540 17.32720
21.85710 17.15690
21.84050 17.32730
21.87000 17.17500
21.86080 17.31090
21.86240 17.34000
21.89730 16.82730
21.89490 16.88170
21.89800 16.46810
21.91110 16.60840
21.87180 17.30230
21.86230 17.56830
21.85020 17.26070
21.87570 17.13960
21.88010 16.71700
21.87440 16.82900
