21.82290 6.95440
21.83710 6.95440
21.84200 6.95440
21.82530 6.95440
21.81040 6.95440
21.81700 6.95440
21.82880 6.95440
21.82350 6.95440
21.83310 6.95440
21.82560 6.95440
21.83860 6.95440
21.83170 6.95440
21.83710 6.95440
21.81830 6.95440
21.81160 6.95440
21.79270 6.95440
21.81010 6.95440
21.81840 6.95440
21.82430 6.95440
21.82260 6.95440
21.82260 6.95440
21.81780 6.95440
21.82010 6.95440
21.83440 6.95440
21.82770 6.95440
21.82670 6.95440
21.82260 6.95440
21.82560 6.95440
21.82670 6.95440
21.83400 6.95440
