21.04670 6.36040
21.04710 6.31680
21.04020 6.41200
21.04160 6.52460
21.05250 6.26410
21.04730 6.35610
21.05180 6.27590
21.05390 6.17930
21.06010 6.15910
21.05660 6.29180
21.05780 6.22020
21.05500 6.11610
21.06410 6.02900
21.06690 6.03980
21.06700 6.14950
21.05610 6.13490
21.05610 5.95630
21.05900 5.96160
21.06680 6.00070
21.07060 5.95420
21.07200 6.02080
21.06650 6.07790
21.06500 6.07990
21.06210 6.13100
21.06770 5.98560
21.06700 6.02770
21.06260 6.08510
21.06410 6.04220
21.07500 6.04810
21.07570 6.08280
