21.30850 6.66750 1.00000
21.30800 6.63170 1.00000
21.30040 6.70610 1.00430
21.28760 6.75660 1.04880
21.30260 6.55600 1.02280
21.29980 6.64620 1.02220
21.29510 6.54680 1.04000
21.29880 6.45680 1.02560
21.30300 6.43330 1.02810
21.29510 6.52940 1.04920
21.29540 6.46100 1.04620
21.30250 6.41670 1.01500
21.31500 6.36490 1.00300
21.31240 6.36550 1.02050
21.30530 6.42260 1.04410
21.30570 6.44000 1.00930
21.31290 6.29720 1.00000
21.31800 6.30950 1.00000
21.32050 6.35960 1.00000
21.32590 6.32370 1.00000
21.32000 6.35320 1.00740
21.31700 6.40130 1.00130
21.31710 6.40790 1.00000
21.31190 6.43700 1.00630
21.32060 6.34420 1.00000
21.31940 6.37010 1.00000
21.31590 6.40980 1.00000
21.32130 6.38370 1.00000
21.32590 6.36830 1.00000
21.31920 6.37680 1.01980
