22.72710 15.38220
22.76820 14.75110
22.73000 15.44110
22.69430 16.22080
22.81190 14.89520
22.81140 14.75620
22.80210 14.62540
22.79820 14.64670
22.75400 15.16930
22.70180 16.26030
22.77050 14.74560
22.76680 15.12230
22.79450 14.88820
22.74460 15.39110
22.72140 15.39270
22.72770 15.03110
22.80810 14.45620
22.79030 14.44100
22.83780 14.20810
22.78480 14.53870
22.78570 14.46710
22.68270 15.72660
22.70290 15.36940
22.74130 15.04990
22.65320 16.24910
22.73810 14.86210
22.74760 14.75390
22.77020 14.48760
22.74680 14.53270
22.72370 15.42690
