22.36920 5.49590 1.19480
22.39420 5.26980 1.21700
22.39260 5.27130 1.21050
22.36280 5.78440 1.26370
22.38760 5.29240 1.21980
22.38270 5.49220 1.19160
22.39660 5.38550 1.15830
22.40780 5.17500 1.10330
22.37820 5.29760 1.22990
22.38460 5.41790 1.17170
22.37880 5.50360 1.19100
22.36340 5.69270 1.24410
22.37510 5.52350 1.20150
22.37010 5.55050 1.21570
22.38580 5.43710 1.18390
22.39010 5.32780 1.15680
22.37420 5.36850 1.16810
22.35380 5.40550 1.27600
22.34090 5.75050 1.25860
22.36520 5.51560 1.20720
22.37760 5.42970 1.17820
22.36850 5.51600 1.27480
22.36670 5.42990 1.25190
22.36850 5.37300 1.24800
22.36580 5.42530 1.18650
22.36670 5.49580 1.19490
22.36120 5.47440 1.19330
22.37270 5.34730 1.23230
22.38380 5.47420 1.18440
22.39340 5.26680 1.20220
