21.97990 13.10220
22.03150 12.14450
22.03430 12.03860
21.93920 14.25750
22.02940 12.14090
21.99670 11.65340
22.02610 12.65460
22.08160 11.60500
22.01220 12.19220
22.01210 12.68060
21.99850 12.77920
21.96390 13.61870
22.00160 12.92290
21.98680 13.17780
22.02210 12.63820
22.04070 12.23850
22.01860 12.37380
21.99030 12.40260
21.93960 13.77310
21.98890 13.00580
22.01420 12.59790
21.97940 13.02600
21.96110 13.88800
22.00500 12.35990
21.99810 12.59590
21.98810 12.86590
21.95390 13.85410
22.01600 12.05350
22.00530 12.72040
22.05060 11.77700
