21.90260 8.04590
21.93050 8.04590
21.95360 8.04590
21.99900 8.04590
21.93050 8.04590
21.90730 8.04590
21.93350 8.04590
21.94560 8.04590
21.95230 8.04590
21.89420 8.04590
21.97010 8.04590
21.88860 8.04590
21.88630 8.04590
21.87570 8.04590
21.86930 8.04590
21.93360 8.04590
21.87590 8.04590
21.85260 8.04590
21.90500 8.04590
21.90950 8.04590
21.85130 8.04590
21.91210 8.04590
21.85210 8.04590
21.87080 8.04590
21.91470 8.04590
22.13980 8.04590
21.93420 8.04590
21.88170 8.04590
21.92920 8.04590
21.87900 8.04590
