22.51930 7.94250
22.51140 7.94250
22.52100 7.94250
22.53860 7.94250
22.53310 7.94250
22.52280 7.94250
22.54030 7.94250
22.50800 7.94250
22.50560 7.94250
22.49210 7.94250
22.49010 7.94250
22.48750 7.94250
22.47940 7.94250
22.49630 7.94250
22.48690 7.94250
22.48030 7.94250
22.47560 7.94250
22.46980 7.94250
22.47660 7.94250
22.50060 7.94250
22.50550 7.94250
22.52870 7.94250
22.48790 7.94250
22.49220 7.94250
22.49400 7.94250
22.48400 7.94250
22.47240 7.94250
22.50030 7.94250
22.48050 7.94250
22.48480 7.94250
