23.82690 9.97520 1.00000
23.85390 9.92970 1.00000
21.47400 0.28500 4.00000
23.73040 10.19460 1.00000
23.71930 10.12260 1.00000
23.72740 10.14030 1.00000
23.77180 10.30380 1.00000
23.73090 10.04170 1.00000
23.76770 10.18020 1.00000
23.74370 10.07080 1.00000
23.76740 9.86680 1.00000
23.82340 10.10100 1.00000
23.79140 9.67140 1.00000
22.99640 0.01100 4.00000
22.97040 0.01100 4.00000
23.83900 9.76550 1.00000
23.81070 9.93800 1.00000
23.71560 10.02400 1.00000
23.74900 9.84400 1.00000
22.96710 0.01120 4.00000
22.94160 0.01130 4.00000
22.99740 0.01120 4.00000
22.91330 0.01120 4.00000
22.88130 0.01120 4.00000
22.84190 0.01130 4.00000
22.93370 0.01130 4.00000
22.99200 0.01120 4.00000
23.05560 0.01110 4.00000
20.40930 0.16410 4.00000
21.10790 0.23260 4.00000
