22.76920 14.31500
22.80000 14.03430
22.82250 13.68730
22.82830 13.83160
22.86700 13.28430
22.84590 13.37480
22.83890 13.77050
22.83910 13.70870
22.84300 13.60050
22.78490 14.55450
22.75780 15.21720
22.75930 15.31710
22.80830 14.29070
22.82530 14.03290
22.84130 13.50860
22.86210 13.06870
22.81800 13.63610
22.82720 13.60390
22.87220 13.16850
22.87930 13.04590
22.88630 13.10500
22.91440 12.77370
22.93250 12.66330
22.94200 12.46150
22.95440 12.55270
22.91280 12.95270
22.86970 13.66330
22.86040 13.77860
22.85940 13.89710
22.84760 14.21140
