23.09200 8.53380 1.00000
23.11160 8.40850 1.00000
23.12040 8.28840 1.00000
23.12990 8.36260 1.00000
23.14780 8.14790 1.00000
23.13310 8.19500 1.00000
23.13950 8.37420 1.00000
23.14070 8.33350 1.00000
23.13870 8.27840 1.00000
23.11240 8.64870 1.00000
23.10430 8.88170 1.00000
23.10690 8.91480 1.00000
23.12810 8.57290 1.00000
23.13650 8.47240 1.00000
23.13050 8.24560 1.00000
23.13460 8.05740 1.00000
23.11740 8.29260 1.00000
23.12280 8.29910 1.00000
23.14490 8.12910 1.00000
23.15220 8.09660 1.00000
23.16210 8.16460 1.00000
23.22310 7.56460 1.00000
23.18300 7.95960 1.00000
23.18990 7.85560 1.00000
23.20020 7.90470 1.00000
23.17860 8.08390 1.00000
23.16550 8.38360 1.00000
23.15900 8.43830 1.00000
23.16290 8.49010 1.00000
23.15920 8.63290 1.00000
