21.85120 21.37530
21.84640 21.46210
21.87010 21.19700
21.86810 21.16540
21.91510 20.38320
21.88450 21.06240
21.86750 21.48160
21.82240 22.67440
21.81900 22.77510
21.81210 22.92880
21.83520 22.27130
21.79820 23.25460
21.79280 23.20990
21.88370 20.98490
21.91190 20.54510
21.89240 20.79240
21.89320 20.83080
21.89430 20.74680
21.88410 21.11100
21.89410 20.80860
21.84410 23.82330
21.88190 21.14430
21.87990 21.11810
21.89550 20.53410
21.83450 22.03390
21.56550 33.37970
21.66190 29.18710
21.77200 23.75350
21.77310 23.40880
21.77630 23.32300
