22.42900 7.16330 1.00000
22.42550 7.16640 1.00000
22.43690 7.11940 1.00000
22.44230 7.15660 1.00000
22.45630 7.00280 1.00000
22.45410 7.10810 1.00000
22.45150 7.19690 1.01490
22.44460 7.41970 1.05390
22.44410 7.43290 1.07000
22.44080 7.48170 1.08310
22.44870 7.35720 1.05090
22.43070 7.56770 1.08490
22.42420 7.51450 1.07250
22.45540 7.07880 1.00000
22.46050 6.93530 1.00000
22.45430 6.98620 1.00000
22.44800 6.99160 1.00000
22.44650 7.02730 1.00000
22.45500 7.08520 1.00000
22.45400 7.00460 1.00000
22.45920 7.18230 1.00000
22.44290 6.89390 1.00000
22.44670 7.06690 1.00000
22.44070 6.96350 1.00000
22.43150 7.29650 1.00000
22.40940 8.43330 1.04780
22.41810 8.05640 1.00000
22.41340 7.65850 1.07240
22.41020 7.54430 1.03940
22.40840 7.54330 1.04800
