21.44810 25.08470
21.43330 24.72240
21.42580 25.15020
21.39880 25.73040
21.36630 26.55370
21.27300 29.35930
21.27420 29.52230
21.24470 29.88490
21.28320 29.14310
21.32640 27.44200
21.35950 26.82430
21.36770 26.59150
21.31890 27.69700
21.25890 29.29340
21.29030 28.70250
21.32300 27.80440
21.33300 27.46880
21.38440 25.98260
21.44900 24.72990
21.38500 26.20820
21.38040 26.26660
21.35840 26.65300
21.40660 25.68280
21.40670 25.68890
21.41400 25.38400
21.39990 25.76020
21.47470 24.27180
21.39910 25.80660
21.44220 25.00780
21.45170 24.71750
