22.23010 14.92750
22.20790 15.56620
22.22130 15.42340
22.12600 17.29510
22.10890 17.31530
22.05700 17.99340
22.06840 18.18270
22.18370 15.72360
22.15000 16.04630
22.07190 18.03180
22.12900 17.31410
22.19330 15.53030
22.18630 15.43100
22.19920 15.11440
22.20550 15.15020
22.18200 15.46050
22.19060 15.32330
22.20890 15.20880
22.07880 17.45140
22.06000 17.65300
21.86910 22.72780
22.05610 18.43120
22.09740 17.45050
22.14870 16.41920
22.06410 18.47630
22.07560 18.30870
22.07110 17.65810
22.10700 16.82370
22.11790 16.98380
22.04980 18.29340
