20.82920 12.12510
20.81250 12.36410
20.79230 12.65690
20.78430 12.73560
20.77880 12.80050
20.77510 12.86060
20.78130 12.78360
20.79040 12.62070
20.79080 12.60560
20.79310 12.56800
20.78900 12.61420
20.78170 12.67140
20.77680 12.76900
20.78930 12.61540
20.79410 12.57390
20.79610 12.54430
20.79490 12.53690
20.79150 12.54140
20.79620 12.51010
20.79610 12.55800
20.78190 12.73680
20.79890 12.49040
20.79740 12.59480
20.81550 12.30090
20.79910 12.55430
20.79500 12.53770
20.80090 12.41300
20.79440 12.51680
20.79270 12.48920
20.80910 12.25940
