21.10790 8.32820 1.15590
21.09150 8.51180 1.17690
21.06720 8.78030 1.20820
21.05580 8.88400 1.22820
21.04830 8.96070 1.23740
21.04360 9.01810 1.24150
21.05120 8.94750 1.23300
21.06230 8.80130 1.21800
21.06370 8.77800 1.21440
21.06770 8.73460 1.21200
21.06270 8.78250 1.21830
21.05590 8.82400 1.22340
21.05070 8.89230 1.22680
21.06550 8.74090 1.20870
21.07400 8.65870 1.18830
21.07460 8.66020 1.19670
21.07260 8.66700 1.19770
21.07130 8.65270 1.19280
21.07750 8.61060 1.18700
21.07900 8.63000 1.18420
21.06160 8.78920 1.19990
21.08120 8.57620 1.17550
21.08180 8.62490 1.17740
21.10460 8.36100 1.14220
21.08630 8.57210 1.16880
21.07780 8.60500 1.17960
21.08290 8.52230 1.17660
21.07440 8.62370 1.18860
21.07160 8.61250 1.18790
21.08830 8.44280 1.17250
