22.26600 5.40440
22.29120 4.94200
22.27300 4.83130
22.26620 4.63710
22.27800 5.03380
22.25890 4.76620
22.25980 4.73570
22.24020 4.53500
22.23920 4.88730
22.23320 4.85150
22.23220 5.08130
22.28580 6.25500
22.28720 5.49100
22.22990 5.63710
22.24130 5.94010
22.24420 6.22090
22.24000 6.25390
22.24540 5.17060
22.25370 5.44260
22.23940 6.05130
22.24990 6.01670
22.26290 5.06220
22.27710 5.29770
22.27800 5.34750
22.30110 5.40970
22.29340 5.18840
22.29540 5.49110
22.29510 5.33550
22.30580 5.37340
22.30060 5.29160
