22.38310 9.39390
22.35750 9.69490
22.36440 9.63700
22.40450 9.25010
22.38170 9.51700
22.36900 9.53820
22.39350 9.36400
22.35800 9.68750
22.34650 9.85710
22.33080 10.03150
22.33220 9.98480
22.32740 10.12250
22.32520 9.97150
22.35720 9.64320
22.34020 9.81630
22.34100 9.80310
22.31980 10.13940
22.31410 10.20820
22.32360 10.18260
22.34930 9.78700
22.36050 9.81440
22.39380 9.45890
22.34920 9.85480
22.35190 9.78570
22.35810 9.69110
22.34640 9.77280
22.33260 9.83340
22.36380 9.55940
22.34390 9.70000
22.35680 9.47880
