23.22520 24.52190
23.20100 24.39340
23.23160 22.68190
23.25190 22.41240
23.27820 21.61450
23.21600 24.25790
23.20460 25.19320
23.24110 23.77070
23.35720 15.80920
23.16230 25.43830
23.35710 15.58610
23.15450 25.71320
23.34850 15.11130
23.13870 25.22820
23.31190 16.51200
23.31760 16.39770
23.31840 16.14930
23.29550 16.69360
23.28120 16.77950
23.26430 16.80890
23.28750 17.50780
23.29450 17.17830
23.27510 16.81790
23.28060 16.84260
23.26960 17.45980
23.07830 26.31260
23.07870 27.75190
23.05930 28.11140
22.99410 28.70080
23.03790 26.72310
