20.40500 10.33710 1.69100
20.40290 10.36000 1.69390
20.40680 10.32870 1.68980
20.40150 10.39350 1.69500
20.40090 10.40130 1.69400
20.40600 10.37460 1.69060
20.41290 10.34510 1.69220
20.43410 10.11930 1.66680
20.43810 10.06380 1.66160
20.42670 10.16840 1.67580
20.42450 10.19740 1.68130
20.40750 10.33520 1.69700
20.43880 10.10520 1.67050
20.44110 10.07020 1.66860
20.42610 10.21220 1.68510
20.41220 10.32370 1.69910
20.41410 10.28280 1.69410
20.42930 10.12770 1.67670
20.42820 10.15940 1.67840
20.43210 10.09690 1.66940
20.43040 10.10560 1.66850
20.44380 9.96450 1.65100
20.44720 9.92640 1.64800
20.44180 9.97100 1.65390
20.43520 10.03260 1.66430
20.44380 9.94810 1.65200
20.44350 9.91590 1.64620
20.44630 9.89910 1.64530
20.43220 10.02680 1.65920
20.43190 10.03930 1.65960
