20.26830 12.31900
20.26750 12.32550
20.26970 12.31660
20.26620 12.36260
20.26500 12.38110
20.26870 12.37140
20.27690 12.31900
20.28820 12.20790
20.29040 12.17130
20.28460 12.20710
20.28470 12.20510
20.27380 12.27030
20.29490 12.15990
20.29680 12.12640
20.28810 12.19520
20.27990 12.23730
20.27960 12.22170
20.28800 12.14540
20.28740 12.17500
20.28760 12.15820
20.28540 12.17690
20.29200 12.11500
20.29460 12.08340
20.29140 12.10170
20.28930 12.10780
20.29300 12.08350
20.29010 12.08240
20.29280 12.06520
20.28400 12.13580
20.28370 12.15060
