23.03210 9.77210
23.04780 9.68250
23.03120 9.79630
23.08280 9.50170
23.07820 9.32050
23.06190 9.43600
23.04500 9.46410
23.03270 9.60290
23.01560 9.75760
23.02610 9.74230
23.00470 9.77640
22.97420 9.85290
22.99990 9.62870
23.02180 9.58360
23.04090 9.36020
23.06370 9.07170
23.09830 8.93500
23.09960 9.06250
23.06540 9.36130
23.05260 9.38930
23.05630 9.29560
23.05440 9.26590
23.01720 9.46520
23.02030 9.30480
23.02790 9.30430
23.06600 8.96890
23.05820 9.03610
23.08310 9.06970
23.10100 8.97640
23.07470 9.09140
