22.45110 16.67000
22.47180 16.43260
22.43690 16.77340
22.48850 16.00330
22.48820 16.17890
22.54810 15.50460
22.55860 15.26790
22.52970 15.80670
22.41330 17.46080
22.35500 18.14340
22.40400 17.44240
22.39520 17.36930
22.39740 17.15270
22.52880 16.03840
22.50160 16.27550
22.47450 16.38920
22.48500 16.36090
22.48360 16.23160
22.44940 16.80460
22.45790 16.68770
22.47560 16.41520
22.49740 16.25390
22.51540 16.28090
22.44780 17.01920
22.48100 16.68390
22.48050 16.72170
22.52190 16.42470
22.45120 17.28010
22.46740 17.12160
22.40360 17.77050
