21.91610 31.66520
21.77210 36.83330
21.88110 32.74400
21.93430 31.44780
21.92120 32.00350
21.82920 35.20520
21.73550 37.63160
21.80200 36.14240
21.86240 34.06590
21.88000 32.55280
21.91030 32.87510
21.77190 36.80050
21.88380 33.18060
21.98370 30.26830
21.91720 31.92890
21.85690 33.92490
21.75530 37.51350
21.71960 37.90460
21.57920 45.28390
21.61470 41.67130
21.60940 44.03190
21.71740 39.21740
21.73070 38.64070
21.75550 37.66490
21.74760 37.61260
21.74510 38.38400
21.78640 36.86500
21.76300 37.52470
21.78370 36.89250
21.73880 38.91120
