21.98880 17.25570
22.04250 16.22850
21.98530 17.99300
21.94150 19.26210
22.03720 16.21070
22.00220 17.18030
22.02940 16.40170
22.07780 14.85820
22.01400 16.12590
22.01610 16.15680
22.00820 16.62380
21.97360 17.85570
22.02120 16.60750
22.00780 16.97020
22.05040 16.18500
22.06260 15.46380
22.03840 15.48640
21.99710 16.28020
21.95180 18.06880
22.00670 16.75020
22.03290 15.90560
21.97710 17.21240
21.98660 16.89360
22.01880 16.42970
22.00970 16.31400
21.99870 16.73160
21.99900 16.45210
22.02240 16.09540
22.02470 16.42280
22.04120 15.94720
