20.90910 14.36480
20.91140 14.37240
20.90440 14.50820
20.91200 14.51860
20.91180 14.48630
20.91420 14.55360
20.90700 14.65830
20.91190 14.61230
20.90320 14.67490
20.89280 14.88760
20.87580 15.03830
20.86670 15.20290
20.86830 15.22710
20.87350 15.20360
20.86220 15.23720
20.86280 15.31450
20.86920 15.22500
20.86890 15.27550
20.87660 15.16200
20.86920 15.26420
20.89080 14.95930
20.88190 15.02230
20.87730 15.06210
20.87380 15.11160
20.87430 15.01480
20.85070 15.30400
20.84620 15.34370
20.85600 15.24420
20.87020 15.01590
20.89260 14.69280
