22.27940 14.05260
22.29090 14.05260
22.28490 14.05260
22.27430 14.05260
22.28470 14.05260
22.27120 14.05260
22.22100 14.05260
22.23650 14.05260
22.25760 14.05260
22.24220 14.05260
22.24580 14.05260
22.24570 14.05260
22.22780 14.05260
22.21090 14.05260
22.23480 14.05260
22.22840 14.05260
22.24480 14.05260
22.23980 14.05260
22.24730 14.05260
22.24750 14.05260
22.25700 14.05260
22.25540 14.05260
22.23130 14.05260
22.22800 14.05260
22.22890 14.05260
22.24340 14.05260
22.21390 14.05260
22.23380 14.05260
22.22100 14.05260
22.23490 14.05260
