21.56970 25.25770
21.61140 24.37560
21.56380 25.03220
21.59530 24.21440
21.55650 25.23860
21.60400 24.43490
21.59340 24.65890
21.57130 25.11080
21.60170 24.64700
21.57770 25.27170
21.57090 25.26620
21.57820 25.24010
21.56770 25.61250
21.58940 25.21810
21.56790 25.72450
21.54720 25.94150
21.58720 25.24940
21.57200 25.55650
21.58600 25.54600
21.57670 25.28300
21.57370 25.51690
21.52240 26.41870
21.48720 27.26330
21.54320 25.92090
21.52670 26.15440
21.56790 25.01440
21.58000 24.80950
21.51790 26.26590
21.49850 26.86770
21.53680 25.98410
