22.32690 7.49150 1.50480
22.36500 7.18200 1.44350
22.30950 7.56080 1.53250
22.34080 7.23950 1.46260
22.30760 7.55600 1.51680
22.35750 7.16930 1.42470
22.34610 7.28500 1.45380
22.32330 7.45110 1.49650
22.35430 7.24330 1.43840
22.33730 7.40100 1.46740
22.32670 7.45970 1.48980
22.33470 7.41650 1.46930
22.32610 7.53080 1.48810
22.34740 7.36300 1.44650
22.33000 7.50640 1.48090
22.30600 7.67170 1.52050
22.34710 7.35540 1.44980
22.33260 7.48020 1.47640
22.34560 7.46840 1.48160
22.33140 7.48540 1.49060
22.33530 7.49510 1.49090
22.27650 8.00060 1.60690
22.24000 8.34670 1.66460
22.29830 7.78810 1.56280
22.27810 7.93050 1.59620
22.31620 7.53330 1.52180
22.33100 7.39430 1.48340
22.27290 7.93500 1.58600
22.25650 8.11930 1.61810
22.29930 7.71990 1.53950
