21.69870 7.98540
21.68750 8.14180
21.75970 7.55990
21.64810 8.41370
21.73490 7.70930
21.67900 8.17010
21.68250 8.11870
21.73690 7.69290
21.75150 7.60070
21.75920 7.51490
21.72800 7.81210
21.77240 7.30820
21.69280 8.04190
21.70320 7.99530
21.75750 7.52640
21.75370 7.59630
21.75020 7.65840
21.76860 7.45740
21.75130 7.55560
21.66960 8.36470
21.75280 7.65840
21.76030 7.64160
21.75540 7.72850
21.75870 7.72050
21.74910 7.73930
21.75680 7.63220
21.67120 8.41350
21.75290 7.68690
21.74960 7.67710
21.74030 7.76280
