22.84550 15.14340
22.83620 15.14340
22.81690 15.14340
22.78440 15.14340
22.79250 15.14340
22.76510 15.14340
22.82130 15.14340
22.80720 15.14340
22.85370 15.14340
22.87930 15.14340
22.85510 15.14340
22.82220 15.14340
22.85590 15.14340
22.85100 15.14340
22.83280 15.14340
22.82330 15.14340
22.81420 15.14340
22.80450 15.14340
22.77730 15.14340
22.76890 15.14340
22.72620 15.14340
22.72020 15.14340
22.74320 15.14340
22.73240 15.14340
22.77020 15.14340
22.77150 15.14340
22.78270 15.14340
22.80510 15.14340
22.77000 15.14340
22.76460 15.14340
