21.68230 19.77190
21.65220 20.82940
21.62930 21.47250
21.65180 20.81500
21.61040 22.08760
21.67670 19.75310
21.63670 20.72560
21.61430 21.18630
21.61190 21.80160
21.55120 23.94060
21.54800 23.92340
21.58170 22.31180
21.52450 24.07670
21.57890 22.05980
21.50720 23.87620
21.54150 22.87130
21.54760 22.50320
21.55530 22.38090
21.53730 23.04870
21.52690 23.19650
21.48310 24.63440
21.49580 24.27080
21.52170 22.78230
21.45810 24.66680
21.50280 23.68620
21.47300 24.19260
21.47970 24.07080
21.52480 22.75670
21.54600 22.46020
21.53380 22.62050
