22.32760 9.30490 1.00000
22.31440 9.64490 1.00000
22.23490 10.46180 1.00000
22.25920 10.05030 1.00000
22.22710 10.70490 1.00000
22.32470 9.28890 1.00000
22.25490 9.94700 1.00000
22.23780 10.11660 1.00000
22.24690 10.29340 1.00000
22.24640 10.99720 1.00000
22.24500 10.94880 1.00000
22.21950 10.58010 1.00000
22.22390 11.02150 1.00000
22.21330 10.46290 1.00000
22.20610 10.93690 1.00000
22.19520 10.70950 1.00000
22.19480 10.56910 1.00000
22.20150 10.52440 1.00000
22.19600 10.74090 1.00000
22.19190 10.76120 1.00000
22.19850 11.10620 1.00000
22.20510 10.99290 1.00000
22.17860 10.64370 1.00000
22.13630 11.43280 1.00000
22.19170 10.88590 1.00000
22.17900 10.98910 1.00000
22.17790 10.97720 1.00000
22.18120 10.63220 1.00000
22.19560 10.55030 1.00000
22.18360 10.63140 1.00000
