21.96880 19.67310
21.96080 19.67310
21.97940 19.67310
21.96400 19.67310
21.97390 19.67310
21.97230 19.67310
21.96120 19.67310
21.94910 19.67310
21.95250 19.67310
21.96270 19.67310
21.92400 19.67310
21.93260 19.67310
21.96790 19.67310
21.96480 19.67310
21.95780 19.67310
21.94960 19.67310
21.94440 19.67310
21.93030 19.67310
21.92320 19.67310
21.92020 19.67310
21.91670 19.67310
21.89910 19.67310
21.89870 19.67310
21.91170 19.67310
21.91160 19.67310
21.92260 19.67310
21.92270 19.67310
21.92660 19.67310
21.94290 19.67310
21.90720 19.67310
