21.60880 11.09400
21.59450 11.31520
21.59730 11.39880
21.61350 11.29340
21.60950 11.31030
21.61770 11.09960
21.62730 11.09070
21.60460 11.36560
21.60440 11.43810
21.60730 11.39710
21.58910 11.58620
21.60550 11.43490
21.59560 11.54930
21.61030 11.30540
21.62490 11.09940
21.61370 11.33610
21.62990 11.09490
21.65110 11.00290
21.64850 11.09810
21.62590 11.36770
21.62260 11.45860
21.61090 11.45510
21.61350 11.38700
21.60560 11.36040
21.60360 11.36590
21.60440 11.05890
21.60600 11.07430
21.59070 11.13600
21.61790 10.91630
21.64390 10.80110
