21.99770 5.18260 1.97480
21.98600 5.28710 2.00260
21.99100 5.29720 1.99570
22.00290 5.25630 1.98510
22.00070 5.25140 1.97900
22.00970 5.13320 1.94620
22.01550 5.16270 1.96120
21.99090 5.35450 2.02820
21.99560 5.34930 2.01990
22.00440 5.27860 1.99570
21.98270 5.43550 2.04360
22.00410 5.28030 1.99510
21.99220 5.34240 2.00480
22.00580 5.22990 1.98310
22.01470 5.22950 1.97500
22.01080 5.23010 1.97080
22.02260 5.12880 1.95030
22.04720 5.00210 1.90230
22.04650 5.03430 1.90760
22.01890 5.26230 1.97680
22.02210 5.21420 1.95180
22.00800 5.27980 1.97800
22.01170 5.22690 1.96170
22.00570 5.19590 1.94510
22.00740 5.13720 1.92990
22.00070 5.08050 1.92790
22.00250 5.07950 1.92310
21.98260 5.17260 1.96530
22.00960 5.03290 1.92230
22.02990 5.01090 1.92150
