21.69260 28.90740
21.70150 28.88910
21.69950 28.84240
21.69440 28.88320
21.69630 29.33630
21.66190 30.43120
21.68520 29.77910
21.66380 30.56440
21.64650 30.58900
21.65870 30.61670
21.67770 30.04500
21.65010 30.33630
21.66050 30.40170
21.62570 30.96250
21.62020 31.00860
21.61260 30.96360
21.60300 31.24440
21.58050 31.83430
21.60310 31.70170
21.57940 32.18450
21.58000 32.19230
21.59370 32.47230
21.63040 30.87650
21.61250 31.12330
21.60320 31.23570
21.59990 31.64170
21.59830 31.72040
21.60650 31.75610
21.58060 32.37290
21.59600 31.37210
