22.46610 8.43540 1.39530
22.50490 8.09040 1.28590
22.48190 8.36820 1.38230
22.49250 8.20950 1.33250
22.51540 8.06300 1.28660
22.49320 8.29010 1.32070
22.50320 8.23510 1.31240
22.51310 8.08960 1.23750
22.47460 8.38880 1.32100
22.50620 8.15360 1.26500
22.49910 8.28160 1.31020
22.47550 8.42950 1.33710
22.49950 8.20020 1.26780
22.44380 8.64340 1.38820
22.44020 8.61090 1.36740
22.43230 8.58850 1.36550
22.43530 8.55720 1.33480
22.42800 8.65360 1.34260
22.46260 8.40120 1.28610
22.42400 8.74030 1.37010
22.42750 8.71100 1.36440
22.47330 8.41260 1.26930
22.43650 8.83550 1.43860
22.42570 8.84210 1.42480
22.41000 8.87990 1.45040
22.43360 8.68670 1.37820
22.45550 8.43920 1.29140
22.49060 8.12730 1.19810
22.45820 8.35760 1.22060
22.46050 8.28330 1.21480
