21.57580 15.67950
21.57940 15.67490
21.50320 16.63350
21.50150 16.79610
21.50050 16.91000
21.51500 16.81040
21.50590 16.89300
21.47070 17.41800
21.49840 17.10750
21.52350 16.78580
21.49330 17.22080
21.51910 16.82990
21.52300 16.64510
21.49750 17.13850
21.45850 17.66140
21.40510 18.34810
21.45470 17.73840
21.47510 17.62750
21.43680 17.92300
21.43470 17.84550
21.42890 17.90970
21.41820 17.99910
21.43180 17.83880
21.44950 17.58060
21.46200 17.58620
21.46760 17.57490
21.47230 17.52450
21.44610 17.83700
21.42550 18.11170
21.45800 17.66150
