22.28110 7.29200 1.00000
22.28420 7.26520 1.00000
22.28680 7.13630 1.00000
22.29980 7.13550 1.00000
22.29170 7.24400 1.00000
22.28570 7.47860 1.00000
22.28720 7.26320 1.00000
22.26310 7.29570 1.00000
22.26230 7.28520 1.00000
22.28030 7.12290 1.00000
22.25130 7.43280 1.00000
22.27540 7.19620 1.00000
22.28370 7.18080 1.00000
22.28090 7.38180 1.00000
22.27850 7.71670 1.02360
22.24980 7.97050 1.09230
22.26940 7.72420 1.00000
22.25330 7.84990 1.02290
22.24760 7.69090 1.00000
22.25570 7.58070 1.00000
22.25700 7.47800 1.00000
22.25300 7.39580 1.00000
22.25610 7.39440 1.00000
22.25730 7.39970 1.00000
22.22790 7.82480 1.02530
22.23740 7.82430 1.05760
22.22450 7.95010 1.08720
22.25810 7.58390 1.00000
22.27180 7.34160 1.00000
22.26290 7.41750 1.00000
