21.30890 32.96510
21.32230 32.54420
21.34960 31.52920
21.36300 31.34020
21.33910 31.99740
21.29920 33.42990
21.32950 32.20820
21.31880 31.91570
21.31550 32.08310
21.35710 31.07680
21.27240 33.25810
21.33410 31.92760
21.34290 31.63700
21.31190 32.43860
21.24430 35.44410
21.20060 36.70170
21.22960 35.66840
21.19510 36.40280
21.20900 35.72190
21.23480 34.83600
21.25410 34.08690
21.25990 33.61660
21.26290 33.59940
21.26070 33.70200
21.15730 37.01400
21.18250 36.56520
21.16070 37.19730
21.22570 34.94150
21.28270 33.58960
21.25900 33.96540
