21.63210 6.41760
21.62080 6.66420
21.62470 6.66490
21.62080 6.74060
21.62670 6.72500
21.61660 6.90780
21.61100 6.65610
21.59690 6.95320
21.58930 7.00510
21.58810 7.09450
21.58660 7.07250
21.59300 6.96330
21.58510 6.90080
21.57580 6.88640
21.57910 6.94510
21.59450 6.89910
21.58590 7.04960
21.58160 7.05620
21.57280 7.08940
21.55990 7.27250
21.57010 7.26240
21.57050 7.26160
21.56840 7.16770
21.56410 7.29980
21.56670 7.18530
21.57110 7.11900
21.58470 6.94330
21.57160 7.05070
21.57010 6.94920
21.58650 6.70390
