22.00420 22.25770
22.03260 21.63230
22.01600 21.55860
22.05510 20.97970
22.01530 22.02530
22.03060 21.39290
22.00520 22.04610
22.02380 20.93920
22.03250 21.98230
22.03530 22.28230
21.99610 22.80090
22.05080 22.02230
22.03000 22.05460
22.07410 20.38820
22.05290 20.57820
22.06390 20.18940
22.03970 20.12630
22.06530 19.91940
22.04740 19.99760
22.04060 20.24580
21.92440 22.41130
21.94020 22.28970
21.95820 21.85340
21.98720 21.60710
21.91340 23.10330
22.00590 21.18310
21.99250 21.65270
21.97170 21.89390
21.97740 22.04940
21.97520 21.63760
