21.48440 10.12680 1.84840
21.49780 9.84130 1.80210
21.48550 9.99710 1.82790
21.48500 10.05630 1.83660
21.49340 10.00810 1.83230
21.47990 10.27890 1.86550
21.46060 10.49470 1.89500
21.52410 9.55060 1.75900
21.50970 9.65620 1.76540
21.51460 9.61930 1.76180
21.49770 9.82740 1.78910
21.46090 10.47550 1.93930
21.51750 9.76650 1.78040
21.40850 11.40620 2.08140
21.47080 10.43460 1.89530
21.42620 11.33790 2.07510
21.44570 10.92070 2.00260
21.47490 10.49890 1.95370
21.47940 10.53660 1.95100
21.51960 9.76710 1.77210
21.55370 9.37580 1.71890
21.48370 10.41130 1.93510
21.47340 10.51190 1.95490
21.45340 10.74850 1.98080
21.46060 10.55550 1.94930
21.42620 11.02060 2.00420
21.49130 9.92240 1.79190
21.48710 9.98980 1.82210
21.51020 9.48600 1.74060
21.54360 9.02430 1.65480
