23.70740 13.16710
23.64570 13.16710
23.66650 13.16710
23.72080 13.16710
23.74350 13.16710
23.72330 13.16710
23.69940 13.16710
23.75140 13.16710
23.72200 13.16710
23.68280 13.16710
23.70600 13.16710
23.73630 13.16710
23.72420 13.16710
23.64690 13.16710
23.68690 13.16710
23.66920 13.16710
23.68070 13.16710
23.66730 13.16710
23.65830 13.16710
23.62800 13.16710
23.63450 13.16710
23.62640 13.16710
23.67680 13.16710
23.63920 13.16710
23.63580 13.16710
23.61420 13.16710
23.67460 13.16710
23.65180 13.16710
23.67900 13.16710
23.70370 13.16710
