22.38280 19.34280
22.38540 18.53300
22.36330 19.31290
22.37840 18.41910
22.34970 19.34920
22.40300 18.36280
22.43050 17.68060
22.41110 18.42060
22.48260 16.28740
22.43510 16.89340
22.43310 16.95720
22.44310 16.22550
22.42020 16.65500
22.35630 17.99360
22.37100 17.46940
22.34230 18.30460
22.31330 18.61080
22.38440 17.00980
22.40990 16.25230
22.38410 16.83180
22.35230 17.59720
22.30740 18.83760
22.35340 18.10690
22.38150 16.60450
22.40750 15.85940
22.45100 15.12190
22.39940 16.46400
22.32920 18.23380
22.32540 18.53250
22.35530 17.66680
