21.42370 7.13680
21.41660 7.13680
21.41480 7.13680
21.41490 7.13680
21.41260 7.13680
21.41130 7.13680
21.41770 7.13680
21.41350 7.13680
21.43240 7.13680
21.43520 7.13680
21.42650 7.13680
21.42320 7.13680
21.42180 7.13680
21.42610 7.13680
21.42150 7.13680
21.42250 7.13680
21.41740 7.13680
21.42040 7.13680
21.40990 7.13680
21.40980 7.13680
21.40960 7.13680
21.41320 7.13680
21.41960 7.13680
21.41140 7.13680
21.41030 7.13680
21.40690 7.13680
21.39990 7.13680
21.40230 7.13680
21.40110 7.13680
21.41080 7.13680
