22.77460 19.39020
22.84810 16.40990
22.85730 15.10360
22.71670 20.27010
22.70490 21.85470
22.92600 15.67800
22.84630 18.17990
22.50540 29.76540
22.86380 15.67580
22.69500 21.65110
22.73170 20.48210
22.64300 24.27630
22.71680 21.66150
22.89770 15.83690
22.93170 13.42520
22.90930 13.30280
22.93540 12.53410
22.85910 14.47530
22.73590 18.94040
22.75620 18.74830
22.43550 30.34450
22.67150 21.26740
22.83860 15.11340
22.75280 18.00070
22.88400 14.47600
22.89790 14.17750
22.77600 20.22480
22.73390 23.19100
22.78360 20.19540
22.82260 18.78790
