23.30120 13.46650 1.00000
23.32160 12.15160 1.00000
23.31020 11.50770 1.00000
23.26010 13.65610 1.00000
23.21850 14.01070 1.00000
23.38270 12.04300 1.00000
23.28370 13.15320 1.00000
23.15110 16.45100 1.00000
23.33180 11.61590 1.00000
23.19170 14.26170 1.00000
23.20270 14.14490 1.00000
23.20220 14.86640 1.00000
23.28560 14.35480 1.00000
23.35630 12.08310 1.00000
23.27850 10.83520 1.00000
23.25180 10.80920 1.00000
23.26010 10.34870 1.00000
23.22230 11.34510 1.00000
23.25760 13.05040 1.00000
23.20720 13.00950 1.00000
23.13800 16.88920 1.00000
23.23030 13.95860 1.00000
23.20510 11.62670 1.00000
23.26090 12.42150 1.00000
23.33110 11.11080 1.00000
23.33970 11.00150 1.00000
23.32560 13.76510 1.00000
23.23450 15.84790 1.00000
23.26990 13.86260 1.00000
23.29320 13.02320 1.00000
