22.98750 19.79490
22.97940 19.79490
22.96390 19.79490
22.94800 19.79490
22.92220 19.79490
22.89630 19.79490
22.91630 19.79490
22.94830 19.79490
22.95430 19.79490
22.96180 19.79490
23.03720 19.79490
23.07100 19.79490
23.06930 19.79490
23.01630 19.79490
23.01740 19.79490
23.01600 19.79490
23.04900 19.79490
23.02410 19.79490
23.03270 19.79490
23.03560 19.79490
23.01890 19.79490
23.04580 19.79490
23.07180 19.79490
23.07330 19.79490
22.98100 19.79490
23.04030 19.79490
23.02220 19.79490
22.98070 19.79490
22.94940 19.79490
23.01850 19.79490
