22.06260 18.50620
22.04110 19.07050
22.07970 18.21320
22.09550 18.14590
22.12450 17.70620
22.10950 18.07890
22.16800 17.95900
22.16250 17.18230
22.12390 17.39040
22.08910 18.04690
22.06090 18.75070
22.03310 19.02330
21.98770 19.69320
22.00510 19.12940
22.04020 18.66490
22.07390 18.01340
22.08340 17.82210
22.12050 17.41580
22.16910 16.73360
22.17800 16.53920
22.13940 17.24930
22.10790 18.19840
22.12200 17.30700
22.11480 17.57420
22.04750 18.37500
22.04690 18.36040
22.01290 18.96050
22.00590 19.10870
22.03870 18.69780
22.09360 17.35080
