22.64790 6.98450 1.87100
22.63120 7.11340 1.90530
22.66640 6.79100 1.81590
22.67950 6.75650 1.79830
22.70240 6.61500 1.76790
22.68700 6.80370 1.81790
22.75830 6.20310 1.67010
22.73470 6.36960 1.71960
22.69600 6.55340 1.78560
22.65140 7.05150 1.92290
22.61140 7.56950 2.05080
22.59690 7.54390 2.01840
22.55240 7.89900 2.08740
22.56980 7.66270 2.04510
22.61650 7.23000 1.94640
22.65230 6.86580 1.88100
22.67240 6.60640 1.79070
22.70280 6.44270 1.74560
22.74030 6.24280 1.72310
22.75180 6.09380 1.68490
22.71300 6.46250 1.76900
22.69610 6.50360 1.76450
22.70340 6.41460 1.74370
22.69470 6.54250 1.76760
22.63340 6.94170 1.86840
22.63490 6.89930 1.84430
22.60620 7.10010 1.87000
22.62250 6.78950 1.79590
22.63300 6.92350 1.83430
22.67720 6.46520 1.72570
