21.59440 10.20180
21.59570 10.10570
21.61270 9.71380
21.60740 9.69660
21.59480 10.20640
21.57650 10.63770
21.59160 10.27470
21.57430 10.61370
21.61410 9.43770
21.57380 10.62440
21.58510 10.67780
21.55090 11.69120
21.54920 11.72180
21.55340 11.88610
21.59710 10.39390
21.59610 10.37560
21.58530 10.62560
21.57310 11.20460
21.57780 10.65080
21.52220 12.29060
21.49730 13.74400
21.45960 14.66410
21.45600 14.15380
21.48230 13.41230
21.51440 12.02740
21.48630 12.97890
21.48640 12.96760
21.50330 12.95950
21.49420 12.96620
21.52760 11.84330
