21.90830 8.58540 1.00000
21.94340 8.50380 1.00000
21.90650 8.30030 1.00000
21.91200 8.34570 1.00000
21.90890 8.62700 1.00000
21.89870 8.80990 1.00000
21.90670 8.63820 1.00000
21.93070 8.73260 1.00000
21.90770 8.14420 1.00000
21.93090 8.73750 1.00000
21.90570 8.80850 1.00000
21.92120 9.34140 1.00000
21.88520 9.35930 1.00000
21.92820 9.52410 1.00000
21.91250 8.64620 1.00000
21.91090 8.64600 1.00000
21.90530 8.80360 1.00000
21.93580 9.10800 1.00000
21.93450 8.75410 1.00000
21.86420 9.75560 1.00000
21.89510 10.52840 1.00000
21.87660 11.12460 1.00000
21.87480 10.62180 1.00000
21.88160 10.31010 1.00000
21.85590 9.50530 1.00000
21.87810 10.03370 1.00000
21.87940 10.03720 1.00000
21.89370 10.03100 1.00000
21.88570 10.01490 1.00000
21.89990 9.39700 1.00000
