22.14150 24.17280
22.22760 23.74110
22.22640 23.22800
22.24770 23.21590
22.20520 24.01200
22.22220 23.07700
22.23420 23.22580
22.24500 22.42760
22.22910 22.47890
22.22730 22.51200
22.20230 22.99930
22.14960 24.67000
22.18370 23.92140
22.13200 23.32320
22.11410 23.91360
22.10060 24.08770
22.04570 23.72150
22.12720 23.40210
22.11170 23.80890
22.10430 23.57480
22.10840 23.72800
22.15590 22.94450
22.14630 23.52070
22.13660 23.92720
22.15150 24.01120
22.17210 23.10470
22.14540 23.39520
22.15870 22.88350
22.15730 22.96020
22.16790 22.90310
