22.75610 13.69670
22.76320 13.69670
22.77700 13.69670
22.79000 13.69670
22.78230 13.69670
22.79030 13.69670
22.76980 13.69670
22.77280 13.69670
22.74950 13.69670
22.75840 13.69670
22.77670 13.69670
22.80390 13.69670
22.77250 13.69670
22.78110 13.69670
22.79030 13.69670
22.79350 13.69670
22.77740 13.69670
22.79620 13.69670
22.74960 13.69670
22.77200 13.69670
22.77000 13.69670
22.75910 13.69670
22.76560 13.69670
22.78800 13.69670
22.76790 13.69670
22.80830 13.69670
22.79140 13.69670
22.76360 13.69670
22.76430 13.69670
22.73810 13.69670
