22.14470 33.67460
22.17430 33.02560
22.14130 32.32300
22.13990 31.71570
22.12180 33.40470
22.09560 32.57490
22.08400 32.96640
21.99510 35.18760
22.04880 33.98950
22.05210 32.58060
22.07330 32.77590
22.07090 32.44380
22.06180 33.42480
22.00760 35.63820
22.00960 34.81810
22.05030 33.07020
22.07300 34.30520
22.07400 33.85290
22.08770 33.46070
22.11340 33.19420
22.09850 33.31150
22.11810 32.59500
22.06330 32.63550
22.07180 32.73270
22.04440 34.52930
22.05990 32.76650
22.06340 33.38250
22.02120 34.46460
22.05150 33.95730
22.07160 34.93790
