23.08580 7.25130 1.00000
23.10890 7.07800 1.00000
23.06760 7.10460 1.00000
23.05640 7.09440 1.00000
23.07200 7.26170 1.00000
23.04120 7.17530 1.00000
23.03940 7.22760 1.00000
22.93740 8.46670 1.23920
23.02370 7.31570 1.00000
23.00260 7.26290 1.00000
23.02230 7.23790 1.00000
23.01140 7.23610 1.00000
23.01830 7.35250 1.00000
22.94890 8.52890 1.22860
22.93780 8.44070 1.22830
23.00060 7.30200 1.00000
23.03620 7.41970 1.00000
23.03180 7.38480 1.00000
23.03730 7.34230 1.00000
23.05520 7.25470 1.00000
23.04090 7.30630 1.00000
23.04150 7.24640 1.00000
22.97100 7.91880 1.11010
23.01510 7.23150 1.00000
23.02220 7.42460 1.00000
23.00630 7.31670 1.00000
23.01780 7.30210 1.00000
23.00560 7.42020 1.00000
23.02130 7.32850 1.00000
23.05550 7.38300 1.00000
