22.72010 11.60340
22.73270 11.42270
22.73010 11.53430
22.69980 12.03710
22.66400 12.11270
22.70680 11.92310
22.69530 11.91920
22.67330 12.38640
22.66500 12.37670
22.65830 12.17400
22.63880 12.33880
22.65520 12.29200
22.65750 12.27160
22.64520 12.36190
22.66230 12.27440
22.66960 12.22490
22.66910 12.21920
22.69130 12.01530
22.69040 12.18170
22.74270 11.56880
22.72990 11.88700
22.72650 11.77520
22.71950 11.85550
22.74930 11.65840
22.74350 11.63620
22.75820 11.44910
22.71910 11.79300
22.74110 11.74620
22.71620 12.32640
22.72780 12.30680
