23.33760 15.14990
23.31970 14.90760
23.38630 14.38440
23.36780 14.40870
23.35470 14.69440
23.33520 15.08630
23.40360 14.39040
23.37700 14.85050
23.32310 15.40160
23.30420 15.70600
23.29150 15.67940
23.27280 16.34530
23.27840 16.20480
23.26330 16.54360
23.20950 17.04420
23.21320 16.91320
23.19320 17.06000
23.21860 16.76100
23.24570 16.47390
23.28420 15.58360
23.31190 15.44170
23.32260 15.06940
23.32800 15.24870
23.31390 15.14980
23.28000 15.72720
23.23940 16.28490
23.27940 16.00390
23.27480 15.66620
23.27460 15.71170
23.27450 15.83960
