21.88570 6.88070
21.87710 6.88070
21.88070 6.88070
21.88170 6.88070
21.88860 6.88070
21.87440 6.88070
21.86940 6.88070
21.85340 6.88070
21.84880 6.88070
21.84890 6.88070
21.85080 6.88070
21.86270 6.88070
21.84750 6.88070
21.84990 6.88070
21.85400 6.88070
21.87060 6.88070
21.86500 6.88070
21.86220 6.88070
21.85130 6.88070
21.84120 6.88070
21.85060 6.88070
21.85600 6.88070
21.85710 6.88070
21.85270 6.88070
21.85530 6.88070
21.85240 6.88070
21.87360 6.88070
21.85770 6.88070
21.86170 6.88070
21.87190 6.88070
