22.08360 8.64710
22.07930 8.76070
22.09160 8.88640
22.10310 9.03490
22.10820 8.97120
22.09690 8.83070
22.08890 8.74970
22.08590 8.96020
22.08260 9.02550
22.06820 9.12630
22.05020 9.30890
22.10060 9.14330
22.09390 9.23870
22.08710 9.38200
22.05790 9.57410
22.04740 9.74830
22.04550 9.58480
22.04430 9.46630
22.04820 9.46770
22.04270 9.53700
22.06810 9.16540
22.08480 8.98770
22.08700 9.10700
22.07990 9.31200
22.06750 9.30920
22.07380 9.22230
22.06750 8.91130
22.09710 8.59680
22.05620 8.84480
22.08390 8.65700
