22.27630 5.48660 2.51410
22.26580 5.66460 2.59940
22.27810 5.73980 2.59740
22.29130 5.80950 2.59110
22.29550 5.76600 2.58950
22.28110 5.73640 2.61520
22.27670 5.64120 2.58020
22.26270 5.95730 2.70590
22.26010 5.98910 2.70680
22.23240 6.28240 2.83740
22.20980 6.50130 2.90360
22.27290 6.12330 2.74660
22.26960 6.14290 2.72790
22.25110 6.42840 2.84380
22.20210 6.95070 3.04050
22.17470 7.38440 3.18080
21.37360 43.23630 4.00000
22.17750 7.07440 3.13000
22.17230 7.21320 3.19120
22.17250 7.18230 3.15810
22.22830 6.38670 2.88840
22.25740 6.05630 2.75780
22.25780 6.15340 2.77810
22.24000 6.52050 2.89210
22.22040 6.58440 2.95260
22.24180 6.29400 2.81860
22.24100 6.00080 2.75280
22.28740 5.47090 2.51920
22.22750 5.98530 2.76500
22.26000 5.74950 2.67330
