22.28670 10.79130
22.28060 10.92240
22.26890 11.08480
22.30830 10.84500
22.30480 10.72870
22.28810 10.84750
22.27670 10.79560
22.30750 10.65580
22.28400 10.95650
22.26150 11.11800
22.24840 11.28750
22.27200 11.05970
22.26660 11.07160
22.22690 11.40200
22.23350 11.28150
22.26180 11.07450
22.28610 10.85480
22.30690 10.57970
22.31800 10.50440
22.31210 10.61480
22.28230 10.92960
22.26810 10.99690
22.28740 10.78210
22.30400 10.58580
22.27210 10.75810
22.27130 10.66630
22.28040 10.72430
22.28300 10.78240
22.25010 10.95750
22.29520 10.57220
