21.71170 28.27300
21.65690 31.57030
21.63640 32.32680
21.63500 33.21190
21.67960 30.02200
21.70170 28.75410
21.62410 31.27520
21.68230 29.20600
21.69090 28.93830
21.71420 29.13730
21.74090 28.03070
21.71260 29.81820
21.71010 29.37020
21.63700 33.39180
21.71650 29.49220
21.65680 32.34890
21.68500 31.09900
21.75580 27.58260
21.79670 25.53440
21.74030 27.22240
21.68340 29.86350
21.73660 27.75080
21.80070 25.31460
21.82330 25.80060
21.88940 23.34140
21.80420 26.85310
21.85350 25.05280
21.83640 25.16020
21.89360 22.79020
21.91480 22.99490
