23.75640 11.97890 1.00000
23.75740 11.74420 1.00000
23.68160 12.51200 1.00000
23.72850 12.24670 1.00000
23.72060 12.31970 1.00000
23.75210 12.11480 1.00000
23.69390 12.36040 1.00000
23.71570 11.97970 1.00000
23.71660 12.17070 1.00000
23.72630 12.31600 1.00000
23.75800 12.21800 1.00000
23.74750 12.56680 1.00000
23.72400 12.64610 1.00000
23.74400 12.17550 1.00000
23.76180 12.49570 1.00000
23.80400 12.42430 1.00000
23.77240 14.22560 1.00000
23.75980 13.92320 1.00000
23.75930 14.18660 1.00000
23.84010 12.51930 1.00000
23.78850 14.00230 1.00000
23.78570 13.78760 1.00000
23.78560 14.18830 1.00000
23.79720 13.97190 1.00000
23.80240 12.94750 1.00000
23.84200 12.17080 1.00000
23.83420 12.12410 1.00000
23.78030 12.63420 1.00000
23.75360 12.35120 1.00000
23.79030 12.33850 1.00000
