22.06190 97.09560
22.06000 96.46330
22.03690 97.29540
21.98070 103.46400
22.10110 94.61940
22.04630 98.49110
22.06150 96.07180
22.16410 87.35640
22.12810 91.38390
22.11010 94.72870
22.16240 93.45600
22.09420 99.98450
22.03400 103.96500
22.14120 93.04170
22.09740 101.48800
22.01300 110.09200
21.90950 130.09400
21.98720 119.23000
21.94320 124.96000
22.09700 105.45600
21.97770 122.41400
22.07610 111.72400
21.98580 125.36500
21.97630 123.20800
22.03250 110.42200
22.13800 99.12440
22.15330 96.44520
22.13810 97.86960
22.07490 101.03700
22.15930 96.38560
