21.94770 15.06100
21.93360 15.29620
21.96290 15.19360
21.93320 15.59880
21.91960 15.65190
21.91680 15.80380
21.97230 15.04890
21.95040 15.06230
21.95930 15.15520
21.91600 15.44240
21.88650 15.76020
21.90770 15.62760
21.90360 15.65810
21.89690 15.62440
21.89160 15.53750
21.88890 15.51750
21.86680 15.66930
21.88350 15.90620
21.87920 15.89120
21.92570 15.43920
21.94910 15.19990
21.94740 15.17760
21.95290 14.97740
21.94150 15.17680
21.93400 15.30480
21.93640 15.39700
21.97230 15.15730
21.97980 14.99630
21.94770 15.32070
21.99040 14.82590
