21.62590 11.32850
21.63430 11.27910
21.61420 11.48380
21.60540 11.56730
21.62810 11.24840
21.61900 11.32780
21.63210 11.19030
21.62630 11.35710
21.63910 11.39550
21.62730 11.57520
21.63460 11.52730
21.63660 11.57580
21.66920 11.27900
21.67010 11.25170
21.64360 11.50380
21.64570 11.44700
21.62910 11.56950
21.62920 11.51280
21.59170 11.87580
21.58400 11.90430
21.60060 11.81160
21.59470 11.91390
21.58110 12.04610
21.58230 12.04640
21.58860 12.00190
21.56910 12.28260
21.56810 12.15310
21.56500 12.14120
21.57990 12.11260
21.59790 11.87190
