21.92400 6.53710 2.60210
21.94070 6.38520 2.54500
21.90080 6.77760 2.66730
21.86860 7.15130 2.79710
21.90910 6.70110 2.68530
21.88980 6.89350 2.74770
21.90610 6.75400 2.71850
21.87860 7.14930 2.83760
21.91030 6.91010 2.73870
21.88270 7.24560 2.82550
21.90130 7.05990 2.77140
21.91040 6.98680 2.73260
21.96850 6.44670 2.57240
21.96640 6.46550 2.58670
21.92500 6.83580 2.69050
21.93780 6.65530 2.63040
21.91370 6.84580 2.68230
21.90990 6.86680 2.70250
21.83480 7.64310 2.91750
21.83080 7.61790 2.90430
21.87020 7.22280 2.78050
21.87180 7.19160 2.75090
21.85650 7.30730 2.77010
21.86750 7.16680 2.72070
21.86310 7.28470 2.76980
21.82710 7.70710 2.87080
21.83780 7.44890 2.79880
21.83710 7.41480 2.79010
21.87650 7.06590 2.67180
21.90480 6.77150 2.59840
