21.51190 8.06420 1.00060
21.50030 8.14190 1.01930
21.49660 8.13950 1.01230
21.47740 8.33410 1.03100
21.47060 8.39260 1.03790
21.47670 8.34070 1.01900
21.47760 8.31500 1.02040
21.47920 8.32190 1.01680
21.48260 8.27180 1.01880
21.49140 8.19950 1.01900
21.48580 8.25960 1.02180
21.46720 8.40490 1.04640
21.48230 8.28530 1.02910
21.47220 8.36070 1.04160
21.50170 8.11680 1.01690
21.49820 8.14580 1.02260
21.48580 8.25180 1.02200
21.49130 8.22260 1.01890
21.49540 8.20010 1.01210
21.49120 8.21410 1.02270
21.49240 8.17940 1.02240
21.46770 8.38380 1.03730
21.46280 8.43160 1.04440
21.45740 8.47690 1.03810
21.46510 8.42950 1.03720
21.47730 8.28160 1.01910
21.48230 8.18610 1.01730
21.49750 8.07550 1.00050
21.49920 8.05500 1.00230
21.50250 8.00450 1.00000
