21.20480 12.06110
21.19420 12.13640
21.18890 12.15700
21.16710 12.47130
21.16040 12.55180
21.16520 12.48770
21.16680 12.44060
21.16700 12.47740
21.17270 12.35760
21.18350 12.24280
21.17650 12.34600
21.15690 12.53140
21.17300 12.35610
21.16190 12.46510
21.19460 12.08600
21.19140 12.11160
21.17660 12.31110
21.18220 12.25880
21.18560 12.23740
21.18130 12.23910
21.18510 12.16460
21.15670 12.50590
21.15150 12.59300
21.14350 12.69100
21.15280 12.60690
21.16460 12.38930
21.17200 12.22050
21.18890 12.08000
21.19090 12.02980
21.19530 11.96030
