30.0 30.0 16.923 0.95 120.0 4.0 17.7 25.961 27.092 3.0 0.5 90.0 1.0 19.5 30.0 30.0 12.08 0.702 -55.454 0.8 30.0 30.0 0.0 0.0
30.0 30.0 16.923 0.95 120.0 4.0 17.7 25.961 27.092 3.0 0.75 90.0 1.0 19.5 30.0 30.0 12.08 0.702 -55.454 0.8 30.0 30.0 0.0 0.0
30.0 30.0 16.923 0.95 120.0 4.0 17.7 25.961 27.092 3.0 1.0 90.0 1.0 19.5 30.0 30.0 12.08 0.702 -55.454 0.8 30.0 30.0 0.0 0.0
30.0 30.0 16.923 0.95 120.0 4.0 17.7 25.961 27.092 3.0 0.5 90.0 2.0 19.5 30.0 30.0 12.08 0.702 -55.454 0.8 30.0 30.0 0.0 0.0
30.0 30.0 16.923 0.95 120.0 4.0 17.7 25.961 27.092 3.0 0.75 90.0 2.0 19.5 30.0 30.0 12.08 0.702 -55.454 0.8 30.0 30.0 0.0 0.0
30.0 30.0 16.923 0.95 120.0 4.0 17.7 25.961 27.092 3.0 1.0 90.0 2.0 19.5 30.0 30.0 12.08 0.702 -55.454 0.8 30.0 30.0 0.0 0.0
30.0 30.0 16.923 0.95 120.0 4.0 17.7 25.961 27.092 3.0 0.5 90.0 4.0 19.5 30.0 30.0 12.08 0.702 -55.454 0.8 30.0 30.0 0.0 0.0
30.0 30.0 16.923 0.95 120.0 4.0 17.7 25.961 27.092 3.0 0.75 90.0 4.0 19.5 30.0 30.0 12.08 0.702 -55.454 0.8 30.0 30.0 0.0 0.0
30.0 30.0 16.923 0.95 120.0 4.0 17.7 25.961 27.092 3.0 1.0 90.0 4.0 19.5 30.0 30.0 12.08 0.702 -55.454 0.8 30.0 30.0 0.0 0.0
30.0 30.0 16.923 0.95 120.0 4.0 17.7 25.961 27.092 6.0 0.5 90.0 1.0 19.5 30.0 30.0 12.08 0.702 -55.454 0.8 30.0 30.0 0.0 0.0
30.0 30.0 16.923 0.95 120.0 4.0 17.7 25.961 27.092 6.0 0.75 90.0 1.0 19.5 30.0 30.0 12.08 0.702 -55.454 0.8 30.0 30.0 0.0 0.0
30.0 30.0 16.923 0.95 120.0 4.0 17.7 25.961 27.092 6.0 1.0 90.0 1.0 19.5 30.0 30.0 12.08 0.702 -55.454 0.8 30.0 30.0 0.0 0.0
30.0 30.0 16.923 0.95 120.0 4.0 17.7 25.961 27.092 6.0 0.5 90.0 2.0 19.5 30.0 30.0 12.08 0.702 -55.454 0.8 30.0 30.0 0.0 0.0
30.0 30.0 16.923 0.95 120.0 4.0 17.7 25.961 27.092 6.0 0.75 90.0 2.0 19.5 30.0 30.0 12.08 0.702 -55.454 0.8 30.0 30.0 0.0 0.0
30.0 30.0 16.923 0.95 120.0 4.0 17.7 25.961 27.092 6.0 1.0 90.0 2.0 19.5 30.0 30.0 12.08 0.702 -55.454 0.8 30.0 30.0 0.0 0.0
30.0 30.0 16.923 0.95 120.0 4.0 17.7 25.961 27.092 6.0 0.5 90.0 4.0 19.5 30.0 30.0 12.08 0.702 -55.454 0.8 30.0 30.0 0.0 0.0
30.0 30.0 16.923 0.95 120.0 4.0 17.7 25.961 27.092 6.0 0.75 90.0 4.0 19.5 30.0 30.0 12.08 0.702 -55.454 0.8 30.0 30.0 0.0 0.0
30.0 30.0 16.923 0.95 120.0 4.0 17.7 25.961 27.092 6.0 1.0 90.0 4.0 19.5 30.0 30.0 12.08 0.702 -55.454 0.8 30.0 30.0 0.0 0.0
30.0 30.0 16.923 0.95 120.0 4.0 17.7 25.961 27.092 12.0 0.5 90.0 1.0 19.5 30.0 30.0 12.08 0.702 -55.454 0.8 30.0 30.0 0.0 0.0
30.0 30.0 16.923 0.95 120.0 4.0 17.7 25.961 27.092 12.0 0.75 90.0 1.0 19.5 30.0 30.0 12.08 0.702 -55.454 0.8 30.0 30.0 0.0 0.0
30.0 30.0 16.923 0.95 120.0 4.0 17.7 25.961 27.092 12.0 1.0 90.0 1.0 19.5 30.0 30.0 12.08 0.702 -55.454 0.8 30.0 30.0 0.0 0.0
30.0 30.0 16.923 0.95 120.0 4.0 17.7 25.961 27.092 12.0 0.5 90.0 2.0 19.5 30.0 30.0 12.08 0.702 -55.454 0.8 30.0 30.0 0.0 0.0
30.0 30.0 16.923 0.95 120.0 4.0 17.7 25.961 27.092 12.0 0.75 90.0 2.0 19.5 30.0 30.0 12.08 0.702 -55.454 0.8 30.0 30.0 0.0 0.0
30.0 30.0 16.923 0.95 120.0 4.0 17.7 25.961 27.092 12.0 1.0 90.0 2.0 19.5 30.0 30.0 12.08 0.702 -55.454 0.8 30.0 30.0 0.0 0.0
30.0 30.0 16.923 0.95 120.0 4.0 17.7 25.961 27.092 12.0 0.5 90.0 4.0 19.5 30.0 30.0 12.08 0.702 -55.454 0.8 30.0 30.0 0.0 0.0
30.0 30.0 16.923 0.95 120.0 4.0 17.7 25.961 27.092 12.0 0.75 90.0 4.0 19.5 30.0 30.0 12.08 0.702 -55.454 0.8 30.0 30.0 0.0 0.0
30.0 30.0 16.923 0.95 120.0 4.0 17.7 25.961 27.092 12.0 1.0 90.0 4.0 19.5 30.0 30.0 12.08 0.702 -55.454 0.8 30.0 30.0 0.0 0.0
30.0 30.0 16.923 0.95 120.0 4.0 17.7 25.961 27.092 3.0 0.5 90.0 1.0 20.0 30.0 30.0 12.08 0.702 -55.454 0.8 30.0 30.0 0.0 0.0
30.0 30.0 16.923 0.95 120.0 4.0 17.7 25.961 27.092 3.0 0.75 90.0 1.0 20.0 30.0 30.0 12.08 0.702 -55.454 0.8 30.0 30.0 0.0 0.0
30.0 30.0 16.923 0.95 120.0 4.0 17.7 25.961 27.092 3.0 1.0 90.0 1.0 20.0 30.0 30.0 12.08 0.702 -55.454 0.8 30.0 30.0 0.0 0.0
30.0 30.0 16.923 0.95 120.0 4.0 17.7 25.961 27.092 3.0 0.5 90.0 2.0 20.0 30.0 30.0 12.08 0.702 -55.454 0.8 30.0 30.0 0.0 0.0
30.0 30.0 16.923 0.95 120.0 4.0 17.7 25.961 27.092 3.0 0.75 90.0 2.0 20.0 30.0 30.0 12.08 0.702 -55.454 0.8 30.0 30.0 0.0 0.0
30.0 30.0 16.923 0.95 120.0 4.0 17.7 25.961 27.092 3.0 1.0 90.0 2.0 20.0 30.0 30.0 12.08 0.702 -55.454 0.8 30.0 30.0 0.0 0.0
30.0 30.0 16.923 0.95 120.0 4.0 17.7 25.961 27.092 3.0 0.5 90.0 4.0 20.0 30.0 30.0 12.08 0.702 -55.454 0.8 30.0 30.0 0.0 0.0
30.0 30.0 16.923 0.95 120.0 4.0 17.7 25.961 27.092 3.0 0.75 90.0 4.0 20.0 30.0 30.0 12.08 0.702 -55.454 0.8 30.0 30.0 0.0 0.0
30.0 30.0 16.923 0.95 120.0 4.0 17.7 25.961 27.092 3.0 1.0 90.0 4.0 20.0 30.0 30.0 12.08 0.702 -55.454 0.8 30.0 30.0 0.0 0.0
30.0 30.0 16.923 0.95 120.0 4.0 17.7 25.961 27.092 6.0 0.5 90.0 1.0 20.0 30.0 30.0 12.08 0.702 -55.454 0.8 30.0 30.0 0.0 0.0
30.0 30.0 16.923 0.95 120.0 4.0 17.7 25.961 27.092 6.0 0.75 90.0 1.0 20.0 30.0 30.0 12.08 0.702 -55.454 0.8 30.0 30.0 0.0 0.0
30.0 30.0 16.923 0.95 120.0 4.0 17.7 25.961 27.092 6.0 1.0 90.0 1.0 20.0 30.0 30.0 12.08 0.702 -55.454 0.8 30.0 30.0 0.0 0.0
30.0 30.0 16.923 0.95 120.0 4.0 17.7 25.961 27.092 6.0 0.5 90.0 2.0 20.0 30.0 30.0 12.08 0.702 -55.454 0.8 30.0 30.0 0.0 0.0
30.0 30.0 16.923 0.95 120.0 4.0 17.7 25.961 27.092 6.0 0.75 90.0 2.0 20.0 30.0 30.0 12.08 0.702 -55.454 0.8 30.0 30.0 0.0 0.0
30.0 30.0 16.923 0.95 120.0 4.0 17.7 25.961 27.092 6.0 1.0 90.0 2.0 20.0 30.0 30.0 12.08 0.702 -55.454 0.8 30.0 30.0 0.0 0.0
30.0 30.0 16.923 0.95 120.0 4.0 17.7 25.961 27.092 6.0 0.5 90.0 4.0 20.0 30.0 30.0 12.08 0.702 -55.454 0.8 30.0 30.0 0.0 0.0
30.0 30.0 16.923 0.95 120.0 4.0 17.7 25.961 27.092 6.0 0.75 90.0 4.0 20.0 30.0 30.0 12.08 0.702 -55.454 0.8 30.0 30.0 0.0 0.0
30.0 30.0 16.923 0.95 120.0 4.0 17.7 25.961 27.092 6.0 1.0 90.0 4.0 20.0 30.0 30.0 12.08 0.702 -55.454 0.8 30.0 30.0 0.0 0.0
30.0 30.0 16.923 0.95 120.0 4.0 17.7 25.961 27.092 12.0 0.5 90.0 1.0 20.0 30.0 30.0 12.08 0.702 -55.454 0.8 30.0 30.0 0.0 0.0
30.0 30.0 16.923 0.95 120.0 4.0 17.7 25.961 27.092 12.0 0.75 90.0 1.0 20.0 30.0 30.0 12.08 0.702 -55.454 0.8 30.0 30.0 0.0 0.0
30.0 30.0 16.923 0.95 120.0 4.0 17.7 25.961 27.092 12.0 1.0 90.0 1.0 20.0 30.0 30.0 12.08 0.702 -55.454 0.8 30.0 30.0 0.0 0.0
30.0 30.0 16.923 0.95 120.0 4.0 17.7 25.961 27.092 12.0 0.5 90.0 2.0 20.0 30.0 30.0 12.08 0.702 -55.454 0.8 30.0 30.0 0.0 0.0
30.0 30.0 16.923 0.95 120.0 4.0 17.7 25.961 27.092 12.0 0.75 90.0 2.0 20.0 30.0 30.0 12.08 0.702 -55.454 0.8 30.0 30.0 0.0 0.0
30.0 30.0 16.923 0.95 120.0 4.0 17.7 25.961 27.092 12.0 1.0 90.0 2.0 20.0 30.0 30.0 12.08 0.702 -55.454 0.8 30.0 30.0 0.0 0.0
30.0 30.0 16.923 0.95 120.0 4.0 17.7 25.961 27.092 12.0 0.5 90.0 4.0 20.0 30.0 30.0 12.08 0.702 -55.454 0.8 30.0 30.0 0.0 0.0
30.0 30.0 16.923 0.95 120.0 4.0 17.7 25.961 27.092 12.0 0.75 90.0 4.0 20.0 30.0 30.0 12.08 0.702 -55.454 0.8 30.0 30.0 0.0 0.0
30.0 30.0 16.923 0.95 120.0 4.0 17.7 25.961 27.092 12.0 1.0 90.0 4.0 20.0 30.0 30.0 12.08 0.702 -55.454 0.8 30.0 30.0 0.0 0.0
30.0 30.0 16.923 0.95 120.0 4.0 17.7 25.961 27.092 3.0 0.5 90.0 1.0 20.5 30.0 30.0 12.08 0.702 -55.454 0.8 30.0 30.0 0.0 0.0
30.0 30.0 16.923 0.95 120.0 4.0 17.7 25.961 27.092 3.0 0.75 90.0 1.0 20.5 30.0 30.0 12.08 0.702 -55.454 0.8 30.0 30.0 0.0 0.0
30.0 30.0 16.923 0.95 120.0 4.0 17.7 25.961 27.092 3.0 1.0 90.0 1.0 20.5 30.0 30.0 12.08 0.702 -55.454 0.8 30.0 30.0 0.0 0.0
30.0 30.0 16.923 0.95 120.0 4.0 17.7 25.961 27.092 3.0 0.5 90.0 2.0 20.5 30.0 30.0 12.08 0.702 -55.454 0.8 30.0 30.0 0.0 0.0
30.0 30.0 16.923 0.95 120.0 4.0 17.7 25.961 27.092 3.0 0.75 90.0 2.0 20.5 30.0 30.0 12.08 0.702 -55.454 0.8 30.0 30.0 0.0 0.0
30.0 30.0 16.923 0.95 120.0 4.0 17.7 25.961 27.092 3.0 1.0 90.0 2.0 20.5 30.0 30.0 12.08 0.702 -55.454 0.8 30.0 30.0 0.0 0.0
30.0 30.0 16.923 0.95 120.0 4.0 17.7 25.961 27.092 3.0 0.5 90.0 4.0 20.5 30.0 30.0 12.08 0.702 -55.454 0.8 30.0 30.0 0.0 0.0
30.0 30.0 16.923 0.95 120.0 4.0 17.7 25.961 27.092 3.0 0.75 90.0 4.0 20.5 30.0 30.0 12.08 0.702 -55.454 0.8 30.0 30.0 0.0 0.0
30.0 30.0 16.923 0.95 120.0 4.0 17.7 25.961 27.092 3.0 1.0 90.0 4.0 20.5 30.0 30.0 12.08 0.702 -55.454 0.8 30.0 30.0 0.0 0.0
30.0 30.0 16.923 0.95 120.0 4.0 17.7 25.961 27.092 6.0 0.5 90.0 1.0 20.5 30.0 30.0 12.08 0.702 -55.454 0.8 30.0 30.0 0.0 0.0
30.0 30.0 16.923 0.95 120.0 4.0 17.7 25.961 27.092 6.0 0.75 90.0 1.0 20.5 30.0 30.0 12.08 0.702 -55.454 0.8 30.0 30.0 0.0 0.0
30.0 30.0 16.923 0.95 120.0 4.0 17.7 25.961 27.092 6.0 1.0 90.0 1.0 20.5 30.0 30.0 12.08 0.702 -55.454 0.8 30.0 30.0 0.0 0.0
30.0 30.0 16.923 0.95 120.0 4.0 17.7 25.961 27.092 6.0 0.5 90.0 2.0 20.5 30.0 30.0 12.08 0.702 -55.454 0.8 30.0 30.0 0.0 0.0
30.0 30.0 16.923 0.95 120.0 4.0 17.7 25.961 27.092 6.0 0.75 90.0 2.0 20.5 30.0 30.0 12.08 0.702 -55.454 0.8 30.0 30.0 0.0 0.0
30.0 30.0 16.923 0.95 120.0 4.0 17.7 25.961 27.092 6.0 1.0 90.0 2.0 20.5 30.0 30.0 12.08 0.702 -55.454 0.8 30.0 30.0 0.0 0.0
30.0 30.0 16.923 0.95 120.0 4.0 17.7 25.961 27.092 6.0 0.5 90.0 4.0 20.5 30.0 30.0 12.08 0.702 -55.454 0.8 30.0 30.0 0.0 0.0
30.0 30.0 16.923 0.95 120.0 4.0 17.7 25.961 27.092 6.0 0.75 90.0 4.0 20.5 30.0 30.0 12.08 0.702 -55.454 0.8 30.0 30.0 0.0 0.0
30.0 30.0 16.923 0.95 120.0 4.0 17.7 25.961 27.092 6.0 1.0 90.0 4.0 20.5 30.0 30.0 12.08 0.702 -55.454 0.8 30.0 30.0 0.0 0.0
30.0 30.0 16.923 0.95 120.0 4.0 17.7 25.961 27.092 12.0 0.5 90.0 1.0 20.5 30.0 30.0 12.08 0.702 -55.454 0.8 30.0 30.0 0.0 0.0
30.0 30.0 16.923 0.95 120.0 4.0 17.7 25.961 27.092 12.0 0.75 90.0 1.0 20.5 30.0 30.0 12.08 0.702 -55.454 0.8 30.0 30.0 0.0 0.0
30.0 30.0 16.923 0.95 120.0 4.0 17.7 25.961 27.092 12.0 1.0 90.0 1.0 20.5 30.0 30.0 12.08 0.702 -55.454 0.8 30.0 30.0 0.0 0.0
30.0 30.0 16.923 0.95 120.0 4.0 17.7 25.961 27.092 12.0 0.5 90.0 2.0 20.5 30.0 30.0 12.08 0.702 -55.454 0.8 30.0 30.0 0.0 0.0
30.0 30.0 16.923 0.95 120.0 4.0 17.7 25.961 27.092 12.0 0.75 90.0 2.0 20.5 30.0 30.0 12.08 0.702 -55.454 0.8 30.0 30.0 0.0 0.0
30.0 30.0 16.923 0.95 120.0 4.0 17.7 25.961 27.092 12.0 1.0 90.0 2.0 20.5 30.0 30.0 12.08 0.702 -55.454 0.8 30.0 30.0 0.0 0.0
30.0 30.0 16.923 0.95 120.0 4.0 17.7 25.961 27.092 12.0 0.5 90.0 4.0 20.5 30.0 30.0 12.08 0.702 -55.454 0.8 30.0 30.0 0.0 0.0
30.0 30.0 16.923 0.95 120.0 4.0 17.7 25.961 27.092 12.0 0.75 90.0 4.0 20.5 30.0 30.0 12.08 0.702 -55.454 0.8 30.0 30.0 0.0 0.0
30.0 30.0 16.923 0.95 120.0 4.0 17.7 25.961 27.092 12.0 1.0 90.0 4.0 20.5 30.0 30.0 12.08 0.702 -55.454 0.8 30.0 30.0 0.0 0.0
30.0 30.0 16.923 0.95 120.0 4.0 17.7 25.961 27.092 3.0 0.5 90.0 1.0 21.0 30.0 30.0 12.08 0.702 -55.454 0.8 30.0 30.0 0.0 0.0
30.0 30.0 16.923 0.95 120.0 4.0 17.7 25.961 27.092 3.0 0.75 90.0 1.0 21.0 30.0 30.0 12.08 0.702 -55.454 0.8 30.0 30.0 0.0 0.0
30.0 30.0 16.923 0.95 120.0 4.0 17.7 25.961 27.092 3.0 1.0 90.0 1.0 21.0 30.0 30.0 12.08 0.702 -55.454 0.8 30.0 30.0 0.0 0.0
30.0 30.0 16.923 0.95 120.0 4.0 17.7 25.961 27.092 3.0 0.5 90.0 2.0 21.0 30.0 30.0 12.08 0.702 -55.454 0.8 30.0 30.0 0.0 0.0
30.0 30.0 16.923 0.95 120.0 4.0 17.7 25.961 27.092 3.0 0.75 90.0 2.0 21.0 30.0 30.0 12.08 0.702 -55.454 0.8 30.0 30.0 0.0 0.0
30.0 30.0 16.923 0.95 120.0 4.0 17.7 25.961 27.092 3.0 1.0 90.0 2.0 21.0 30.0 30.0 12.08 0.702 -55.454 0.8 30.0 30.0 0.0 0.0
30.0 30.0 16.923 0.95 120.0 4.0 17.7 25.961 27.092 3.0 0.5 90.0 4.0 21.0 30.0 30.0 12.08 0.702 -55.454 0.8 30.0 30.0 0.0 0.0
30.0 30.0 16.923 0.95 120.0 4.0 17.7 25.961 27.092 3.0 0.75 90.0 4.0 21.0 30.0 30.0 12.08 0.702 -55.454 0.8 30.0 30.0 0.0 0.0
30.0 30.0 16.923 0.95 120.0 4.0 17.7 25.961 27.092 3.0 1.0 90.0 4.0 21.0 30.0 30.0 12.08 0.702 -55.454 0.8 30.0 30.0 0.0 0.0
30.0 30.0 16.923 0.95 120.0 4.0 17.7 25.961 27.092 6.0 0.5 90.0 1.0 21.0 30.0 30.0 12.08 0.702 -55.454 0.8 30.0 30.0 0.0 0.0
30.0 30.0 16.923 0.95 120.0 4.0 17.7 25.961 27.092 6.0 0.75 90.0 1.0 21.0 30.0 30.0 12.08 0.702 -55.454 0.8 30.0 30.0 0.0 0.0
30.0 30.0 16.923 0.95 120.0 4.0 17.7 25.961 27.092 6.0 1.0 90.0 1.0 21.0 30.0 30.0 12.08 0.702 -55.454 0.8 30.0 30.0 0.0 0.0
30.0 30.0 16.923 0.95 120.0 4.0 17.7 25.961 27.092 6.0 0.5 90.0 2.0 21.0 30.0 30.0 12.08 0.702 -55.454 0.8 30.0 30.0 0.0 0.0
30.0 30.0 16.923 0.95 120.0 4.0 17.7 25.961 27.092 6.0 0.75 90.0 2.0 21.0 30.0 30.0 12.08 0.702 -55.454 0.8 30.0 30.0 0.0 0.0
30.0 30.0 16.923 0.95 120.0 4.0 17.7 25.961 27.092 6.0 1.0 90.0 2.0 21.0 30.0 30.0 12.08 0.702 -55.454 0.8 30.0 30.0 0.0 0.0
30.0 30.0 16.923 0.95 120.0 4.0 17.7 25.961 27.092 6.0 0.5 90.0 4.0 21.0 30.0 30.0 12.08 0.702 -55.454 0.8 30.0 30.0 0.0 0.0
30.0 30.0 16.923 0.95 120.0 4.0 17.7 25.961 27.092 6.0 0.75 90.0 4.0 21.0 30.0 30.0 12.08 0.702 -55.454 0.8 30.0 30.0 0.0 0.0
30.0 30.0 16.923 0.95 120.0 4.0 17.7 25.961 27.092 6.0 1.0 90.0 4.0 21.0 30.0 30.0 12.08 0.702 -55.454 0.8 30.0 30.0 0.0 0.0
30.0 30.0 16.923 0.95 120.0 4.0 17.7 25.961 27.092 12.0 0.5 90.0 1.0 21.0 30.0 30.0 12.08 0.702 -55.454 0.8 30.0 30.0 0.0 0.0
30.0 30.0 16.923 0.95 120.0 4.0 17.7 25.961 27.092 12.0 0.75 90.0 1.0 21.0 30.0 30.0 12.08 0.702 -55.454 0.8 30.0 30.0 0.0 0.0
30.0 30.0 16.923 0.95 120.0 4.0 17.7 25.961 27.092 12.0 1.0 90.0 1.0 21.0 30.0 30.0 12.08 0.702 -55.454 0.8 30.0 30.0 0.0 0.0
30.0 30.0 16.923 0.95 120.0 4.0 17.7 25.961 27.092 12.0 0.5 90.0 2.0 21.0 30.0 30.0 12.08 0.702 -55.454 0.8 30.0 30.0 0.0 0.0
30.0 30.0 16.923 0.95 120.0 4.0 17.7 25.961 27.092 12.0 0.75 90.0 2.0 21.0 30.0 30.0 12.08 0.702 -55.454 0.8 30.0 30.0 0.0 0.0
30.0 30.0 16.923 0.95 120.0 4.0 17.7 25.961 27.092 12.0 1.0 90.0 2.0 21.0 30.0 30.0 12.08 0.702 -55.454 0.8 30.0 30.0 0.0 0.0
30.0 30.0 16.923 0.95 120.0 4.0 17.7 25.961 27.092 12.0 0.5 90.0 4.0 21.0 30.0 30.0 12.08 0.702 -55.454 0.8 30.0 30.0 0.0 0.0
30.0 30.0 16.923 0.95 120.0 4.0 17.7 25.961 27.092 12.0 0.75 90.0 4.0 21.0 30.0 30.0 12.08 0.702 -55.454 0.8 30.0 30.0 0.0 0.0
30.0 30.0 16.923 0.95 120.0 4.0 17.7 25.961 27.092 12.0 1.0 90.0 4.0 21.0 30.0 30.0 12.08 0.702 -55.454 0.8 30.0 30.0 0.0 0.0
30.0 30.0 16.923 0.95 120.0 4.0 17.7 25.961 27.092 3.0 0.5 90.0 1.0 21.5 30.0 30.0 12.08 0.702 -55.454 0.8 30.0 30.0 0.0 0.0
30.0 30.0 16.923 0.95 120.0 4.0 17.7 25.961 27.092 3.0 0.75 90.0 1.0 21.5 30.0 30.0 12.08 0.702 -55.454 0.8 30.0 30.0 0.0 0.0
30.0 30.0 16.923 0.95 120.0 4.0 17.7 25.961 27.092 3.0 1.0 90.0 1.0 21.5 30.0 30.0 12.08 0.702 -55.454 0.8 30.0 30.0 0.0 0.0
30.0 30.0 16.923 0.95 120.0 4.0 17.7 25.961 27.092 3.0 0.5 90.0 2.0 21.5 30.0 30.0 12.08 0.702 -55.454 0.8 30.0 30.0 0.0 0.0
30.0 30.0 16.923 0.95 120.0 4.0 17.7 25.961 27.092 3.0 0.75 90.0 2.0 21.5 30.0 30.0 12.08 0.702 -55.454 0.8 30.0 30.0 0.0 0.0
30.0 30.0 16.923 0.95 120.0 4.0 17.7 25.961 27.092 3.0 1.0 90.0 2.0 21.5 30.0 30.0 12.08 0.702 -55.454 0.8 30.0 30.0 0.0 0.0
30.0 30.0 16.923 0.95 120.0 4.0 17.7 25.961 27.092 3.0 0.5 90.0 4.0 21.5 30.0 30.0 12.08 0.702 -55.454 0.8 30.0 30.0 0.0 0.0
30.0 30.0 16.923 0.95 120.0 4.0 17.7 25.961 27.092 3.0 0.75 90.0 4.0 21.5 30.0 30.0 12.08 0.702 -55.454 0.8 30.0 30.0 0.0 0.0
30.0 30.0 16.923 0.95 120.0 4.0 17.7 25.961 27.092 3.0 1.0 90.0 4.0 21.5 30.0 30.0 12.08 0.702 -55.454 0.8 30.0 30.0 0.0 0.0
30.0 30.0 16.923 0.95 120.0 4.0 17.7 25.961 27.092 6.0 0.5 90.0 1.0 21.5 30.0 30.0 12.08 0.702 -55.454 0.8 30.0 30.0 0.0 0.0
30.0 30.0 16.923 0.95 120.0 4.0 17.7 25.961 27.092 6.0 0.75 90.0 1.0 21.5 30.0 30.0 12.08 0.702 -55.454 0.8 30.0 30.0 0.0 0.0
30.0 30.0 16.923 0.95 120.0 4.0 17.7 25.961 27.092 6.0 1.0 90.0 1.0 21.5 30.0 30.0 12.08 0.702 -55.454 0.8 30.0 30.0 0.0 0.0
30.0 30.0 16.923 0.95 120.0 4.0 17.7 25.961 27.092 6.0 0.5 90.0 2.0 21.5 30.0 30.0 12.08 0.702 -55.454 0.8 30.0 30.0 0.0 0.0
30.0 30.0 16.923 0.95 120.0 4.0 17.7 25.961 27.092 6.0 0.75 90.0 2.0 21.5 30.0 30.0 12.08 0.702 -55.454 0.8 30.0 30.0 0.0 0.0
30.0 30.0 16.923 0.95 120.0 4.0 17.7 25.961 27.092 6.0 1.0 90.0 2.0 21.5 30.0 30.0 12.08 0.702 -55.454 0.8 30.0 30.0 0.0 0.0
30.0 30.0 16.923 0.95 120.0 4.0 17.7 25.961 27.092 6.0 0.5 90.0 4.0 21.5 30.0 30.0 12.08 0.702 -55.454 0.8 30.0 30.0 0.0 0.0
30.0 30.0 16.923 0.95 120.0 4.0 17.7 25.961 27.092 6.0 0.75 90.0 4.0 21.5 30.0 30.0 12.08 0.702 -55.454 0.8 30.0 30.0 0.0 0.0
30.0 30.0 16.923 0.95 120.0 4.0 17.7 25.961 27.092 6.0 1.0 90.0 4.0 21.5 30.0 30.0 12.08 0.702 -55.454 0.8 30.0 30.0 0.0 0.0
30.0 30.0 16.923 0.95 120.0 4.0 17.7 25.961 27.092 12.0 0.5 90.0 1.0 21.5 30.0 30.0 12.08 0.702 -55.454 0.8 30.0 30.0 0.0 0.0
30.0 30.0 16.923 0.95 120.0 4.0 17.7 25.961 27.092 12.0 0.75 90.0 1.0 21.5 30.0 30.0 12.08 0.702 -55.454 0.8 30.0 30.0 0.0 0.0
30.0 30.0 16.923 0.95 120.0 4.0 17.7 25.961 27.092 12.0 1.0 90.0 1.0 21.5 30.0 30.0 12.08 0.702 -55.454 0.8 30.0 30.0 0.0 0.0
30.0 30.0 16.923 0.95 120.0 4.0 17.7 25.961 27.092 12.0 0.5 90.0 2.0 21.5 30.0 30.0 12.08 0.702 -55.454 0.8 30.0 30.0 0.0 0.0
30.0 30.0 16.923 0.95 120.0 4.0 17.7 25.961 27.092 12.0 0.75 90.0 2.0 21.5 30.0 30.0 12.08 0.702 -55.454 0.8 30.0 30.0 0.0 0.0
30.0 30.0 16.923 0.95 120.0 4.0 17.7 25.961 27.092 12.0 1.0 90.0 2.0 21.5 30.0 30.0 12.08 0.702 -55.454 0.8 30.0 30.0 0.0 0.0
30.0 30.0 16.923 0.95 120.0 4.0 17.7 25.961 27.092 12.0 0.5 90.0 4.0 21.5 30.0 30.0 12.08 0.702 -55.454 0.8 30.0 30.0 0.0 0.0
30.0 30.0 16.923 0.95 120.0 4.0 17.7 25.961 27.092 12.0 0.75 90.0 4.0 21.5 30.0 30.0 12.08 0.702 -55.454 0.8 30.0 30.0 0.0 0.0
30.0 30.0 16.923 0.95 120.0 4.0 17.7 25.961 27.092 12.0 1.0 90.0 4.0 21.5 30.0 30.0 12.08 0.702 -55.454 0.8 30.0 30.0 0.0 0.0
