21.20070 6.56470
21.20230 6.56470
21.19090 6.56470
21.18960 6.56470
21.19790 6.56470
21.19470 6.56470
21.19770 6.56470
21.18810 6.56470
21.19400 6.56470
21.18410 6.56470
21.18280 6.56470
21.18920 6.56470
21.18110 6.56470
21.18340 6.56470
21.18360 6.56470
21.18930 6.56470
21.18800 6.56470
21.18410 6.56470
21.19330 6.56470
21.18650 6.56470
21.18510 6.56470
21.18590 6.56470
21.18890 6.56470
21.18990 6.56470
21.19320 6.56470
21.19590 6.56470
21.20140 6.56470
21.19630 6.56470
21.19090 6.56470
21.18890 6.56470
