21.75980 63.06110
21.68710 69.44160
21.63620 73.41560
21.70480 63.44790
21.65320 69.25270
21.49660 78.14140
21.69380 66.07410
21.26480 105.64300
21.67350 72.29870
21.45690 93.74990
21.67670 70.77780
21.66170 67.78150
21.74190 62.70980
21.69370 66.61690
21.71550 65.06660
21.64410 68.35080
21.64180 68.00720
21.64990 67.07350
21.44700 79.81140
21.60330 68.86250
21.37010 86.65410
21.31020 90.32080
21.58010 68.79470
21.36030 87.90530
21.51680 78.14160
21.35710 92.68990
21.37720 93.30250
21.54800 76.70490
21.37720 87.51320
21.47390 78.98600
