23.25890 10.01640 1.00000
23.23350 10.61200 1.00000
23.21370 10.93200 1.00000
23.21930 9.83600 1.00000
23.21160 10.09100 1.00000
23.17320 10.77310 1.00000
23.22610 9.94760 1.00000
23.12570 12.82830 1.00000
23.24330 10.84390 1.00000
23.21570 12.10370 1.00000
23.24540 10.40240 1.00000
23.22520 10.16310 1.00000
23.24670 9.67570 1.00000
23.24570 9.73070 1.00000
23.24490 9.59220 1.00000
23.21890 9.74800 1.00000
23.21280 9.77880 1.00000
23.20430 9.64400 1.00000
23.15860 10.54710 1.00000
23.17610 9.70740 1.00000
23.12210 11.02950 1.00000
23.08970 11.26260 1.00000
23.14550 9.96280 1.00000
23.11750 11.34190 1.00000
23.13860 10.85790 1.00000
23.10100 12.12640 1.00000
23.11760 11.96900 1.00000
23.16420 10.77580 1.00000
23.11320 11.49110 1.00000
23.11870 10.84600 1.00000
