21.64480 14.54170
21.64770 14.54170
21.66060 14.54170
21.65110 14.54170
21.61670 14.54170
21.64010 14.54170
21.62620 14.54170
21.63080 14.54170
21.62110 14.54170
21.63230 14.54170
21.62220 14.54170
21.62770 14.54170
21.61100 14.54170
21.63550 14.54170
21.60060 14.54170
21.61870 14.54170
21.62340 14.54170
21.64840 14.54170
21.60860 14.54170
21.59560 14.54170
21.61510 14.54170
21.63320 14.54170
21.63630 14.54170
21.67580 14.54170
21.66520 14.54170
21.68450 14.54170
21.68230 14.54170
21.68900 14.54170
21.69130 14.54170
21.67600 14.54170
