22.41750 9.52880
22.42030 9.51160
22.43360 9.42480
22.42520 9.48450
22.41690 9.52370
22.41030 9.52300
22.46690 9.19430
22.45850 9.17610
22.41120 9.44330
22.43240 9.40730
22.40660 9.60530
22.45170 9.56730
22.48280 9.24610
22.40160 9.80000
22.39710 9.68060
22.38030 9.80110
22.43390 9.50950
22.45500 9.45960
22.47240 9.33030
22.41020 9.64610
22.38520 9.82540
22.35850 10.00750
22.34590 10.03100
22.33970 10.06420
22.34950 9.96560
22.33700 10.12630
22.33430 10.14010
22.39800 9.65000
22.41880 9.56110
22.44850 9.36830
