22.54480 7.70210
22.54920 7.70210
22.57220 7.70210
22.56690 7.70210
22.57990 7.70210
22.61520 7.70210
22.60800 7.70210
22.58910 7.70210
22.55880 7.70210
22.57500 7.70210
22.57430 7.70210
22.56210 7.70210
22.58410 7.70210
22.55780 7.70210
22.57320 7.70210
22.54330 7.70210
22.52880 7.70210
22.54810 7.70210
22.54820 7.70210
22.54060 7.70210
22.55560 7.70210
22.56060 7.70210
22.53320 7.70210
22.55100 7.70210
22.55970 7.70210
22.59860 7.70210
22.53600 7.70210
22.51280 7.70210
22.51080 7.70210
22.52300 7.70210
