22.45910 11.52880 1.15490
22.50170 11.77380 1.00000
22.52330 11.57700 1.00000
22.50430 10.98960 1.00000
22.50810 10.72190 1.00000
22.50400 10.74380 1.00000
22.50120 11.07600 1.00000
22.48980 11.35980 1.00000
22.48990 11.44320 1.00470
22.50440 11.31720 1.00000
22.46890 11.36210 1.00000
22.48180 11.72830 1.00000
22.43830 13.01530 1.19530
22.43050 12.86260 1.21600
22.45640 12.06640 1.12610
22.37510 13.18810 1.35450
22.32830 13.90170 1.47230
22.47720 11.76860 1.00000
22.37630 12.80550 1.29410
22.46410 12.24270 1.00290
22.46430 12.23570 1.00000
22.42090 12.31450 1.07360
22.37850 12.63180 1.19530
22.47030 11.81110 1.00000
22.47040 11.77390 1.00000
22.47730 11.42260 1.00000
22.47620 11.25970 1.00000
22.48090 11.26380 1.00000
22.49680 10.95720 1.00000
22.46370 11.41910 1.00000
