21.43710 48.85270
21.43850 48.06840
21.42830 50.20100
21.39680 50.92060
21.43690 48.42680
21.44030 48.49320
21.46240 46.00180
21.40910 49.09640
21.34450 54.55680
21.36660 53.24310
21.32350 53.62180
21.38250 49.85030
21.29920 60.13110
21.31490 58.35070
21.41630 49.40630
21.32060 57.27560
21.36990 52.31220
21.31310 55.57150
21.38400 49.55380
21.27810 58.03230
21.29560 55.98300
21.35110 50.11320
21.25040 58.58400
21.27930 57.11840
21.37850 48.93740
21.40300 48.10930
21.33870 52.89270
21.37240 49.94390
21.39560 49.40120
21.27200 56.30370
