20.79050 7.27650 1.35790
20.78270 7.30200 1.36040
20.78610 7.29310 1.35750
20.78490 7.30760 1.36350
20.79590 7.21570 1.35040
20.79040 7.18760 1.34290
20.78030 7.27380 1.35270
20.78910 7.22730 1.35500
20.78300 7.24880 1.36330
20.78420 7.20160 1.35840
20.78660 7.20460 1.36800
20.78320 7.23680 1.37070
20.78720 7.19430 1.35180
20.79190 7.22040 1.35060
20.79390 7.21800 1.34360
20.79360 7.19170 1.34070
20.79900 7.18670 1.33850
20.80360 7.14760 1.32410
20.79680 7.24890 1.32500
20.79930 7.20190 1.31960
20.77130 7.48020 1.34780
20.77460 7.46330 1.35640
20.79030 7.32150 1.32990
20.78890 7.37790 1.33720
20.79980 7.34200 1.32730
20.78710 7.42430 1.32870
20.80720 7.20540 1.30370
20.80660 7.16720 1.30200
20.80120 7.22810 1.30640
20.80420 7.16620 1.31090
