20.54360 10.13400
20.53710 10.15220
20.53940 10.15430
20.54060 10.14120
20.54760 10.06970
20.53860 10.08280
20.52940 10.18050
20.54230 10.06410
20.53920 10.05130
20.53930 9.99980
20.54580 9.95440
20.54350 9.98270
20.54090 10.00850
20.54310 10.07370
20.54190 10.11270
20.54100 10.07830
20.54590 10.07920
20.54570 10.09460
20.53590 10.27490
20.53640 10.22970
20.51250 10.56090
20.52130 10.46650
20.52860 10.38640
20.52960 10.43420
20.53690 10.43340
20.52140 10.58460
20.53710 10.34300
20.53770 10.27470
20.53100 10.37980
20.53830 10.23200
