20.44510 6.98430 1.65550
20.43800 7.04960 1.66840
20.43540 7.06500 1.66960
20.43620 7.06000 1.67050
20.43350 7.08640 1.67770
20.43670 7.08530 1.67560
20.44300 7.03420 1.66480
20.43270 7.10120 1.67840
20.44030 7.06170 1.66710
20.43900 7.07400 1.66910
20.43290 7.11510 1.67800
20.43630 7.09590 1.67660
20.44050 7.06430 1.66770
20.43960 7.06490 1.66750
20.43920 7.06760 1.67340
20.44640 7.00460 1.66070
20.44130 7.01810 1.66600
20.42580 7.14930 1.69040
20.42860 7.14230 1.68650
20.43210 7.10600 1.67910
20.43870 7.03820 1.66580
20.43210 7.10550 1.67760
20.41780 7.19360 1.69270
20.42040 7.20110 1.69570
20.42190 7.17970 1.69240
20.43080 7.14180 1.68320
20.43270 7.12180 1.67870
20.43270 7.13810 1.68170
20.42860 7.15900 1.68540
20.43180 7.12430 1.67710
