20.32970 8.22090
20.32620 8.25270
20.32370 8.26750
20.32480 8.25870
20.32440 8.26250
20.32690 8.26970
20.33060 8.24340
20.32370 8.27850
20.32830 8.26960
20.32750 8.27630
20.32410 8.29320
20.32720 8.27500
20.32860 8.27010
20.32750 8.27370
20.32880 8.25620
20.33230 8.22760
20.32910 8.21910
20.32050 8.29070
20.32230 8.29450
20.32350 8.27920
20.32630 8.24680
20.32300 8.28490
20.31300 8.33440
20.31620 8.33500
20.31670 8.32220
20.32320 8.30850
20.32370 8.30180
20.32460 8.30950
20.32170 8.32110
20.32220 8.31140
