21.70950 16.35140
21.68610 16.35140
21.69070 16.35140
21.67700 16.35140
21.66010 16.35140
21.63730 16.35140
21.63490 16.35140
21.62520 16.35140
21.63840 16.35140
21.65040 16.35140
21.66370 16.35140
21.66960 16.35140
21.64980 16.35140
21.62600 16.35140
21.64030 16.35140
21.64670 16.35140
21.66690 16.35140
21.68110 16.35140
21.71950 16.35140
21.68790 16.35140
21.69090 16.35140
21.67230 16.35140
21.68990 16.35140
21.69650 16.35140
21.69940 16.35140
21.69340 16.35140
21.73760 16.35140
21.68510 16.35140
21.71710 16.35140
21.71790 16.35140
