21.45710 19.18210
21.48760 18.89130
21.50980 18.43260
21.50670 18.56680
21.50690 18.51010
21.51630 18.66330
21.52630 18.42940
21.51090 18.60360
21.53700 18.29880
21.52810 18.24480
21.52680 18.42470
21.53960 18.11400
21.55180 17.87280
21.53570 18.24940
21.55400 18.05440
21.52810 18.38910
21.52360 18.33620
21.52190 18.47810
21.52530 18.37720
21.50930 18.36960
21.54870 17.99640
21.54750 18.36360
21.56030 18.19760
21.57540 18.02070
21.52680 18.76430
21.52310 18.76720
21.50880 18.92990
21.49600 19.20540
21.48600 19.37670
21.51450 19.08950
