21.56010 21.39150
21.58790 20.90500
21.51350 22.52800
21.47700 23.42470
21.53130 21.95860
21.51490 22.15080
21.53480 21.55920
21.53530 21.40280
21.51370 22.09520
21.45340 23.55850
21.49190 22.44910
21.49760 22.36880
21.50870 22.01440
21.50100 22.39820
21.46510 23.26750
21.45900 23.30980
21.44030 23.82910
21.46830 23.20140
21.45360 23.90050
21.46670 23.67450
21.48170 22.99840
21.47840 23.07830
21.46520 23.21510
21.43950 23.70230
21.51210 22.16310
21.47070 23.31510
21.49570 22.85220
21.53980 21.60960
21.52940 21.61220
21.59490 20.12310
