22.11490 8.15400 1.74920
22.14080 7.84960 1.68180
22.06650 8.69410 1.85280
22.02570 9.21770 1.93940
22.08660 8.39990 1.79240
22.07030 8.50420 1.80880
22.08380 8.32890 1.78720
22.07920 8.34310 1.79590
22.05980 8.63570 1.84160
21.99850 9.38200 1.96790
22.03960 8.80680 1.87230
22.04690 8.71620 1.85130
22.06270 8.48280 1.80640
22.05460 8.67610 1.84660
22.02150 9.04530 1.90300
22.01540 9.13450 1.93180
22.00050 9.31490 1.95160
22.03460 8.88730 1.87070
22.01740 9.22690 1.93500
22.03490 9.02550 1.88270
22.04390 8.88270 1.86340
22.04630 8.78580 1.85180
22.03350 8.88690 1.87510
22.00480 9.16420 1.91720
22.07440 8.42650 1.79300
22.02830 9.10930 1.90800
22.07010 8.54040 1.79330
22.10850 8.02150 1.70320
22.09570 8.08830 1.72120
22.14660 7.55510 1.63040
