21.00980 7.62200 1.72450
21.00220 7.65120 1.73120
21.02330 7.51470 1.70420
20.99830 7.74370 1.74300
21.00710 7.62570 1.73100
21.00980 7.58200 1.72440
21.01850 7.49240 1.70870
21.04340 7.25750 1.66710
21.05550 7.19150 1.64890
21.03200 7.33780 1.68050
21.03240 7.32920 1.68390
21.03830 7.29300 1.67760
21.05090 7.23890 1.67180
21.06440 7.14150 1.65140
21.04620 7.24100 1.66940
21.03950 7.31370 1.68210
21.04650 7.28900 1.67250
21.06740 7.11050 1.63590
21.03950 7.30730 1.67980
21.03640 7.35410 1.68550
21.01110 7.57840 1.73110
21.03290 7.41420 1.69700
21.00930 7.56340 1.72730
21.01040 7.57110 1.73250
21.00330 7.60810 1.74310
21.03230 7.36970 1.69270
21.02070 7.45780 1.71300
21.00970 7.54610 1.72370
21.01720 7.47450 1.70540
20.99920 7.67050 1.73830
