22.21160 16.12360
22.21880 16.12360
22.20000 16.12360
22.22090 16.12360
22.21440 16.12360
22.20770 16.12360
22.20510 16.12360
22.18880 16.12360
22.23050 16.12360
22.24360 16.12360
22.22170 16.12360
22.24860 16.12360
22.23010 16.12360
22.21970 16.12360
22.20490 16.12360
22.20330 16.12360
22.17690 16.12360
22.19590 16.12360
22.18060 16.12360
22.18090 16.12360
22.13860 16.12360
22.14950 16.12360
22.15340 16.12360
22.17210 16.12360
22.14710 16.12360
22.17730 16.12360
22.18060 16.12360
22.16730 16.12360
22.17760 16.12360
22.16210 16.12360
