22.66690 9.95320 1.00000
22.68180 9.73650 1.00000
22.66210 9.79860 1.00000
22.69120 9.59660 1.00000
22.66740 9.96840 1.00000
22.66280 9.86180 1.00000
22.66140 10.01670 1.00000
22.65800 9.67840 1.00000
22.68440 9.93700 1.00000
22.69610 9.96710 1.00000
22.66980 10.17530 1.00000
22.70570 9.90670 1.00000
22.68410 9.96970 1.00000
22.69300 9.47680 1.00000
22.67630 9.53840 1.00000
22.67660 9.52880 1.00000
22.65260 9.48940 1.00000
22.67160 9.43380 1.00000
22.65580 9.45430 1.00000
22.65100 9.48370 1.00000
22.58720 10.14330 1.00000
22.59870 10.04800 1.00000
22.60590 9.99600 1.00000
22.62680 9.89780 1.00000
22.58430 10.38420 1.00000
22.63370 9.81310 1.00000
22.63340 9.89580 1.00000
22.61770 10.02650 1.00000
22.62670 10.02970 1.00000
22.61500 9.94740 1.00000
