21.95860 6.39430 1.29780
21.97390 6.30900 1.28420
21.96510 6.32080 1.28920
21.95980 6.40280 1.30060
21.94160 6.55900 1.32830
21.96540 6.40160 1.28940
21.95630 6.45830 1.30130
21.95900 6.40850 1.30640
21.97600 6.31960 1.28580
21.95960 6.44920 1.30720
21.94530 6.57200 1.34100
21.95420 6.45960 1.32370
21.94130 6.54870 1.34150
21.93540 6.55480 1.34840
21.95690 6.35660 1.31300
21.97150 6.30380 1.30010
21.98310 6.18090 1.27540
21.96390 6.28170 1.30380
21.96470 6.29630 1.29770
21.93420 6.54340 1.33770
21.92160 6.60190 1.34970
21.93810 6.46350 1.33480
21.95690 6.37280 1.31450
21.95730 6.35780 1.31930
21.95380 6.35780 1.32000
21.95030 6.33870 1.32300
21.93600 6.45470 1.34460
21.91230 6.51170 1.36610
21.90990 6.51860 1.36010
21.92220 6.42620 1.33890
