21.78780 8.30260
21.80260 8.21740
21.79560 8.20130
21.79070 8.29550
21.77430 8.45810
21.79590 8.31070
21.78780 8.36630
21.79170 8.28910
21.80850 8.19380
21.79220 8.33920
21.77980 8.45370
21.78880 8.32270
21.77610 8.40860
21.77120 8.39720
21.79010 8.19120
21.80450 8.14550
21.81470 8.01600
21.79800 8.09940
21.79770 8.13750
21.76940 8.40380
21.75810 8.45740
21.77360 8.28980
21.79070 8.21920
21.79160 8.19170
21.78800 8.19200
21.78580 8.14160
21.77280 8.26270
21.75200 8.27070
21.74780 8.30800
21.75900 8.21400
