22.28280 29.41780
22.29980 29.01620
22.30400 29.02090
22.27850 29.54080
22.35850 27.10530
22.36620 26.45600
22.31110 27.71170
22.28350 28.40230
22.38400 25.14950
22.32350 27.07870
22.17620 31.80040
22.25890 28.13880
22.27230 28.55910
22.34750 26.66180
22.31370 27.16370
22.30860 27.51880
22.36070 26.02210
22.28590 27.45890
22.28480 27.18750
22.24150 28.44770
22.24360 28.40420
22.22330 29.44030
22.37150 24.94830
22.34050 25.90770
22.35950 26.48050
22.26830 28.65900
22.19210 30.72390
22.24600 27.86190
22.19460 30.00840
22.25100 27.76780
