23.06110 8.00760 1.29350
23.07050 7.91520 1.29320
23.07510 7.87690 1.28000
23.05720 8.04880 1.31940
23.09980 7.53920 1.23400
23.10060 7.23880 1.10770
23.07510 7.42300 1.13780
23.06270 7.63100 1.17430
23.08390 7.28920 1.24480
23.07820 7.42490 1.14700
22.99620 8.71440 1.30730
23.04320 7.53750 1.13570
23.05260 7.71400 1.19700
23.08700 7.20040 1.10200
23.07140 7.28950 1.08940
23.07210 7.31270 1.12140
23.09290 7.03620 1.00000
23.05670 7.44250 1.12300
23.05120 7.31350 1.08270
23.03220 7.43990 1.07940
23.03320 7.54100 1.09920
23.02340 7.78110 1.18600
23.07880 7.06680 1.00000
23.07210 7.03580 1.00000
23.09330 7.18260 1.06860
23.05320 7.54920 1.14740
23.01230 7.92140 1.18720
23.00580 7.69940 1.24350
23.00750 7.75500 1.11340
23.00520 7.71810 1.26630
