21.44740 7.92350
21.44680 7.92350
21.44800 7.92350
21.44730 7.92350
21.44920 7.92350
21.45510 7.92350
21.45860 7.92350
21.45600 7.92350
21.45600 7.92350
21.44720 7.92350
21.45030 7.92350
21.43700 7.92350
21.44540 7.92350
21.44490 7.92350
21.44220 7.92350
21.44960 7.92350
21.45350 7.92350
21.45490 7.92350
21.45260 7.92350
21.46480 7.92350
21.46400 7.92350
21.46700 7.92350
21.46800 7.92350
21.46820 7.92350
21.46730 7.92350
21.47700 7.92350
21.47760 7.92350
21.47420 7.92350
21.47720 7.92350
21.47310 7.92350
