22.93850 13.44530
22.92670 13.61840
22.96490 12.62790
22.96300 13.54890
22.95910 12.42100
22.95090 12.34580
22.95410 12.75890
22.85130 15.64370
22.93050 13.44860
22.96170 12.66350
22.98350 12.39200
22.90640 14.08020
22.93310 13.65260
22.95580 13.22030
22.98970 12.83250
22.96820 12.87650
22.96170 13.29220
22.97650 12.49040
22.94870 13.20110
22.96770 12.58130
22.87270 14.81450
22.98020 12.23790
22.97950 11.94800
23.02380 10.72140
23.02110 11.19770
22.94780 12.77850
22.96000 12.50570
22.87640 14.56190
22.82630 14.53490
22.85250 14.02690
