22.68670 12.72820
22.67070 12.88380
22.69110 12.11580
22.67350 12.74180
22.70350 12.00160
22.69310 12.04120
22.67180 12.28400
22.62980 12.84040
22.59400 13.08340
22.68780 12.32760
22.68530 12.28100
22.64220 12.61000
22.66680 12.46020
22.67390 12.56430
22.67600 12.51910
22.69260 12.29740
22.72760 11.85050
22.74320 11.66530
22.62870 12.86240
22.60950 12.99620
22.63030 12.77430
22.60360 13.13730
22.64360 12.88940
22.62260 13.06240
22.66400 12.68230
22.57950 13.48770
22.63140 13.34370
22.67050 12.89130
22.68860 12.68530
22.68220 12.08060
