#iter           logP0016       logPprior       dS              accept          acceptance      weight          l0000p00spemd    l0000p01spemd    l0000p02spemd    l0000p03spemd    l0000p04spemd    l0000p06spemd    e00001lb01t03p02  e00001lb01t03p03  e00001lb01t03p04  e00001lb01t03p05  e00001lb01t03p06  e00001lb02t01p00  e00001lb02t01p01  e00001lb02t01p02  e00001lb03t01p00  e00001lb03t01p01  e00001lb03t01p02 
#pname          --------       ---------       --              ------          ----------      ------          x-coord          y-coord          b/a              theta            theta_e          gam              unknown          unknown          unknown          unknown          unknown          unknown          unknown          unknown          unknown          unknown          unknown         
1              7.678873e+03    5.587005e+00    2.500000e-01    1               0.500000        2.000000e+00    +3.95778800e+00  +3.95959700e+00  +6.29890000e-01  -1.20850100e+00  +1.60075800e+00  +5.99823000e-01  +8.86615000e-01  +2.08132000e+00  +1.17061000e-01  +1.92128600e+00  +5.10555200e+00  +1.93796700e+00  +3.04837200e+00  +1.02453758e+03  +4.99401000e+00  +4.51890400e+00  +2.87674367e+03 
2              7.680537e+03    5.587474e+00    2.500000e-01    1               0.666667        1.000000e+00    +3.95779055e+00  +3.95944121e+00  +6.28521188e-01  -1.20976244e+00  +1.61515626e+00  +5.99773519e-01  +8.82372826e-01  +2.08340922e+00  +1.17002257e-01  +1.92193465e+00  +5.10197847e+00  +1.93782900e+00  +3.04811907e+00  +1.02422674e+03  +4.99386543e+00  +4.51895543e+00  +2.87820160e+03 
5              7.680095e+03    5.586737e+00    2.500000e-01    1               0.500000        3.000000e+00    +3.95768550e+00  +3.95977652e+00  +6.28143611e-01  -1.21497719e+00  +1.61277191e+00  +5.99165341e-01  +8.82607483e-01  +2.08184104e+00  +1.16979925e-01  +1.92039291e+00  +5.10550099e+00  +1.93800503e+00  +3.04828895e+00  +1.02364456e+03  +4.99387800e+00  +4.51896240e+00  +2.87858074e+03 
6              7.679228e+03    5.588224e+00    2.500000e-01    1               0.571429        1.000000e+00    +3.95773376e+00  +3.95924514e+00  +6.29722675e-01  -1.21562193e+00  +1.60650167e+00  +5.98778460e-01  +8.84866301e-01  +2.08313771e+00  +1.16980403e-01  +1.92058970e+00  +5.10091714e+00  +1.93822172e+00  +3.04853165e+00  +1.02278019e+03  +4.99383003e+00  +4.51897193e+00  +2.87851961e+03 
8              7.677700e+03    5.586955e+00    2.500000e-01    1               0.555556        2.000000e+00    +3.95776336e+00  +3.95963568e+00  +6.29764951e-01  -1.21887788e+00  +1.60544616e+00  +5.99277563e-01  +8.83572000e-01  +2.08425627e+00  +1.16938508e-01  +1.92039865e+00  +5.10060740e+00  +1.93832438e+00  +3.04877477e+00  +1.02243677e+03  +4.99384527e+00  +4.51887643e+00  +2.87838051e+03 
9              7.677436e+03    5.582674e+00    2.500000e-01    1               0.600000        1.000000e+00    +3.95832388e+00  +3.96049731e+00  +6.30597727e-01  -1.21842797e+00  +1.60316551e+00  +5.98747726e-01  +8.86967548e-01  +2.08409385e+00  +1.16824208e-01  +1.91937523e+00  +5.10205150e+00  +1.93856525e+00  +3.04880547e+00  +1.02285080e+03  +4.99377811e+00  +4.51898693e+00  +2.87710336e+03 
10             7.677495e+03    5.583942e+00    2.500000e-01    1               0.636364        1.000000e+00    +3.95749206e+00  +3.96082540e+00  +6.32481640e-01  -1.21312766e+00  +1.59750457e+00  +5.98496928e-01  +8.90993695e-01  +2.08433345e+00  +1.16252432e-01  +1.91771966e+00  +5.10882966e+00  +1.93868474e+00  +3.04887967e+00  +1.02357495e+03  +4.99369028e+00  +4.51905685e+00  +2.87632544e+03 
12             7.676850e+03    5.582425e+00    2.500000e-01    1               0.615385        2.000000e+00    +3.95768174e+00  +3.96112906e+00  +6.30084704e-01  -1.21737478e+00  +1.60466489e+00  +5.98627550e-01  +8.84828974e-01  +2.08389214e+00  +1.16506745e-01  +1.92104821e+00  +5.10533490e+00  +1.93860681e+00  +3.04879082e+00  +1.02331860e+03  +4.99360711e+00  +4.51904290e+00  +2.87778113e+03 
13             7.676339e+03    5.581948e+00    2.500000e-01    1               0.642857        1.000000e+00    +3.95825745e+00  +3.96078102e+00  +6.29686426e-01  -1.21387795e+00  +1.60377522e+00  +5.98682844e-01  +8.84913824e-01  +2.08185826e+00  +1.16482709e-01  +1.92082703e+00  +5.10667789e+00  +1.93861258e+00  +3.04868880e+00  +1.02422116e+03  +4.99342205e+00  +4.51895385e+00  +2.87779270e+03 
14             7.677246e+03    5.583231e+00    2.500000e-01    1               0.666667        1.000000e+00    +3.95807584e+00  +3.96054332e+00  +6.28098350e-01  -1.21916132e+00  +1.61370269e+00  +5.98524679e-01  +8.81107940e-01  +2.08447787e+00  +1.16679459e-01  +1.92178002e+00  +5.10612214e+00  +1.93832243e+00  +3.04851458e+00  +1.02310125e+03  +4.99353656e+00  +4.51891759e+00  +2.87851893e+03 
15             7.677197e+03    5.585747e+00    2.500000e-01    1               0.687500        1.000000e+00    +3.95808476e+00  +3.95973576e+00  +6.31348347e-01  -1.21933433e+00  +1.61718616e+00  +5.98242998e-01  +8.81802724e-01  +2.08898672e+00  +1.16663482e-01  +1.92349026e+00  +5.09998412e+00  +1.93821629e+00  +3.04853819e+00  +1.02178803e+03  +4.99373312e+00  +4.51881948e+00  +2.87908029e+03 
16             7.676203e+03    5.585243e+00    2.500000e-01    1               0.705882        1.000000e+00    +3.95802006e+00  +3.95995713e+00  +6.34483930e-01  -1.22021924e+00  +1.61598816e+00  +5.97633497e-01  +8.84258280e-01  +2.10091145e+00  +1.16285488e-01  +1.92507713e+00  +5.09741147e+00  +1.93827128e+00  +3.04838980e+00  +1.02074895e+03  +4.99392886e+00  +4.51873162e+00  +2.87844267e+03 
18             7.675167e+03    5.583430e+00    2.500000e-01    1               0.684211        2.000000e+00    +3.95832428e+00  +3.96025948e+00  +6.30947734e-01  -1.22354004e+00  +1.62278436e+00  +5.98466664e-01  +8.78734575e-01  +2.10248719e+00  +1.16582298e-01  +1.92625543e+00  +5.10154005e+00  +1.93798521e+00  +3.04850647e+00  +1.02078116e+03  +4.99389785e+00  +4.51868903e+00  +2.87825628e+03 
19             7.674348e+03    5.584674e+00    2.500000e-01    1               0.700000        1.000000e+00    +3.95803295e+00  +3.96012736e+00  +6.25836672e-01  -1.22665478e+00  +1.63384466e+00  +5.99708291e-01  +8.70392691e-01  +2.09873521e+00  +1.16785183e-01  +1.92602158e+00  +5.11237754e+00  +1.93749720e+00  +3.04856768e+00  +1.02118856e+03  +4.99394356e+00  +4.51861571e+00  +2.87842733e+03 
21             7.673270e+03    5.581974e+00    2.500000e-01    1               0.681818        2.000000e+00    +3.95818415e+00  +3.96083743e+00  +6.21686744e-01  -1.22716163e+00  +1.63678793e+00  +6.00320857e-01  +8.66397015e-01  +2.09294188e+00  +1.17059175e-01  +1.92646868e+00  +5.11204560e+00  +1.93761227e+00  +3.04855977e+00  +1.02164306e+03  +4.99385307e+00  +4.51853759e+00  +2.87841174e+03 
24             7.675120e+03    5.582717e+00    2.500000e-01    1               0.640000        3.000000e+00    +3.95821010e+00  +3.96058493e+00  +6.23261486e-01  -1.22526184e+00  +1.63493863e+00  +5.99493421e-01  +8.68268804e-01  +2.09517102e+00  +1.17076607e-01  +1.92569780e+00  +5.11542275e+00  +1.93768776e+00  +3.04856339e+00  +1.02238659e+03  +4.99388267e+00  +4.51854102e+00  +2.87865911e+03 
26             7.676487e+03    5.585723e+00    2.500000e-01    1               0.629630        2.000000e+00    +3.95800021e+00  +3.95982085e+00  +6.23063733e-01  -1.22630109e+00  +1.63504748e+00  +5.99556089e-01  +8.67232709e-01  +2.09255975e+00  +1.17308853e-01  +1.92559031e+00  +5.11432735e+00  +1.93766266e+00  +3.04844345e+00  +1.02188403e+03  +4.99393776e+00  +4.51859270e+00  +2.87898222e+03 
28             7.677440e+03    5.588064e+00    2.500000e-01    1               0.620690        2.000000e+00    +3.95766377e+00  +3.95936221e+00  +6.24067994e-01  -1.22671114e+00  +1.63277956e+00  +5.98835163e-01  +8.68613992e-01  +2.09353414e+00  +1.17173665e-01  +1.92625294e+00  +5.11343452e+00  +1.93774909e+00  +3.04828979e+00  +1.02090663e+03  +4.99410290e+00  +4.51866155e+00  +2.87959045e+03 
29             7.677198e+03    5.590040e+00    2.500000e-01    1               0.633333        1.000000e+00    +3.95677426e+00  +3.95949978e+00  +6.21864404e-01  -1.22808479e+00  +1.62668962e+00  +5.99551483e-01  +8.67763896e-01  +2.08924029e+00  +1.17152916e-01  +1.92554982e+00  +5.11818698e+00  +1.93764798e+00  +3.04837276e+00  +1.02143819e+03  +4.99399084e+00  +4.51868174e+00  +2.87948326e+03 
30             7.677627e+03    5.588721e+00    2.500000e-01    1               0.645161        1.000000e+00    +3.95736703e+00  +3.95941333e+00  +6.19843858e-01  -1.22911683e+00  +1.63279612e+00  +6.00401938e-01  +8.63733169e-01  +2.08718711e+00  +1.17364024e-01  +1.92653265e+00  +5.12070993e+00  +1.93747547e+00  +3.04831914e+00  +1.02187365e+03  +4.99391771e+00  +4.51878651e+00  +2.87917811e+03 
31             7.677344e+03    5.589521e+00    2.500000e-01    1               0.656250        1.000000e+00    +3.95724547e+00  +3.95925748e+00  +6.25643895e-01  -1.22521916e+00  +1.62756638e+00  +6.00275302e-01  +8.66914750e-01  +2.09356839e+00  +1.16801320e-01  +1.92927906e+00  +5.12229748e+00  +1.93745132e+00  +3.04840540e+00  +1.02182841e+03  +4.99399181e+00  +4.51885404e+00  +2.87833267e+03 
36             7.678082e+03    5.590543e+00    2.500000e-01    1               0.594595        5.000000e+00    +3.95679643e+00  +3.95931462e+00  +6.26916454e-01  -1.21951733e+00  +1.62024997e+00  +5.99364188e-01  +8.69191317e-01  +2.08762035e+00  +1.16562153e-01  +1.93041036e+00  +5.12690668e+00  +1.93759363e+00  +3.04869387e+00  +1.02232754e+03  +4.99396437e+00  +4.51894058e+00  +2.87785075e+03 
40             7.677627e+03    5.592958e+00    2.500000e-01    1               0.560976        4.000000e+00    +3.95620548e+00  +3.95901683e+00  +6.23772741e-01  -1.22487734e+00  +1.62741561e+00  +6.00255580e-01  +8.66213566e-01  +2.08620856e+00  +1.16938359e-01  +1.93023119e+00  +5.12375541e+00  +1.93734061e+00  +3.04871650e+00  +1.02201466e+03  +4.99388864e+00  +4.51888291e+00  +2.87794791e+03 
41             7.677489e+03    5.591798e+00    2.500000e-01    1               0.571429        1.000000e+00    +3.95666790e+00  +3.95900759e+00  +6.20829198e-01  -1.22480068e+00  +1.63040993e+00  +6.00227813e-01  +8.61689935e-01  +2.08388274e+00  +1.17067608e-01  +1.93268618e+00  +5.12223690e+00  +1.93733668e+00  +3.04867664e+00  +1.02213969e+03  +4.99386265e+00  +4.51889034e+00  +2.87921664e+03 
42             7.677186e+03    5.592358e+00    2.500000e-01    1               0.581395        1.000000e+00    +3.95637652e+00  +3.95907230e+00  +6.24812469e-01  -1.22207824e+00  +1.61929689e+00  +5.99692716e-01  +8.65790028e-01  +2.08644245e+00  +1.16749989e-01  +1.93483442e+00  +5.11670530e+00  +1.93763529e+00  +3.04882709e+00  +1.02199579e+03  +4.99376850e+00  +4.51899517e+00  +2.87854575e+03 
45             7.680305e+03    5.591639e+00    2.500000e-01    1               0.565217        3.000000e+00    +3.95734526e+00  +3.95844695e+00  +6.24343436e-01  -1.21644115e+00  +1.62937813e+00  +5.99728153e-01  +8.66570358e-01  +2.08100162e+00  +1.16627118e-01  +1.93398482e+00  +5.11973034e+00  +1.93745897e+00  +3.04821398e+00  +1.02298227e+03  +4.99386338e+00  +4.51913516e+00  +2.87801468e+03 
46             7.680381e+03    5.589681e+00    2.500000e-01    1               0.574468        1.000000e+00    +3.95704755e+00  +3.95938002e+00  +6.24936824e-01  -1.21591451e+00  +1.62119156e+00  +5.99537518e-01  +8.69544487e-01  +2.08027276e+00  +1.16444146e-01  +1.93274583e+00  +5.12499472e+00  +1.93790035e+00  +3.04838936e+00  +1.02289384e+03  +4.99376955e+00  +4.51911299e+00  +2.87599792e+03 
47             7.680952e+03    5.589056e+00    2.500000e-01    1               0.583333        1.000000e+00    +3.95634595e+00  +3.96017469e+00  +6.20554396e-01  -1.21607253e+00  +1.61835626e+00  +6.00981843e-01  +8.68442976e-01  +2.06931955e+00  +1.16620054e-01  +1.92868438e+00  +5.13747451e+00  +1.93795553e+00  +3.04845799e+00  +1.02492334e+03  +4.99371789e+00  +4.51904768e+00  +2.87396989e+03 
48             7.682309e+03    5.590719e+00    2.500000e-01    1               0.591837        1.000000e+00    +3.95607614e+00  +3.95986141e+00  +6.21288031e-01  -1.21497593e+00  +1.61315815e+00  +6.00966212e-01  +8.71074422e-01  +2.06587034e+00  +1.16612682e-01  +1.92734808e+00  +5.13537614e+00  +1.93833955e+00  +3.04848130e+00  +1.02533293e+03  +4.99374296e+00  +4.51914399e+00  +2.87354085e+03 
50             7.682180e+03    5.592598e+00    2.500000e-01    1               0.588235        2.000000e+00    +3.95604430e+00  +3.95927314e+00  +6.17122026e-01  -1.21800527e+00  +1.61872649e+00  +6.01815939e-01  +8.64951474e-01  +2.06149429e+00  +1.17151100e-01  +1.92672897e+00  +5.13886171e+00  +1.93798505e+00  +3.04850366e+00  +1.02560918e+03  +4.99381742e+00  +4.51895681e+00  +2.87403341e+03 
52             7.681737e+03    5.594868e+00    2.500000e-01    1               0.584906        2.000000e+00    +3.95576537e+00  +3.95874206e+00  +6.15870206e-01  -1.21850622e+00  +1.61325951e+00  +6.00720034e-01  +8.65124320e-01  +2.05842324e+00  +1.17059793e-01  +1.92915508e+00  +5.14162785e+00  +1.93813389e+00  +3.04871278e+00  +1.02517204e+03  +4.99386761e+00  +4.51882150e+00  +2.87507811e+03 
53             7.681971e+03    5.594466e+00    2.500000e-01    1               0.592593        1.000000e+00    +3.95626578e+00  +3.95844954e+00  +6.17352413e-01  -1.22365986e+00  +1.62467820e+00  +6.01438552e-01  +8.62948220e-01  +2.06416778e+00  +1.17313667e-01  +1.92939498e+00  +5.12805202e+00  +1.93799042e+00  +3.04858843e+00  +1.02452397e+03  +4.99385832e+00  +4.51892110e+00  +2.87602125e+03 
54             7.682001e+03    5.594527e+00    2.500000e-01    1               0.600000        1.000000e+00    +3.95626781e+00  +3.95842655e+00  +6.16983165e-01  -1.22362411e+00  +1.62396867e+00  +6.01049710e-01  +8.62947038e-01  +2.06418862e+00  +1.17146571e-01  +1.92941548e+00  +5.12949208e+00  +1.93803762e+00  +3.04859668e+00  +1.02477246e+03  +4.99378930e+00  +4.51902771e+00  +2.87586542e+03 
55             7.682203e+03    5.595812e+00    2.500000e-01    1               0.607143        1.000000e+00    +3.95651045e+00  +3.95775212e+00  +6.20289937e-01  -1.22183224e+00  +1.61287288e+00  +5.99817964e-01  +8.66575967e-01  +2.06836478e+00  +1.16915272e-01  +1.93097854e+00  +5.12879720e+00  +1.93845775e+00  +3.04872900e+00  +1.02409496e+03  +4.99376561e+00  +4.51914480e+00  +2.87620617e+03 
58             7.681538e+03    5.597210e+00    2.500000e-01    1               0.593220        3.000000e+00    +3.95624294e+00  +3.95749312e+00  +6.19648346e-01  -1.22806752e+00  +1.62478771e+00  +6.00603899e-01  +8.61751264e-01  +2.07430788e+00  +1.17301103e-01  +1.93039623e+00  +5.12534740e+00  +1.93812479e+00  +3.04859142e+00  +1.02360543e+03  +4.99380568e+00  +4.51917175e+00  +2.87721689e+03 
59             7.681497e+03    5.597069e+00    2.500000e-01    1               0.600000        1.000000e+00    +3.95611047e+00  +3.95766635e+00  +6.18125228e-01  -1.22818234e+00  +1.61854573e+00  +6.01049306e-01  +8.61925228e-01  +2.06763464e+00  +1.17034912e-01  +1.93273494e+00  +5.12564184e+00  +1.93827988e+00  +3.04867725e+00  +1.02377695e+03  +4.99377611e+00  +4.51937652e+00  +2.87760035e+03 
62             7.681152e+03    5.598065e+00    2.500000e-01    1               0.587302        3.000000e+00    +3.95560056e+00  +3.95776273e+00  +6.12894396e-01  -1.23337544e+00  +1.62235526e+00  +6.01390155e-01  +8.58954059e-01  +2.06497067e+00  +1.17333819e-01  +1.93071696e+00  +5.12919160e+00  +1.93819518e+00  +3.04874372e+00  +1.02397838e+03  +4.99386587e+00  +4.51915567e+00  +2.87822439e+03 
63             7.681885e+03    5.599237e+00    2.500000e-01    1               0.593750        1.000000e+00    +3.95517526e+00  +3.95770898e+00  +6.10507848e-01  -1.23129501e+00  +1.62449479e+00  +6.01860139e-01  +8.60344843e-01  +2.06082925e+00  +1.17378629e-01  +1.92638429e+00  +5.13316136e+00  +1.93822729e+00  +3.04862823e+00  +1.02497751e+03  +4.99372921e+00  +4.51916418e+00  +2.87770848e+03 
64             7.682434e+03    5.602233e+00    2.500000e-01    1               0.600000        1.000000e+00    +3.95487470e+00  +3.95686087e+00  +6.15517081e-01  -1.22767806e+00  +1.61496487e+00  +6.00642168e-01  +8.67975834e-01  +2.06290768e+00  +1.16899810e-01  +1.92567593e+00  +5.12888008e+00  +1.93862981e+00  +3.04865490e+00  +1.02446225e+03  +4.99372459e+00  +4.51926060e+00  +2.87818823e+03 
65             7.682354e+03    5.602577e+00    2.500000e-01    1               0.606061        1.000000e+00    +3.95474989e+00  +3.95683974e+00  +6.15295422e-01  -1.22774364e+00  +1.61758418e+00  +6.00486785e-01  +8.67373677e-01  +2.06358254e+00  +1.16882744e-01  +1.92729725e+00  +5.12531171e+00  +1.93864512e+00  +3.04849817e+00  +1.02397975e+03  +4.99372250e+00  +4.51917695e+00  +2.87910354e+03 
66             7.681833e+03    5.601843e+00    2.500000e-01    1               0.611940        1.000000e+00    +3.95535894e+00  +3.95657203e+00  +6.16955904e-01  -1.22788778e+00  +1.61303756e+00  +6.00174092e-01  +8.68326043e-01  +2.06372088e+00  +1.16690957e-01  +1.92881073e+00  +5.11907591e+00  +1.93878928e+00  +3.04853089e+00  +1.02368245e+03  +4.99376262e+00  +4.51928518e+00  +2.87971731e+03 
69             7.682034e+03    5.599588e+00    2.500000e-01    1               0.600000        3.000000e+00    +3.95633655e+00  +3.95650802e+00  +6.14795137e-01  -1.22904357e+00  +1.62075988e+00  +6.00353020e-01  +8.64697629e-01  +2.06827853e+00  +1.17119665e-01  +1.92867875e+00  +5.11506932e+00  +1.93850453e+00  +3.04815770e+00  +1.02359188e+03  +4.99381825e+00  +4.51927566e+00  +2.88104877e+03 
71             7.681910e+03    5.600760e+00    2.500000e-01    1               0.597222        2.000000e+00    +3.95589802e+00  +3.95648187e+00  +6.16265760e-01  -1.22945126e+00  +1.62346792e+00  +6.00660115e-01  +8.65543399e-01  +2.06995939e+00  +1.17175319e-01  +1.92827067e+00  +5.11162334e+00  +1.93832224e+00  +3.04802847e+00  +1.02370133e+03  +4.99372467e+00  +4.51935563e+00  +2.88085780e+03 
72             7.681898e+03    5.597351e+00    2.500000e-01    1               0.602740        1.000000e+00    +3.95639169e+00  +3.95730143e+00  +6.17700994e-01  -1.22304262e+00  +1.61254710e+00  +6.00427732e-01  +8.71128616e-01  +2.06178902e+00  +1.17028018e-01  +1.92956569e+00  +5.10599300e+00  +1.93864499e+00  +3.04820715e+00  +1.02412975e+03  +4.99353028e+00  +4.51942126e+00  +2.88001293e+03 
73             7.681729e+03    5.596570e+00    2.500000e-01    1               0.608108        1.000000e+00    +3.95643623e+00  +3.95754650e+00  +6.18246593e-01  -1.22441598e+00  +1.61427922e+00  +6.00129768e-01  +8.73672424e-01  +2.06744909e+00  +1.16763055e-01  +1.92944632e+00  +5.10485382e+00  +1.93859686e+00  +3.04822942e+00  +1.02363830e+03  +4.99356318e+00  +4.51949346e+00  +2.87995779e+03 
74             7.683215e+03    5.597322e+00    2.500000e-01    1               0.613333        1.000000e+00    +3.95632671e+00  +3.95737359e+00  +6.15303992e-01  -1.22345537e+00  +1.62491443e+00  +6.00471677e-01  +8.71318572e-01  +2.06375946e+00  +1.16989148e-01  +1.92700910e+00  +5.10733365e+00  +1.93830544e+00  +3.04791928e+00  +1.02443989e+03  +4.99367075e+00  +4.51941226e+00  +2.87988606e+03 
78             7.681883e+03    5.601447e+00    2.500000e-01    1               0.594937        4.000000e+00    +3.95516946e+00  +3.95689646e+00  +6.18739438e-01  -1.22098212e+00  +1.61587063e+00  +5.99664287e-01  +8.74160958e-01  +2.06485514e+00  +1.16200025e-01  +1.92931084e+00  +5.10425036e+00  +1.93864611e+00  +3.04782900e+00  +1.02380528e+03  +4.99372621e+00  +4.51953513e+00  +2.88041153e+03 
79             7.682523e+03    5.603660e+00    2.500000e-01    1               0.600000        1.000000e+00    +3.95432594e+00  +3.95679423e+00  +6.14829748e-01  -1.22191151e+00  +1.62074008e+00  +6.00296658e-01  +8.70900623e-01  +2.05890088e+00  +1.16642136e-01  +1.92840745e+00  +5.10550080e+00  +1.93848010e+00  +3.04777737e+00  +1.02419893e+03  +4.99374417e+00  +4.51943150e+00  +2.88049724e+03 
80             7.683372e+03    5.604685e+00    2.500000e-01    1               0.604938        1.000000e+00    +3.95463309e+00  +3.95612529e+00  +6.17075423e-01  -1.22033634e+00  +1.62222614e+00  +6.00441517e-01  +8.73429314e-01  +2.06292593e+00  +1.16421965e-01  +1.92657074e+00  +5.10988379e+00  +1.93849878e+00  +3.04769651e+00  +1.02433285e+03  +4.99382708e+00  +4.51938577e+00  +2.87865345e+03 
81             7.682459e+03    5.604618e+00    2.500000e-01    1               0.609756        1.000000e+00    +3.95425877e+00  +3.95648326e+00  +6.14587619e-01  -1.22325437e+00  +1.62637224e+00  +6.00957385e-01  +8.68684714e-01  +2.06067806e+00  +1.16502605e-01  +1.92806849e+00  +5.11421384e+00  +1.93834046e+00  +3.04770369e+00  +1.02445064e+03  +4.99379192e+00  +4.51921947e+00  +2.87907263e+03 
83             7.682847e+03    5.605429e+00    2.500000e-01    1               0.607143        2.000000e+00    +3.95479365e+00  +3.95567746e+00  +6.13323959e-01  -1.22058080e+00  +1.63085914e+00  +6.00503855e-01  +8.70147280e-01  +2.05809917e+00  +1.16385685e-01  +1.92542823e+00  +5.11988451e+00  +1.93830337e+00  +3.04742006e+00  +1.02485359e+03  +4.99363861e+00  +4.51926201e+00  +2.87823981e+03 
84             7.683065e+03    5.604720e+00    2.500000e-01    1               0.611765        1.000000e+00    +3.95475797e+00  +3.95599709e+00  +6.13698867e-01  -1.21976962e+00  +1.63047797e+00  +6.00207760e-01  +8.70295089e-01  +2.05850628e+00  +1.16154788e-01  +1.92662828e+00  +5.12138330e+00  +1.93825569e+00  +3.04725555e+00  +1.02529209e+03  +4.99377797e+00  +4.51916711e+00  +2.87891009e+03 
85             7.684958e+03    5.605450e+00    2.500000e-01    1               0.616279        1.000000e+00    +3.95490227e+00  +3.95556561e+00  +6.10643708e-01  -1.21571152e+00  +1.63212231e+00  +6.00817870e-01  +8.67968463e-01  +2.05038585e+00  +1.16549664e-01  +1.92746512e+00  +5.12502719e+00  +1.93836435e+00  +3.04735147e+00  +1.02560387e+03  +4.99386654e+00  +4.51900812e+00  +2.87874363e+03 
87             7.684085e+03    5.604551e+00    2.500000e-01    1               0.613636        2.000000e+00    +3.95488899e+00  +3.95594316e+00  +6.12582953e-01  -1.21618563e+00  +1.63625698e+00  +6.00036027e-01  +8.68345898e-01  +2.05615230e+00  +1.16347416e-01  +1.92947860e+00  +5.12033338e+00  +1.93808371e+00  +3.04708243e+00  +1.02439299e+03  +4.99388113e+00  +4.51911676e+00  +2.87971565e+03 
88             7.683284e+03    5.602001e+00    2.500000e-01    1               0.617978        1.000000e+00    +3.95588922e+00  +3.95600160e+00  +6.12646252e-01  -1.21771456e+00  +1.63791943e+00  +5.99299240e-01  +8.68514890e-01  +2.05772016e+00  +1.16226945e-01  +1.92882709e+00  +5.12177862e+00  +1.93806497e+00  +3.04718840e+00  +1.02442660e+03  +4.99363643e+00  +4.51914009e+00  +2.88031533e+03 
89             7.681237e+03    5.602060e+00    2.500000e-01    1               0.622222        1.000000e+00    +3.95576314e+00  +3.95610218e+00  +6.11166569e-01  -1.21904322e+00  +1.63631991e+00  +5.99115020e-01  +8.68280785e-01  +2.05664901e+00  +1.16025493e-01  +1.92821728e+00  +5.12002715e+00  +1.93826107e+00  +3.04717077e+00  +1.02458434e+03  +4.99352403e+00  +4.51911703e+00  +2.88052628e+03 
90             7.681304e+03    5.602514e+00    2.500000e-01    1               0.626374        1.000000e+00    +3.95516139e+00  +3.95649469e+00  +6.14684150e-01  -1.21883517e+00  +1.63056659e+00  +5.99020750e-01  +8.70851577e-01  +2.06123210e+00  +1.15816859e-01  +1.92878950e+00  +5.12021164e+00  +1.93836036e+00  +3.04732907e+00  +1.02402110e+03  +4.99359605e+00  +4.51902684e+00  +2.87937958e+03 
91             7.681496e+03    5.601804e+00    2.500000e-01    1               0.630435        1.000000e+00    +3.95528570e+00  +3.95665493e+00  +6.14480691e-01  -1.21686045e+00  +1.62919524e+00  +5.99258543e-01  +8.70328763e-01  +2.05979811e+00  +1.15973158e-01  +1.92928842e+00  +5.11949457e+00  +1.93839615e+00  +3.04726526e+00  +1.02413665e+03  +4.99353769e+00  +4.51903913e+00  +2.87958173e+03 
93             7.681324e+03    5.602237e+00    2.500000e-01    1               0.627660        2.000000e+00    +3.95486614e+00  +3.95686678e+00  +6.16043096e-01  -1.21727314e+00  +1.62481380e+00  +5.99208726e-01  +8.72801090e-01  +2.06008754e+00  +1.15630728e-01  +1.92923221e+00  +5.12117361e+00  +1.93853969e+00  +3.04728045e+00  +1.02453107e+03  +4.99358392e+00  +4.51915303e+00  +2.87939897e+03 
94             7.681129e+03    5.602876e+00    2.500000e-01    1               0.631579        1.000000e+00    +3.95461504e+00  +3.95684365e+00  +6.16683427e-01  -1.21891874e+00  +1.63606898e+00  +5.99326020e-01  +8.69327623e-01  +2.06543786e+00  +1.15785420e-01  +1.92890717e+00  +5.12083218e+00  +1.93813684e+00  +3.04726011e+00  +1.02483807e+03  +4.99354168e+00  +4.51906803e+00  +2.87933436e+03 
95             7.680941e+03    5.603489e+00    2.500000e-01    1               0.635417        1.000000e+00    +3.95465197e+00  +3.95657666e+00  +6.17852818e-01  -1.21967681e+00  +1.63609111e+00  +5.98704402e-01  +8.68963264e-01  +2.06659618e+00  +1.15875543e-01  +1.93038343e+00  +5.11411134e+00  +1.93820089e+00  +3.04753484e+00  +1.02413538e+03  +4.99353261e+00  +4.51917769e+00  +2.88080843e+03 
97             7.681199e+03    5.604361e+00    2.500000e-01    1               0.632653        2.000000e+00    +3.95435037e+00  +3.95650358e+00  +6.16741685e-01  -1.22219972e+00  +1.64315586e+00  +5.99287869e-01  +8.65526794e-01  +2.07253246e+00  +1.16085504e-01  +1.93250360e+00  +5.11635642e+00  +1.93797513e+00  +3.04753397e+00  +1.02351318e+03  +4.99364314e+00  +4.51911322e+00  +2.88156664e+03 
98             7.681937e+03    5.604497e+00    2.500000e-01    1               0.636364        1.000000e+00    +3.95448903e+00  +3.95632876e+00  +6.13609118e-01  -1.21925385e+00  +1.65007912e+00  +5.99673046e-01  +8.65744032e-01  +2.07034595e+00  +1.16074255e-01  +1.92951188e+00  +5.12388905e+00  +1.93763646e+00  +3.04721735e+00  +1.02455382e+03  +4.99359218e+00  +4.51918258e+00  +2.88087299e+03 
99             7.685389e+03    5.606045e+00    2.500000e-01    1               0.640000        1.000000e+00    +3.95446268e+00  +3.95573475e+00  +6.14921408e-01  -1.20860479e+00  +1.64034592e+00  +5.98554746e-01  +8.72914106e-01  +2.06394153e+00  +1.15786777e-01  +1.92768025e+00  +5.13012394e+00  +1.93787952e+00  +3.04708120e+00  +1.02511820e+03  +4.99382965e+00  +4.51907337e+00  +2.88041530e+03 
100            7.685337e+03    5.604636e+00    2.500000e-01    1               0.643564        1.000000e+00    +3.95462873e+00  +3.95614898e+00  +6.18309422e-01  -1.20031748e+00  +1.62850564e+00  +5.97793197e-01  +8.79413773e-01  +2.06001207e+00  +1.15108593e-01  +1.92778728e+00  +5.13452980e+00  +1.93804655e+00  +3.04689584e+00  +1.02606190e+03  +4.99380892e+00  +4.51916238e+00  +2.87960501e+03 
101            7.685945e+03    5.605484e+00    2.500000e-01    1               0.647059        1.000000e+00    +3.95430557e+00  +3.95610214e+00  +6.15754906e-01  -1.19882724e+00  +1.63245026e+00  +5.98312364e-01  +8.79215931e-01  +2.05332557e+00  +1.15442514e-01  +1.92600058e+00  +5.13252162e+00  +1.93789820e+00  +3.04679448e+00  +1.02640722e+03  +4.99383744e+00  +4.51906289e+00  +2.88005972e+03 
102            7.686308e+03    5.606011e+00    2.500000e-01    1               0.650485        1.000000e+00    +3.95398512e+00  +3.95617394e+00  +6.15046180e-01  -1.19823115e+00  +1.62876218e+00  +5.98199148e-01  +8.79981391e-01  +2.05209049e+00  +1.15373160e-01  +1.92689996e+00  +5.13600636e+00  +1.93791464e+00  +3.04691959e+00  +1.02634876e+03  +4.99396812e+00  +4.51905745e+00  +2.88063387e+03 
104            7.686039e+03    5.606950e+00    2.500000e-01    1               0.647619        2.000000e+00    +3.95384190e+00  +3.95592379e+00  +6.19620862e-01  -1.19634357e+00  +1.62158932e+00  +5.97693430e-01  +8.85870997e-01  +2.05240574e+00  +1.14843875e-01  +1.92644534e+00  +5.13506830e+00  +1.93841190e+00  +3.04684725e+00  +1.02616505e+03  +4.99396338e+00  +4.51938526e+00  +2.87959703e+03 
105            7.686066e+03    5.607918e+00    2.500000e-01    1               0.650943        1.000000e+00    +3.95372231e+00  +3.95563560e+00  +6.17602996e-01  -1.19929702e+00  +1.63105278e+00  +5.98754710e-01  +8.81102016e-01  +2.05237660e+00  +1.15351605e-01  +1.92529912e+00  +5.13129308e+00  +1.93814405e+00  +3.04699285e+00  +1.02620648e+03  +4.99390433e+00  +4.51930094e+00  +2.87953871e+03 
106            7.686801e+03    5.605687e+00    2.500000e-01    1               0.654206        1.000000e+00    +3.95437029e+00  +3.95596330e+00  +6.17952627e-01  -1.19470140e+00  +1.62332990e+00  +5.99077622e-01  +8.82154262e-01  +2.04716829e+00  +1.15396243e-01  +1.92601160e+00  +5.13057482e+00  +1.93852831e+00  +3.04700075e+00  +1.02675136e+03  +4.99386870e+00  +4.51935995e+00  +2.87873416e+03 
107            7.686531e+03    5.605178e+00    2.500000e-01    1               0.657407        1.000000e+00    +3.95420400e+00  +3.95631240e+00  +6.15712851e-01  -1.19563214e+00  +1.62151892e+00  +5.99887523e-01  +8.78941197e-01  +2.04088980e+00  +1.15381817e-01  +1.92839266e+00  +5.13524555e+00  +1.93850883e+00  +3.04698116e+00  +1.02778852e+03  +4.99377482e+00  +4.51939577e+00  +2.87846189e+03 
108            7.687212e+03    5.604310e+00    2.500000e-01    1               0.660550        1.000000e+00    +3.95476829e+00  +3.95615104e+00  +6.19000685e-01  -1.19893195e+00  +1.62401310e+00  +5.99815257e-01  +8.82361520e-01  +2.04492996e+00  +1.15235914e-01  +1.92693864e+00  +5.13275544e+00  +1.93868655e+00  +3.04694864e+00  +1.02685120e+03  +4.99390284e+00  +4.51933192e+00  +2.87769183e+03 
109            7.686969e+03    5.604507e+00    2.500000e-01    1               0.663636        1.000000e+00    +3.95457839e+00  +3.95624527e+00  +6.21102678e-01  -1.19427120e+00  +1.61557815e+00  +5.99734470e-01  +8.85826118e-01  +2.04321417e+00  +1.14818163e-01  +1.92852516e+00  +5.13378896e+00  +1.93879146e+00  +3.04706948e+00  +1.02731322e+03  +4.99394095e+00  +4.51929087e+00  +2.87688790e+03 
110            7.686273e+03    5.605921e+00    2.500000e-01    1               0.666667        1.000000e+00    +3.95428295e+00  +3.95594800e+00  +6.16952086e-01  -1.19576732e+00  +1.61956075e+00  +6.00501196e-01  +8.79225068e-01  +2.04019456e+00  +1.14675243e-01  +1.93128802e+00  +5.14193863e+00  +1.93888966e+00  +3.04714337e+00  +1.02792063e+03  +4.99392873e+00  +4.51901385e+00  +2.87737110e+03 
112            7.685582e+03    5.603667e+00    2.500000e-01    1               0.663717        2.000000e+00    +3.95494834e+00  +3.95624007e+00  +6.24259890e-01  -1.18193129e+00  +1.59369945e+00  +5.97858648e-01  +8.93234510e-01  +2.03886928e+00  +1.13791384e-01  +1.93306389e+00  +5.14337565e+00  +1.93970586e+00  +3.04726071e+00  +1.02792359e+03  +4.99396290e+00  +4.51923425e+00  +2.87717275e+03 
113            7.686222e+03    5.604491e+00    2.500000e-01    1               0.666667        1.000000e+00    +3.95499671e+00  +3.95586628e+00  +6.21430345e-01  -1.18428374e+00  +1.60532819e+00  +5.98441970e-01  +8.84745810e-01  +2.04132407e+00  +1.14648939e-01  +1.93229994e+00  +5.14110241e+00  +1.93935812e+00  +3.04709445e+00  +1.02794526e+03  +4.99387930e+00  +4.51902718e+00  +2.87783596e+03 
115            7.686453e+03    5.607264e+00    2.500000e-01    1               0.663793        2.000000e+00    +3.95447806e+00  +3.95521632e+00  +6.22219980e-01  -1.18479043e+00  +1.60872066e+00  +5.98366284e-01  +8.86534219e-01  +2.04222757e+00  +1.14696530e-01  +1.92950184e+00  +5.14007757e+00  +1.93916308e+00  +3.04695189e+00  +1.02779526e+03  +4.99395661e+00  +4.51913535e+00  +2.87802161e+03 
118            7.686682e+03    5.606163e+00    2.500000e-01    1               0.655462        3.000000e+00    +3.95484130e+00  +3.95532904e+00  +6.22406464e-01  -1.18436101e+00  +1.61158194e+00  +5.99520997e-01  +8.89201549e-01  +2.04005606e+00  +1.14474886e-01  +1.92791945e+00  +5.14002885e+00  +1.93921626e+00  +3.04690834e+00  +1.02833550e+03  +4.99388565e+00  +4.51919271e+00  +2.87611449e+03 
119            7.685971e+03    5.606456e+00    2.500000e-01    1               0.658333        1.000000e+00    +3.95444674e+00  +3.95558152e+00  +6.17338269e-01  -1.19178046e+00  +1.62006649e+00  +6.00525511e-01  +8.79938316e-01  +2.03841337e+00  +1.14910626e-01  +1.92778777e+00  +5.14093040e+00  +1.93877870e+00  +3.04680884e+00  +1.02859331e+03  +4.99379511e+00  +4.51912139e+00  +2.87681625e+03 
120            7.686100e+03    5.605348e+00    2.500000e-01    1               0.661157        1.000000e+00    +3.95417471e+00  +3.95627100e+00  +6.16456243e-01  -1.19019579e+00  +1.61892349e+00  +6.00158211e-01  +8.81293909e-01  +2.03822544e+00  +1.15112181e-01  +1.92708590e+00  +5.13763366e+00  +1.93885179e+00  +3.04674550e+00  +1.02843175e+03  +4.99368737e+00  +4.51919904e+00  +2.87701218e+03 
121            7.686360e+03    5.607539e+00    2.500000e-01    1               0.663934        1.000000e+00    +3.95402311e+00  +3.95552345e+00  +6.17479256e-01  -1.18559280e+00  +1.61669274e+00  +5.98963312e-01  +8.85250245e-01  +2.03675943e+00  +1.14834799e-01  +1.92595334e+00  +5.14207585e+00  +1.93887964e+00  +3.04668824e+00  +1.02846431e+03  +4.99383058e+00  +4.51919978e+00  +2.87720213e+03 
124            7.686152e+03    5.605103e+00    2.500000e-01    1               0.656000        3.000000e+00    +3.95471804e+00  +3.95588028e+00  +6.16698107e-01  -1.18527425e+00  +1.62030041e+00  +5.98667900e-01  +8.82103945e-01  +2.03676783e+00  +1.14964321e-01  +1.92777737e+00  +5.14200319e+00  +1.93877011e+00  +3.04650860e+00  +1.02843081e+03  +4.99369376e+00  +4.51919601e+00  +2.87769832e+03 
125            7.685684e+03    5.603164e+00    2.500000e-01    1               0.658730        1.000000e+00    +3.95542739e+00  +3.95598806e+00  +6.19922964e-01  -1.17883920e+00  +1.61142490e+00  +5.96835820e-01  +8.87607601e-01  +2.03519899e+00  +1.14540398e-01  +1.92757806e+00  +5.13944150e+00  +1.93898243e+00  +3.04672701e+00  +1.02805746e+03  +4.99378463e+00  +4.51923039e+00  +2.87774758e+03 
128            7.685664e+03    5.603609e+00    2.500000e-01    1               0.651163        3.000000e+00    +3.95545976e+00  +3.95577759e+00  +6.17512227e-01  -1.17888789e+00  +1.61490172e+00  +5.97449711e-01  +8.87264111e-01  +2.03261942e+00  +1.14550426e-01  +1.92557260e+00  +5.14541680e+00  +1.93885034e+00  +3.04657897e+00  +1.02891238e+03  +4.99371776e+00  +4.51926166e+00  +2.87798617e+03 
131            7.685442e+03    5.604408e+00    2.500000e-01    1               0.643939        3.000000e+00    +3.95578077e+00  +3.95512172e+00  +6.18800757e-01  -1.17290738e+00  +1.61220961e+00  +5.97340819e-01  +8.91523325e-01  +2.02791006e+00  +1.14267530e-01  +1.92460015e+00  +5.14755898e+00  +1.93909730e+00  +3.04656203e+00  +1.02909593e+03  +4.99382699e+00  +4.51922191e+00  +2.87737538e+03 
132            7.686109e+03    5.604558e+00    2.500000e-01    1               0.646617        1.000000e+00    +3.95558948e+00  +3.95525616e+00  +6.18513143e-01  -1.17417323e+00  +1.61342833e+00  +5.97141204e-01  +8.92656171e-01  +2.03047673e+00  +1.14159358e-01  +1.92334523e+00  +5.15232172e+00  +1.93916705e+00  +3.04672961e+00  +1.02929109e+03  +4.99384852e+00  +4.51900242e+00  +2.87688310e+03 
135            7.685602e+03    5.605124e+00    2.500000e-01    1               0.639706        3.000000e+00    +3.95594445e+00  +3.95463938e+00  +6.20144662e-01  -1.16766169e+00  +1.61064940e+00  +5.96562224e-01  +8.97084420e-01  +2.02950973e+00  +1.13913230e-01  +1.92468541e+00  +5.15222114e+00  +1.93922582e+00  +3.04658749e+00  +1.02956429e+03  +4.99384918e+00  +4.51912563e+00  +2.87726278e+03 
137            7.684726e+03    5.605402e+00    2.500000e-01    1               0.637681        2.000000e+00    +3.95613636e+00  +3.95430374e+00  +6.17461773e-01  -1.16820981e+00  +1.61368615e+00  +5.97286693e-01  +8.94008060e-01  +2.02614358e+00  +1.14178063e-01  +1.92256165e+00  +5.15400586e+00  +1.93895423e+00  +3.04645161e+00  +1.03024920e+03  +4.99375834e+00  +4.51915310e+00  +2.87726894e+03 
138            7.684004e+03    5.606453e+00    2.500000e-01    1               0.640288        1.000000e+00    +3.95619434e+00  +3.95375772e+00  +6.17580820e-01  -1.16835936e+00  +1.61824030e+00  +5.97410116e-01  +8.95601130e-01  +2.02838243e+00  +1.14047065e-01  +1.92131707e+00  +5.15394447e+00  +1.93873480e+00  +3.04614891e+00  +1.03045343e+03  +4.99370353e+00  +4.51909678e+00  +2.87753752e+03 
139            7.684492e+03    5.606069e+00    2.500000e-01    1               0.642857        1.000000e+00    +3.95597495e+00  +3.95418609e+00  +6.20535450e-01  -1.16844102e+00  +1.61184745e+00  +5.97259051e-01  +9.00150366e-01  +2.03460591e+00  +1.13736920e-01  +1.92120764e+00  +5.15505844e+00  +1.93887534e+00  +3.04629398e+00  +1.03038366e+03  +4.99380416e+00  +4.51921179e+00  +2.87604686e+03 
