22.45580 6.70690
22.45580 6.44160
22.45730 6.82300
22.46620 6.75320
22.47760 6.35060
22.48600 5.35730
22.48750 5.49830
22.49250 6.39700
22.51670 5.96340
22.50500 6.14740
22.50390 6.28620
22.46950 6.59470
22.46920 6.34520
22.51650 5.66910
22.50980 5.82580
22.52750 5.10330
22.52760 5.46110
22.53280 5.28740
22.53730 5.23840
22.51260 6.78330
22.49320 7.11180
22.49600 7.09340
22.47470 8.41370
22.47070 8.21880
22.44170 8.54460
22.41740 9.01390
22.44060 7.89680
22.46490 7.90840
22.47540 7.57480
22.48230 7.43280
