21.81600 12.94800
21.86570 12.07990
21.83030 12.52150
21.85920 12.00470
21.86530 11.88300
21.86390 12.06650
21.87270 11.90380
21.87620 11.92500
21.86580 12.14760
21.87620 11.94400
21.85630 12.17060
21.84450 12.30450
21.80790 12.91090
21.82570 12.71640
21.81510 13.07660
21.80120 13.33610
21.78020 13.61880
21.80990 13.22970
21.84020 12.73110
21.87080 11.99640
21.86430 12.13550
21.86550 12.05890
21.85790 12.01270
21.86570 12.01730
21.83100 12.81500
21.80100 13.15570
21.79200 13.46420
21.78200 13.82890
21.81430 13.04680
21.80930 13.18110
