21.24880 31.22400
21.24160 31.60700
21.26250 30.85540
21.25320 31.04040
21.21620 32.55650
21.24920 31.27170
21.23400 31.92280
21.22360 32.22020
21.21580 32.43050
21.20280 32.68060
21.16070 34.19030
21.14090 34.45940
21.15400 34.37810
21.14870 34.47880
21.13750 34.75460
21.10430 36.18740
21.13150 35.29110
21.10770 35.85600
21.09330 36.57510
21.10590 35.70310
21.06730 37.20850
21.10670 36.38660
21.08100 37.31880
21.06690 37.39340
21.05860 37.90400
21.03400 39.41330
21.05960 38.08310
21.08510 37.30620
21.07290 38.04640
21.06690 38.19150
