22.77630 11.41940
22.78050 11.91040
22.82400 8.03330
22.81750 10.35980
22.82930 9.68060
22.81640 7.38580
22.82820 7.09870
22.82690 8.36920
22.78410 8.53900
22.77090 8.59060
22.74590 10.67180
22.73050 9.66960
22.76990 7.59160
22.80270 7.36610
22.77230 9.84800
22.75020 9.94860
22.73280 9.61440
22.66630 12.16520
22.67870 12.02780
22.72220 9.93050
22.72140 9.97050
22.71900 10.22510
22.73670 10.28580
22.75410 9.61360
22.73510 10.19440
22.75540 9.35060
22.78110 6.94420
22.75920 9.86790
22.78880 7.05090
22.77250 7.29990
