21.88610 11.68400
21.91110 10.96240
21.92060 10.39360
21.91790 10.67810
21.96010 9.25250
21.94820 9.31630
21.94640 9.48680
21.93200 9.37280
21.94240 9.00740
21.89180 10.80000
21.91150 10.39950
21.67850 28.88660
19.03630 0.01930
21.91650 10.48570
18.87490 0.02020
21.90920 10.65770
21.93490 9.72920
21.89910 10.90610
21.91480 9.99840
21.94280 9.06980
21.96700 8.23410
21.93380 9.60510
21.90390 10.09570
19.11050 0.02000
21.92120 8.85200
21.85840 11.32630
21.85000 11.57810
21.87470 10.88600
21.87550 11.00040
21.88710 10.80510
