21.79350 7.21870 1.08240
21.81100 6.99620 1.04160
21.81600 6.91680 1.02330
21.79740 7.11880 1.06480
21.77870 7.21190 1.08510
21.79060 7.06870 1.05820
21.80640 6.87560 1.02050
21.79670 6.96780 1.01790
21.81020 6.73570 1.00410
21.80660 6.76710 1.00680
21.81450 6.71500 1.00000
21.80690 6.67720 1.00000
21.81310 6.65600 1.00000
21.79380 6.87680 1.00720
21.78260 6.99560 1.02110
21.76280 7.23860 1.05130
21.78120 7.00130 1.02440
21.78990 6.96140 1.00790
21.79400 6.87320 1.00000
21.79450 6.90860 1.00000
21.79570 6.91670 1.00000
21.78910 6.99440 1.01020
21.79280 6.93280 1.00540
21.81410 6.69210 1.00000
21.80360 6.74790 1.00000
21.80320 6.83390 1.00050
21.79900 6.85910 1.00630
21.80380 6.86050 1.01520
21.80510 6.73270 1.00000
21.80870 6.66050 1.00000
