21.11520 24.00200
21.15830 22.96080
21.17530 22.53340
21.12440 23.63190
21.09950 23.94340
21.13000 23.16930
21.16850 22.26940
21.15160 22.71430
21.18790 21.51160
21.18510 21.51610
21.20230 21.24850
21.19370 21.26480
21.20230 21.12010
21.15360 22.27550
21.12380 23.01950
21.07960 24.18950
21.12430 23.00520
21.13380 22.93390
21.15050 22.53760
21.15190 22.61400
21.15160 22.64130
21.13240 23.04240
21.15020 22.60560
21.19980 21.32910
21.17820 21.74240
21.17620 21.97530
21.16910 22.09560
21.17270 22.09360
21.18940 21.39790
21.20200 20.99730
