22.58750 36.91820
22.56920 37.62130
22.61420 35.15580
22.67070 33.68620
22.63530 34.68700
22.63570 34.00060
22.66240 33.07190
22.51560 38.09130
22.64530 32.78840
22.69660 31.56750
22.74960 29.64170
22.63690 32.75090
22.65110 32.92940
22.68870 31.98900
22.73960 30.91860
22.71200 31.17990
22.66010 33.31090
22.68600 32.71350
22.63640 34.14350
22.69990 31.31160
22.57340 35.08790
22.71240 30.78570
22.73010 29.61830
22.73030 29.01540
22.75790 28.96660
22.66670 31.81340
22.70060 30.88360
22.59540 33.82590
22.50660 36.09650
22.55090 34.59400
