21.90980 10.56400
21.92490 10.45260
21.91220 10.55650
21.85380 10.92040
21.87750 10.83690
21.87230 10.91030
21.84920 11.12160
21.85490 11.05430
21.85060 11.11490
21.92200 10.54420
21.90670 10.53930
21.88020 10.72100
21.85880 10.80100
21.84140 10.91520
21.83130 11.04200
21.83570 10.94710
21.86360 10.85360
21.87490 10.72360
21.90100 10.57370
21.90670 10.51510
21.86660 10.86750
21.83700 11.06030
21.87560 10.79830
21.89930 10.68190
21.84570 11.02860
21.83120 11.07920
21.87490 10.83090
21.82930 10.90610
21.87600 10.73080
21.92930 10.34410
