20.58960 20.19410
20.58140 20.39960
20.58860 20.73130
20.59050 20.75970
20.58280 20.74820
20.56420 21.35180
20.55270 21.74900
20.53880 22.14060
20.55950 21.17000
20.54390 21.51330
20.54370 20.98730
20.52660 21.53410
20.52590 21.74620
20.52660 21.46750
20.51200 22.38470
20.51110 22.62230
20.49340 23.07030
20.47760 23.94440
20.49160 23.50910
20.49390 23.29190
20.49950 23.05180
20.51520 22.87250
20.48820 23.64740
20.50230 23.04100
20.49580 22.85960
20.50260 22.83370
20.49580 23.21640
20.52570 22.79970
20.53860 21.65290
20.54090 21.94000
