21.09600 8.78380 2.24890
21.08530 8.93570 2.27280
21.10140 9.01000 2.26460
21.11250 8.84340 2.23450
21.09980 8.90340 2.25840
21.06340 9.48380 2.34020
21.06010 9.51780 2.34610
21.07470 9.24980 2.31150
21.06270 9.32790 2.33590
21.04460 9.55020 2.38160
21.03710 9.39710 2.37730
21.02630 9.56800 2.39750
21.01610 9.85030 2.43480
21.03250 9.68020 2.40490
21.02100 9.88710 2.42890
21.01800 10.02340 2.43690
20.99810 10.33270 2.47560
20.96700 11.00600 2.54600
20.98340 10.77300 2.51810
20.97590 10.86550 2.54700
20.96780 10.92630 2.56480
21.00480 10.43080 2.49570
20.98660 10.73870 2.52130
20.98460 10.64350 2.51860
20.96490 10.77630 2.54960
20.98400 10.54730 2.51840
20.98660 10.59780 2.52010
20.99170 10.78580 2.53580
21.01820 9.95140 2.44180
21.04060 9.79580 2.40090
