21.66360 15.55890
21.65180 15.55890
21.65890 15.55890
21.65470 15.55890
21.65020 15.55890
21.66130 15.55890
21.64960 15.55890
21.63260 15.55890
21.64170 15.55890
21.64200 15.55890
21.64720 15.55890
21.64580 15.55890
21.65290 15.55890
21.64970 15.55890
21.65630 15.55890
21.64480 15.55890
21.64870 15.55890
21.64990 15.55890
21.65460 15.55890
21.64660 15.55890
21.65880 15.55890
21.66940 15.55890
21.66800 15.55890
21.65810 15.55890
21.66190 15.55890
21.67240 15.55890
21.64690 15.55890
21.66930 15.55890
21.67250 15.55890
21.67910 15.55890
