20.56910 8.68660
20.56030 8.71590
20.56040 8.71640
20.56890 8.59190
20.55870 8.67810
20.56080 8.67410
20.57100 8.61520
20.58260 8.42980
20.57230 8.48490
20.57480 8.44140
20.57480 8.57940
20.57130 8.58220
20.57300 8.55700
20.57170 8.62220
20.58500 8.38970
20.56380 8.56040
20.57340 8.55860
20.58400 8.43870
20.58750 8.39970
20.57700 8.55720
20.59090 8.44660
20.61210 8.22310
20.60940 8.23830
20.60090 8.23820
20.59800 8.16920
20.59230 8.30580
20.58010 8.38140
20.58600 8.36290
20.58030 8.46070
20.57580 8.49890
