20.93880 4.10210 1.87170
20.92540 4.13790 1.88910
20.92240 4.13010 1.88520
20.92590 4.12060 1.89420
20.91540 4.15710 1.90100
20.92260 4.14190 1.89790
20.93170 4.09710 1.87190
20.94340 4.04210 1.86060
20.93730 4.06800 1.87390
20.93880 4.06520 1.86790
20.94410 4.04520 1.87070
20.93130 4.10040 1.88920
20.93430 4.08470 1.88900
20.93580 4.04420 1.83920
20.94940 3.98540 1.81840
20.92470 4.09270 1.85920
20.93870 4.03790 1.85400
20.94730 4.00850 1.83470
20.95300 3.98650 1.82910
20.94610 3.98980 1.83740
20.95650 3.94430 1.81920
20.97480 3.84950 1.77940
20.97920 3.83230 1.77570
20.95840 3.92240 1.82860
20.95560 3.92870 1.82340
20.95450 3.91820 1.81130
20.94350 3.96020 1.83640
20.95170 3.92160 1.80080
20.95260 3.93460 1.80620
20.94820 3.95940 1.81880
