22.63440 31.18740
22.58890 31.73500
22.60270 31.93010
22.54030 32.98910
22.68080 29.32150
22.70480 28.11410
22.72590 27.20470
22.68150 28.86220
22.73320 27.55310
22.68430 29.78710
22.65840 29.72070
22.67560 29.66230
22.66710 28.85370
22.58380 31.11270
22.62100 29.90510
22.65150 28.54950
22.63710 29.23010
22.59250 30.79610
22.51750 31.73680
22.50880 32.42040
22.46990 34.26430
22.51090 31.80330
22.45730 34.59470
22.40600 36.14500
22.36860 36.49250
22.33670 37.44590
22.22300 43.35200
22.16930 44.86470
22.26190 40.25710
22.38670 36.31430
