21.06350 9.20010
21.06600 9.14210
21.05620 9.25370
21.05580 9.28280
21.07180 9.07860
21.06560 9.20490
21.07290 9.06600
21.07860 8.92430
21.08480 8.89300
21.07760 8.97240
21.08180 8.87710
21.08340 8.86250
21.09710 8.75530
21.09700 8.71420
21.09440 8.82220
21.08410 8.96640
21.09040 8.76620
21.09100 8.77890
21.09930 8.73600
21.10450 8.68180
21.10290 8.65960
21.09300 8.79460
21.09250 8.78820
21.08650 8.83930
21.09810 8.70090
21.09470 8.76410
21.08980 8.80650
21.09360 8.76320
21.10530 8.67860
21.10500 8.71230
