21.26680 6.71320 1.05120
21.26750 6.68090 1.04840
21.25940 6.75950 1.05830
21.25900 6.78550 1.06350
21.27150 6.64560 1.05790
21.26770 6.72410 1.05790
21.27070 6.64040 1.05620
21.27280 6.54470 1.05160
21.27770 6.52620 1.05090
21.27230 6.58940 1.05660
21.27430 6.51770 1.05080
21.27640 6.49930 1.04370
21.28630 6.43550 1.03670
21.28430 6.43010 1.04940
21.28440 6.49350 1.05050
21.28480 6.50090 1.01850
21.29030 6.34780 1.00000
21.29070 6.35840 1.00000
21.28680 6.42770 1.03860
21.29060 6.39030 1.03410
21.28730 6.39990 1.04110
21.28190 6.47810 1.04840
21.28100 6.47370 1.04730
21.27610 6.50870 1.05280
21.28370 6.41910 1.04340
21.28330 6.44510 1.04350
21.27930 6.47290 1.04340
21.28180 6.44360 1.03740
21.29070 6.40290 1.03450
21.29120 6.43440 1.04010
