21.60830 6.65560 1.90040
21.60560 6.70100 1.91320
21.61160 6.59240 1.88640
21.60250 6.59740 1.88380
21.59010 6.69320 1.90740
21.58420 6.80170 1.93850
21.56550 6.97110 1.98010
21.57950 6.81370 1.94120
21.58830 6.77990 1.93300
21.59060 6.75420 1.92390
21.57720 6.88060 1.95860
21.57240 7.03370 1.97230
21.55410 7.17860 2.01270
21.55900 7.14580 2.01100
21.53420 7.50150 2.07550
21.53780 7.38650 2.05740
21.51220 7.70170 2.13510
21.53530 7.48050 2.08590
21.56240 7.31730 2.03790
21.55760 7.29100 2.05170
21.55010 7.36460 2.07110
21.54700 7.31180 2.06510
21.50720 7.70940 2.16370
21.51210 7.69170 2.13350
21.49660 7.81260 2.16930
21.50940 7.76070 2.17070
21.49280 8.05660 2.22970
21.50580 7.93640 2.19730
21.52350 7.70410 2.13160
21.50840 7.63890 2.13660
