21.09100 16.61640
21.08430 16.80140
21.08700 16.71790
21.08090 16.64190
21.05660 17.29920
21.06890 16.82920
21.03580 17.73350
21.05970 16.95980
21.06820 16.90570
21.06430 17.05900
21.05800 17.08710
21.04800 17.49340
21.02590 17.96470
21.03660 17.70080
21.01580 18.27140
21.01650 18.14110
21.00630 18.30600
21.02220 18.10010
21.02660 18.19580
21.04720 17.63140
21.04770 17.52490
21.04170 17.51100
21.01480 17.90770
21.00270 18.36790
20.99730 18.31100
21.01310 18.14620
21.00980 18.34000
21.01660 18.29900
21.01790 18.35810
21.00680 18.03030
