22.39210 32.10620
22.49330 28.41080
22.50650 26.87010
22.34320 32.81070
22.31990 34.38280
22.56980 26.69510
22.47310 29.76980
22.12320 43.73530
22.52430 27.81160
22.31350 34.78440
22.38170 31.94160
22.26700 36.48940
22.34070 33.72320
22.53950 26.96390
22.61680 24.41790
22.59230 24.60580
22.64370 23.28220
22.52930 25.98530
22.36630 31.63710
22.39280 30.70450
22.06800 44.44310
22.29300 34.41760
22.49850 27.41190
22.38590 31.11500
22.54360 26.54160
22.56420 26.03110
22.42230 31.51640
22.43600 32.18900
22.44200 30.89670
22.48720 29.05360
