18.15850 2182.53000 4.00000
17.26660 4502.62000 4.00000
14.07730 44947.70000 3.63940
23.19040 25.90450 1.00000
18.42930 1890.31000 3.99330
18.01490 2538.82000 4.00000
21.08640 218.57600 3.18240
17.00320 5170.20000 4.00000
17.22990 3897.52000 4.00000
17.42590 3454.77000 3.99700
17.10510 4628.72000 4.00000
17.29230 3970.46000 4.00000
17.87840 2525.46000 4.00000
18.33580 1636.27000 4.00000
20.55010 233.58600 2.80280
19.29100 840.05600 4.00000
17.22810 3866.51000 4.00000
18.99370 1126.61000 4.00000
17.39540 3461.13000 4.00000
20.52380 225.70300 2.67160
18.86000 1291.02000 3.99080
18.28660 1928.61000 4.00000
17.27580 3895.28000 4.00000
17.33760 4095.93000 4.00000
18.23320 2017.58000 4.00000
17.43150 3552.59000 4.00000
17.07560 4064.14000 3.84030
18.18920 2293.95000 4.00000
18.96640 1269.60000 3.98670
17.21780 4498.25000 4.00000
