20.67300 200.09000
20.39480 274.87700
19.56890 586.65800
22.24500 61.23700
20.97580 166.76700
20.88360 179.93100
22.10800 74.58340
20.22810 296.71700
20.10820 280.98400
20.17490 270.89800
20.32480 264.21100
20.46050 233.32200
20.46660 220.58400
20.80190 154.84000
21.27230 111.73800
21.89160 70.06410
20.42090 231.07600
21.21590 125.52000
20.52400 212.25300
21.13960 120.88800
21.12680 139.45300
20.82550 173.65700
20.39560 238.84500
20.47500 246.50000
20.70720 189.45200
20.52950 220.24700
19.93930 320.08300
20.70840 207.36000
21.22910 137.58000
20.38240 267.27900
