22.82520 14.80720
22.86290 14.39790
22.88400 14.02220
22.89320 14.12960
22.93680 13.55150
22.91040 13.78270
22.90080 14.19990
22.90290 14.05820
22.90610 14.08640
22.84650 15.13470
22.81840 15.98780
22.82000 16.03130
22.87820 14.74960
22.90310 14.52860
22.90960 14.09620
22.93520 13.62870
22.88760 14.25780
22.89680 14.20410
22.94640 13.51870
22.94880 13.35750
22.96160 13.33260
22.98500 12.97030
23.00550 12.83980
23.01440 12.62100
23.03100 12.63840
22.97950 13.14130
22.94010 13.92760
22.92400 14.07800
22.91810 14.17770
22.89890 14.63240
