20.61120 7.87480
20.59700 7.93830
20.59420 7.97010
20.59330 7.96070
20.59670 7.97860
20.59850 7.95670
20.61370 7.85960
20.61240 7.91260
20.62020 7.84640
20.63190 7.80100
20.64070 7.78390
20.63390 7.83370
20.64020 7.76500
20.64030 7.77450
20.64190 7.71060
20.65140 7.63540
20.64990 7.67420
20.63510 7.77590
20.61780 7.91790
20.60850 7.92220
20.61620 7.84300
20.61260 7.93010
20.61590 7.89900
20.60970 7.92670
20.61800 7.86510
20.61160 7.87540
20.61140 7.86860
20.61280 7.84280
20.61240 7.83080
20.61600 7.82190
