20.75670 6.38430 1.52870
20.73600 6.49900 1.55230
20.73130 6.54390 1.56050
20.73320 6.50890 1.55070
20.73130 6.57270 1.56820
20.73580 6.52910 1.55820
20.75490 6.40750 1.53830
20.74940 6.49050 1.55460
20.75850 6.42240 1.54840
20.77630 6.32740 1.52650
20.78630 6.30120 1.52050
20.77150 6.41550 1.54810
20.78170 6.32010 1.53040
20.77850 6.36000 1.54270
20.78390 6.27160 1.52640
20.79890 6.15910 1.50460
20.79870 6.17940 1.50220
20.77730 6.32530 1.52970
20.75220 6.51830 1.56250
20.74080 6.54460 1.57130
20.75260 6.43790 1.55290
20.74130 6.58270 1.58230
20.74580 6.54580 1.57720
20.74120 6.55580 1.57410
20.75680 6.43190 1.54520
20.74380 6.50380 1.56870
20.74250 6.50830 1.57230
20.74560 6.47120 1.56570
20.74520 6.45990 1.56450
20.74940 6.44660 1.56200
