22.32410 16.53530
22.31790 16.53530
22.31270 16.53530
22.31370 16.53530
22.30500 16.53530
22.31590 16.53530
22.31410 16.53530
22.32490 16.53530
22.33490 16.53530
22.34430 16.53530
22.34300 16.53530
22.34510 16.53530
22.35090 16.53530
22.34150 16.53530
22.34470 16.53530
22.33430 16.53530
22.33890 16.53530
22.33750 16.53530
22.32200 16.53530
22.31990 16.53530
22.31460 16.53530
22.31790 16.53530
22.31790 16.53530
22.31470 16.53530
22.31580 16.53530
22.32640 16.53530
22.32280 16.53530
22.31260 16.53530
22.32420 16.53530
22.32840 16.53530
