21.70310 7.97380
21.70330 7.88410
21.71040 7.87270
21.68270 8.15930
21.68290 8.17820
21.69490 8.09140
21.69700 8.01520
21.68780 8.17690
21.69420 8.27880
21.69320 8.35710
21.71740 8.15850
21.70530 8.20090
21.70450 8.21010
21.70640 8.20190
21.71250 8.08930
21.72960 7.92910
21.71270 7.98070
21.71160 7.96470
21.73370 7.73270
21.73780 7.80820
21.76780 7.52690
21.74070 7.77200
21.73570 7.80320
21.73330 7.79600
21.72000 8.03710
21.71830 8.08060
21.72080 7.99160
21.72570 8.03060
21.71640 8.04440
21.70380 8.05490
