21.69350 8.14570 4.00000
21.67700 8.32490 4.00000
21.70310 8.00100 4.00000
21.56700 10.35550 4.00000
21.60810 9.53520 4.00000
21.66080 8.67500 4.00000
21.66630 8.53220 4.00000
21.62890 9.22640 4.00000
21.06110 34.98290 4.00000
21.07070 34.66980 4.00000
21.68590 8.70270 4.00000
21.63890 9.39620 4.00000
21.40420 15.32500 4.00000
21.16170 27.41420 4.00000
21.59790 10.26030 4.00000
21.69950 8.43560 4.00000
21.66220 8.85550 4.00000
21.63510 9.32490 4.00000
21.70130 8.27210 4.00000
21.59990 10.33030 4.00000
21.79510 7.09700 3.81160
21.70650 8.34500 4.00000
21.69600 8.47180 4.00000
21.68920 8.54060 4.00000
20.95900 40.42670 4.00000
20.85760 46.68240 4.00000
21.52570 11.99680 4.00000
21.62250 9.96350 4.00000
20.95990 40.13260 4.00000
21.01040 36.53810 4.00000
