#iter           logP0018       logPprior       dS              accept          acceptance      weight          l0000p00spemd    l0000p01spemd    l0000p02spemd    l0000p03spemd    l0000p04spemd    l0000p06spemd    l0001p00shear    l0001p01shear    e00001lb01t03p02  e00001lb01t03p03  e00001lb01t03p04  e00001lb01t03p05  e00001lb01t03p06  e00001lb02t01p00  e00001lb02t01p01  e00001lb02t01p02  e00001lb03t01p00  e00001lb03t01p01  e00001lb03t01p02 
#pname          --------       ---------       --              ------          ----------      ------          x-coord          y-coord          b/a              theta            theta_e          gam              magnitude        theta            unknown          unknown          unknown          unknown          unknown          unknown          unknown          unknown          unknown          unknown          unknown         
0              6.468406e+02    4.304558e+00    5.000000e-02    1               1.000000        1.000000e+00    +4.24000000e+00  +3.50000000e+00  +5.98736000e-01  +2.42489500e+00  +1.20938700e+00  +5.00000000e-01  +1.70340000e-01  +1.97835000e-01  +8.10752000e-01  +2.10798600e+00  +5.24320000e-02  +2.22458200e+00  +4.13838200e+00  +2.31679800e+00  +2.63430600e+00  +9.48358956e+02  +5.21577500e+00  +3.97572600e+00  +2.84459480e+03 
2              6.672987e+02    4.301920e+00    5.000000e-02    1               0.666667        2.000000e+00    +4.23478758e+00  +3.50256792e+00  +5.97757888e-01  +2.41605758e+00  +1.20479736e+00  +5.00325428e-01  +1.69885076e-01  +1.97130370e-01  +8.11922965e-01  +2.11377880e+00  +6.22703069e-02  +2.22451586e+00  +4.15141046e+00  +2.31709083e+00  +2.63395759e+00  +9.48434091e+02  +5.21448004e+00  +3.97556768e+00  +2.84269685e+03 
3              6.712973e+02    4.302377e+00    5.000000e-02    1               0.750000        1.000000e+00    +4.24003557e+00  +3.49471672e+00  +5.97492763e-01  +2.40731925e+00  +1.21147668e+00  +5.00878446e-01  +1.69910701e-01  +1.90229712e-01  +8.11292463e-01  +2.11379456e+00  +6.54442346e-02  +2.24820934e+00  +4.15084228e+00  +2.31678570e+00  +2.63295263e+00  +9.49063889e+02  +5.21489299e+00  +3.97608018e+00  +2.84327769e+03 
4              6.714528e+02    4.299963e+00    5.000000e-02    1               0.800000        1.000000e+00    +4.23236350e+00  +3.49929436e+00  +5.97721171e-01  +2.41310769e+00  +1.20801274e+00  +5.01425880e-01  +1.70618847e-01  +1.78022152e-01  +8.11266509e-01  +2.11297282e+00  +6.30503788e-02  +2.26713306e+00  +4.15216451e+00  +2.31639453e+00  +2.63218947e+00  +9.49711849e+02  +5.21495132e+00  +3.97578744e+00  +2.84283423e+03 
6              6.812722e+02    4.302647e+00    5.000000e-02    1               0.714286        2.000000e+00    +4.23684529e+00  +3.50380861e+00  +5.97908176e-01  +2.41504152e+00  +1.20766130e+00  +5.01314930e-01  +1.70911005e-01  +1.77139709e-01  +8.08037262e-01  +2.10957217e+00  +6.96094982e-02  +2.27774633e+00  +4.15463101e+00  +2.31657050e+00  +2.63260611e+00  +9.49480777e+02  +5.21522447e+00  +3.97619905e+00  +2.84320827e+03 
8              6.835719e+02    4.304216e+00    5.000000e-02    1               0.666667        2.000000e+00    +4.24169552e+00  +3.50122590e+00  +5.98296950e-01  +2.40889494e+00  +1.21173060e+00  +5.01252025e-01  +1.70789360e-01  +1.74230642e-01  +8.07482505e-01  +2.10405630e+00  +7.30225400e-02  +2.27649930e+00  +4.14428297e+00  +2.31675086e+00  +2.63233670e+00  +9.50292436e+02  +5.21604637e+00  +3.97519393e+00  +2.84281268e+03 
9              6.835546e+02    4.302184e+00    5.000000e-02    1               0.700000        1.000000e+00    +4.24385617e+00  +3.50393814e+00  +5.95581376e-01  +2.41615051e+00  +1.21080188e+00  +5.01790274e-01  +1.71018262e-01  +1.75295501e-01  +8.07224789e-01  +2.10558689e+00  +7.18830718e-02  +2.26811112e+00  +4.14364728e+00  +2.31657418e+00  +2.63254748e+00  +9.49638515e+02  +5.21553393e+00  +3.97494653e+00  +2.84346633e+03 
10             6.864970e+02    4.297921e+00    5.000000e-02    1               0.727273        1.000000e+00    +4.24903515e+00  +3.50182019e+00  +5.95296462e-01  +2.41858651e+00  +1.21104764e+00  +5.02080271e-01  +1.70968539e-01  +1.68430309e-01  +8.09748247e-01  +2.10422365e+00  +7.38599850e-02  +2.26795322e+00  +4.14306569e+00  +2.31594653e+00  +2.63248889e+00  +9.49209070e+02  +5.21617268e+00  +3.97430222e+00  +2.84414554e+03 
15             6.904826e+02    4.299414e+00    5.000000e-02    1               0.562500        5.000000e+00    +4.24794036e+00  +3.50166889e+00  +5.94553505e-01  +2.42730254e+00  +1.20965178e+00  +5.00939626e-01  +1.71489829e-01  +1.67827707e-01  +8.08876429e-01  +2.09503487e+00  +8.06376923e-02  +2.25424403e+00  +4.14171991e+00  +2.31569200e+00  +2.63213714e+00  +9.49339581e+02  +5.21668516e+00  +3.97514216e+00  +2.84361409e+03 
17             6.897929e+02    4.301687e+00    5.000000e-02    1               0.555556        2.000000e+00    +4.24540315e+00  +3.50274751e+00  +5.96473668e-01  +2.41911672e+00  +1.20624928e+00  +5.00818865e-01  +1.71761191e-01  +1.65431404e-01  +8.07028003e-01  +2.09713088e+00  +7.79554962e-02  +2.23838613e+00  +4.14870110e+00  +2.31534809e+00  +2.63273031e+00  +9.49540757e+02  +5.21642684e+00  +3.97455178e+00  +2.84321451e+03 
18             6.922926e+02    4.299930e+00    5.000000e-02    1               0.578947        1.000000e+00    +4.24590916e+00  +3.50493157e+00  +5.96358776e-01  +2.42189024e+00  +1.20566390e+00  +5.01480687e-01  +1.72193884e-01  +1.67090190e-01  +8.09539170e-01  +2.09045065e+00  +8.07854825e-02  +2.24078635e+00  +4.14886881e+00  +2.31539610e+00  +2.63248875e+00  +9.49579007e+02  +5.21665971e+00  +3.97381059e+00  +2.84521580e+03 
19             6.953344e+02    4.295621e+00    5.000000e-02    1               0.600000        1.000000e+00    +4.25034972e+00  +3.50269723e+00  +5.93019215e-01  +2.41099077e+00  +1.20033779e+00  +5.01075184e-01  +1.72779242e-01  +1.59388611e-01  +8.09574955e-01  +2.08866736e+00  +8.67972985e-02  +2.23722974e+00  +4.15224852e+00  +2.31563702e+00  +2.63256065e+00  +9.50593278e+02  +5.21659102e+00  +3.97446860e+00  +2.84499883e+03 
20             6.958835e+02    4.300841e+00    5.000000e-02    1               0.619048        1.000000e+00    +4.24632524e+00  +3.49724905e+00  +5.94866028e-01  +2.41127543e+00  +1.19735011e+00  +5.01321062e-01  +1.72929430e-01  +1.59900049e-01  +8.07819078e-01  +2.08851177e+00  +8.85015778e-02  +2.25107683e+00  +4.14797701e+00  +2.31663838e+00  +2.63274632e+00  +9.50631947e+02  +5.21812075e+00  +3.97474372e+00  +2.84553182e+03 
21             6.974180e+02    4.299715e+00    5.000000e-02    1               0.636364        1.000000e+00    +4.24546447e+00  +3.50566759e+00  +5.94052545e-01  +2.40754123e+00  +1.19737950e+00  +5.01855880e-01  +1.72450199e-01  +1.50138608e-01  +8.09186447e-01  +2.08553355e+00  +9.07583552e-02  +2.25441461e+00  +4.13913234e+00  +2.31698835e+00  +2.63316894e+00  +9.49827387e+02  +5.21800380e+00  +3.97483770e+00  +2.84512152e+03 
23             6.981600e+02    4.295551e+00    5.000000e-02    1               0.625000        2.000000e+00    +4.25022027e+00  +3.50329070e+00  +5.92985144e-01  +2.40736745e+00  +1.19776010e+00  +5.01822806e-01  +1.71796739e-01  +1.45732475e-01  +8.10629721e-01  +2.08728039e+00  +8.74295285e-02  +2.26000609e+00  +4.13371144e+00  +2.31622268e+00  +2.63318141e+00  +9.50067051e+02  +5.21816105e+00  +3.97480492e+00  +2.84455757e+03 
25             6.996483e+02    4.301097e+00    5.000000e-02    1               0.615385        2.000000e+00    +4.24656014e+00  +3.49887872e+00  +5.93975472e-01  +2.40277555e+00  +1.19210360e+00  +5.01725538e-01  +1.71609338e-01  +1.42991091e-01  +8.09831136e-01  +2.09900456e+00  +8.66565156e-02  +2.27266518e+00  +4.12828121e+00  +2.31536132e+00  +2.63240360e+00  +9.50844624e+02  +5.21909379e+00  +3.97499302e+00  +2.84384837e+03 
26             7.010759e+02    4.303632e+00    5.000000e-02    1               0.629630        1.000000e+00    +4.24241671e+00  +3.49754802e+00  +5.95418164e-01  +2.41154601e+00  +1.18987457e+00  +5.02030260e-01  +1.71898283e-01  +1.39636095e-01  +8.08780557e-01  +2.10328468e+00  +8.77139299e-02  +2.27407047e+00  +4.13057502e+00  +2.31509723e+00  +2.63229232e+00  +9.50272962e+02  +5.21924468e+00  +3.97436186e+00  +2.84421183e+03 
27             7.003096e+02    4.299540e+00    5.000000e-02    1               0.642857        1.000000e+00    +4.23396079e+00  +3.49473129e+00  +5.94852024e-01  +2.40432809e+00  +1.18906103e+00  +5.02710399e-01  +1.71204812e-01  +1.37673107e-01  +8.06237824e-01  +2.10609230e+00  +8.91166767e-02  +2.28435429e+00  +4.12965683e+00  +2.31541341e+00  +2.63293713e+00  +9.51174841e+02  +5.21910676e+00  +3.97499916e+00  +2.84348621e+03 
29             7.019972e+02    4.299008e+00    5.000000e-02    1               0.633333        2.000000e+00    +4.23257974e+00  +3.49600313e+00  +5.93853057e-01  +2.41158589e+00  +1.18478268e+00  +5.02690092e-01  +1.70743549e-01  +1.43826583e-01  +8.06009639e-01  +2.10779273e+00  +8.21446150e-02  +2.27992787e+00  +4.12250981e+00  +2.31541618e+00  +2.63328072e+00  +9.51192917e+02  +5.21834432e+00  +3.97322714e+00  +2.84419395e+03 
31             7.021541e+02    4.291539e+00    5.000000e-02    1               0.625000        2.000000e+00    +4.22791486e+00  +3.49546271e+00  +5.93517405e-01  +2.41598100e+00  +1.18333813e+00  +5.03286958e-01  +1.71386972e-01  +1.46067765e-01  +8.05175156e-01  +2.10497894e+00  +8.42622599e-02  +2.27457984e+00  +4.12364702e+00  +2.31619722e+00  +2.63328353e+00  +9.51492061e+02  +5.21798456e+00  +3.97367276e+00  +2.84610205e+03 
34             7.034975e+02    4.279601e+00    5.000000e-02    1               0.600000        3.000000e+00    +4.22269496e+00  +3.49552925e+00  +5.93260496e-01  +2.41854927e+00  +1.17788355e+00  +5.02300808e-01  +1.71598652e-01  +1.44322231e-01  +8.01905290e-01  +2.11661466e+00  +8.62193096e-02  +2.28705903e+00  +4.12054921e+00  +2.31647014e+00  +2.63367657e+00  +9.51964182e+02  +5.21849875e+00  +3.97262009e+00  +2.84657607e+03 
35             7.024316e+02    4.287887e+00    5.000000e-02    1               0.611111        1.000000e+00    +4.22563747e+00  +3.49733558e+00  +5.92316610e-01  +2.42661895e+00  +1.18233252e+00  +5.02122482e-01  +1.72114972e-01  +1.45080627e-01  +8.00219095e-01  +2.12378306e+00  +8.38054306e-02  +2.26462474e+00  +4.12100023e+00  +2.31593884e+00  +2.63357812e+00  +9.52959143e+02  +5.21870258e+00  +3.97210282e+00  +2.84784690e+03 
36             7.034902e+02    4.291309e+00    5.000000e-02    1               0.621622        1.000000e+00    +4.23010891e+00  +3.49152925e+00  +5.88773586e-01  +2.42669981e+00  +1.18079500e+00  +5.02259445e-01  +1.70600958e-01  +1.40563475e-01  +8.01268045e-01  +2.12640164e+00  +8.08986475e-02  +2.24769946e+00  +4.12005662e+00  +2.31558153e+00  +2.63317400e+00  +9.52530891e+02  +5.21858181e+00  +3.97126161e+00  +2.84724048e+03 
39             7.045779e+02    4.300836e+00    5.000000e-02    1               0.600000        3.000000e+00    +4.23386822e+00  +3.49683186e+00  +5.90295544e-01  +2.42652611e+00  +1.17463135e+00  +5.02405058e-01  +1.70547362e-01  +1.35306862e-01  +7.99634997e-01  +2.12660112e+00  +7.72144036e-02  +2.26187358e+00  +4.11258923e+00  +2.31600026e+00  +2.63315935e+00  +9.52776756e+02  +5.21896058e+00  +3.97165178e+00  +2.84703924e+03 
40             7.042574e+02    4.300200e+00    5.000000e-02    1               0.609756        1.000000e+00    +4.23266099e+00  +3.49861306e+00  +5.91008588e-01  +2.42665087e+00  +1.18044158e+00  +5.02471059e-01  +1.71084784e-01  +1.34395580e-01  +7.97249603e-01  +2.12278774e+00  +8.12139823e-02  +2.25053716e+00  +4.11032546e+00  +2.31581444e+00  +2.63409492e+00  +9.52075145e+02  +5.21957659e+00  +3.97246501e+00  +2.84655633e+03 
42             7.074047e+02    4.288438e+00    5.000000e-02    1               0.604651        2.000000e+00    +4.23040976e+00  +3.48930633e+00  +5.90851841e-01  +2.42398081e+00  +1.17364020e+00  +5.02211477e-01  +1.71099650e-01  +1.31779329e-01  +8.01678025e-01  +2.12198026e+00  +8.38083418e-02  +2.27104782e+00  +4.11819915e+00  +2.31571861e+00  +2.63348345e+00  +9.51720256e+02  +5.22008438e+00  +3.97174173e+00  +2.84744925e+03 
44             7.122249e+02    4.302509e+00    5.000000e-02    1               0.600000        2.000000e+00    +4.23837274e+00  +3.49514476e+00  +5.89144851e-01  +2.42682756e+00  +1.16289198e+00  +5.02936152e-01  +1.71072780e-01  +1.28536329e-01  +8.02631343e-01  +2.12154650e+00  +8.22783879e-02  +2.26390981e+00  +4.11649183e+00  +2.31579673e+00  +2.63343305e+00  +9.51606379e+02  +5.21995790e+00  +3.97129489e+00  +2.84822876e+03 
47             7.140840e+02    4.302596e+00    5.000000e-02    1               0.583333        3.000000e+00    +4.23601078e+00  +3.49696677e+00  +5.86795074e-01  +2.42664758e+00  +1.15880628e+00  +5.03228754e-01  +1.70498978e-01  +1.30931517e-01  +8.05331906e-01  +2.13131149e+00  +8.46448638e-02  +2.25634914e+00  +4.11212690e+00  +2.31549218e+00  +2.63311502e+00  +9.51097354e+02  +5.22023169e+00  +3.97169830e+00  +2.84818670e+03 
48             7.152690e+02    4.300816e+00    5.000000e-02    1               0.591837        1.000000e+00    +4.23307969e+00  +3.50001327e+00  +5.85320149e-01  +2.41789610e+00  +1.15148439e+00  +5.03190640e-01  +1.69818555e-01  +1.36841544e-01  +8.05587641e-01  +2.12903912e+00  +8.38815231e-02  +2.26770775e+00  +4.10972138e+00  +2.31616553e+00  +2.63240352e+00  +9.51067974e+02  +5.22040411e+00  +3.97151665e+00  +2.85010853e+03 
49             7.165740e+02    4.301342e+00    5.000000e-02    1               0.600000        1.000000e+00    +4.23462753e+00  +3.50350634e+00  +5.86018748e-01  +2.42534531e+00  +1.14872885e+00  +5.03081455e-01  +1.69443831e-01  +1.45848411e-01  +8.07549764e-01  +2.13156961e+00  +9.11653972e-02  +2.24766519e+00  +4.12098085e+00  +2.31489658e+00  +2.63234583e+00  +9.50774697e+02  +5.22031332e+00  +3.97192382e+00  +2.85064092e+03 
52             7.179745e+02    4.303285e+00    5.000000e-02    1               0.584906        3.000000e+00    +4.23611539e+00  +3.49890665e+00  +5.86874401e-01  +2.43053114e+00  +1.14238498e+00  +5.03339648e-01  +1.70221273e-01  +1.49576567e-01  +8.06224047e-01  +2.13526750e+00  +8.44537202e-02  +2.26259250e+00  +4.12394655e+00  +2.31452866e+00  +2.63205235e+00  +9.50472339e+02  +5.22017836e+00  +3.97100917e+00  +2.85180499e+03 
53             7.187325e+02    4.303702e+00    5.000000e-02    1               0.592593        1.000000e+00    +4.23740869e+00  +3.50206020e+00  +5.84763939e-01  +2.42861397e+00  +1.14186434e+00  +5.03995686e-01  +1.70337771e-01  +1.48123225e-01  +8.06843793e-01  +2.13289495e+00  +8.59496224e-02  +2.23723273e+00  +4.12829586e+00  +2.31468451e+00  +2.63150705e+00  +9.49813279e+02  +5.22125682e+00  +3.97021996e+00  +2.85123008e+03 
55             7.191671e+02    4.302959e+00    5.000000e-02    1               0.589286        2.000000e+00    +4.24379466e+00  +3.50246171e+00  +5.83740709e-01  +2.42475762e+00  +1.13627027e+00  +5.04116705e-01  +1.69436291e-01  +1.45217700e-01  +8.04775490e-01  +2.12537158e+00  +9.80622174e-02  +2.24316793e+00  +4.12936726e+00  +2.31446934e+00  +2.63130746e+00  +9.50394337e+02  +5.22159341e+00  +3.97031249e+00  +2.85277844e+03 
56             7.224902e+02    4.298704e+00    5.000000e-02    1               0.596491        1.000000e+00    +4.23881823e+00  +3.50857521e+00  +5.83649665e-01  +2.42176472e+00  +1.13656156e+00  +5.03989106e-01  +1.69154347e-01  +1.39457102e-01  +8.04014996e-01  +2.13369481e+00  +9.33828252e-02  +2.22823455e+00  +4.13335551e+00  +2.31416409e+00  +2.63158198e+00  +9.51112004e+02  +5.22134443e+00  +3.96994205e+00  +2.85168522e+03 
57             7.233603e+02    4.296582e+00    5.000000e-02    1               0.603448        1.000000e+00    +4.24376017e+00  +3.50937827e+00  +5.83938546e-01  +2.43234104e+00  +1.13852235e+00  +5.04189264e-01  +1.68220126e-01  +1.38070696e-01  +8.05815175e-01  +2.13393666e+00  +9.47714302e-02  +2.21212804e+00  +4.13580204e+00  +2.31458563e+00  +2.63141150e+00  +9.51107055e+02  +5.22175345e+00  +3.96930351e+00  +2.85239602e+03 
58             7.222688e+02    4.300778e+00    5.000000e-02    1               0.610169        1.000000e+00    +4.23977506e+00  +3.50695164e+00  +5.85065075e-01  +2.43084079e+00  +1.13961078e+00  +5.04120785e-01  +1.67993464e-01  +1.42672279e-01  +8.06065048e-01  +2.13502501e+00  +9.12110535e-02  +2.21839033e+00  +4.14560607e+00  +2.31528019e+00  +2.63166003e+00  +9.50264587e+02  +5.22192852e+00  +3.96911414e+00  +2.85190543e+03 
61             7.241411e+02    4.301072e+00    5.000000e-02    1               0.596774        3.000000e+00    +4.24008787e+00  +3.50667871e+00  +5.84722802e-01  +2.43884242e+00  +1.13507852e+00  +5.04501468e-01  +1.67619500e-01  +1.39157333e-01  +8.06025493e-01  +2.12932200e+00  +9.31098307e-02  +2.22243944e+00  +4.15127773e+00  +2.31481582e+00  +2.63223978e+00  +9.50875999e+02  +5.22258241e+00  +3.96853747e+00  +2.85109215e+03 
62             7.263526e+02    4.278221e+00    5.000000e-02    1               0.603175        1.000000e+00    +4.23783675e+00  +3.51823285e+00  +5.83476382e-01  +2.43556743e+00  +1.14055425e+00  +5.04260571e-01  +1.66803155e-01  +1.37790102e-01  +8.04834561e-01  +2.13113714e+00  +8.91533389e-02  +2.21617405e+00  +4.15317213e+00  +2.31509576e+00  +2.63241010e+00  +9.50639537e+02  +5.22286420e+00  +3.96823773e+00  +2.85182645e+03 
65             7.245981e+02    4.292714e+00    5.000000e-02    1               0.590909        3.000000e+00    +4.23822465e+00  +3.51218366e+00  +5.84701631e-01  +2.43786532e+00  +1.13802037e+00  +5.03694966e-01  +1.67358254e-01  +1.33170563e-01  +8.05317157e-01  +2.12853069e+00  +8.90753705e-02  +2.21001966e+00  +4.14724418e+00  +2.31553598e+00  +2.63310863e+00  +9.50428813e+02  +5.22278247e+00  +3.96735879e+00  +2.85005851e+03 
66             7.248191e+02    4.290174e+00    5.000000e-02    1               0.597015        1.000000e+00    +4.23833752e+00  +3.51346644e+00  +5.84527006e-01  +2.44415876e+00  +1.13927890e+00  +5.03579022e-01  +1.67476385e-01  +1.36190385e-01  +8.05769362e-01  +2.12813254e+00  +9.31572630e-02  +2.20224471e+00  +4.14795181e+00  +2.31562740e+00  +2.63298847e+00  +9.50225994e+02  +5.22220963e+00  +3.96775994e+00  +2.85172985e+03 
67             7.281366e+02    4.293783e+00    5.000000e-02    1               0.602941        1.000000e+00    +4.24033897e+00  +3.51173914e+00  +5.85153468e-01  +2.44211375e+00  +1.12675883e+00  +5.03667016e-01  +1.67102219e-01  +1.36475483e-01  +8.03323163e-01  +2.11543662e+00  +8.76801027e-02  +2.22347323e+00  +4.15132188e+00  +2.31506192e+00  +2.63278780e+00  +9.49666035e+02  +5.22198500e+00  +3.96671332e+00  +2.85183236e+03 
71             7.300102e+02    4.301802e+00    5.000000e-02    1               0.583333        4.000000e+00    +4.24431444e+00  +3.50408127e+00  +5.82633600e-01  +2.44038762e+00  +1.11598305e+00  +5.03532403e-01  +1.65993086e-01  +1.38324703e-01  +8.03960836e-01  +2.11165318e+00  +9.56130647e-02  +2.20284950e+00  +4.15608569e+00  +2.31438712e+00  +2.63299212e+00  +9.49983015e+02  +5.22161621e+00  +3.96682919e+00  +2.85192046e+03 
72             7.284910e+02    4.301285e+00    5.000000e-02    1               0.589041        1.000000e+00    +4.23795571e+00  +3.50614135e+00  +5.82464645e-01  +2.44325758e+00  +1.12084639e+00  +5.03537775e-01  +1.66538544e-01  +1.34566864e-01  +8.01933154e-01  +2.12048196e+00  +9.73486376e-02  +2.19901015e+00  +4.15707518e+00  +2.31450502e+00  +2.63285149e+00  +9.49140823e+02  +5.22152009e+00  +3.96671768e+00  +2.85187016e+03 
73             7.296113e+02    4.300358e+00    5.000000e-02    1               0.594595        1.000000e+00    +4.23673233e+00  +3.50656306e+00  +5.82376966e-01  +2.43952567e+00  +1.11636685e+00  +5.03106144e-01  +1.66745890e-01  +1.37774037e-01  +8.01280551e-01  +2.11761465e+00  +9.44255621e-02  +2.19157625e+00  +4.14854669e+00  +2.31460563e+00  +2.63311135e+00  +9.49402250e+02  +5.22238346e+00  +3.96688043e+00  +2.85229096e+03 
74             7.321415e+02    4.284882e+00    5.000000e-02    1               0.600000        1.000000e+00    +4.23056476e+00  +3.51276023e+00  +5.81931369e-01  +2.43553330e+00  +1.10942940e+00  +5.03677055e-01  +1.67089969e-01  +1.31704860e-01  +8.00563697e-01  +2.10757851e+00  +9.79203265e-02  +2.16113809e+00  +4.15111537e+00  +2.31452172e+00  +2.63305950e+00  +9.49718494e+02  +5.22138860e+00  +3.96787520e+00  +2.85138308e+03 
79             7.305617e+02    4.287128e+00    5.000000e-02    1               0.575000        5.000000e+00    +4.23106434e+00  +3.51196888e+00  +5.81237455e-01  +2.43746058e+00  +1.10638727e+00  +5.02847939e-01  +1.66998808e-01  +1.30002901e-01  +8.00299395e-01  +2.11843952e+00  +1.02488783e-01  +2.17399193e+00  +4.14548425e+00  +2.31425510e+00  +2.63301313e+00  +9.49429335e+02  +5.22243555e+00  +3.96736146e+00  +2.85108460e+03 
81             7.313699e+02    4.287634e+00    5.000000e-02    1               0.573171        2.000000e+00    +4.23142373e+00  +3.51196122e+00  +5.84141988e-01  +2.43507614e+00  +1.10867414e+00  +5.02697932e-01  +1.66326830e-01  +1.29698262e-01  +8.00064511e-01  +2.11103031e+00  +9.83127322e-02  +2.16284061e+00  +4.14246754e+00  +2.31533078e+00  +2.63235296e+00  +9.49901614e+02  +5.22325026e+00  +3.96728073e+00  +2.85114147e+03 
82             7.311829e+02    4.271303e+00    5.000000e-02    1               0.578313        1.000000e+00    +4.22449560e+00  +3.51361159e+00  +5.84465242e-01  +2.44268411e+00  +1.10719385e+00  +5.03255421e-01  +1.65901182e-01  +1.27157430e-01  +8.00174890e-01  +2.11330769e+00  +9.37098582e-02  +2.17052728e+00  +4.14635419e+00  +2.31525108e+00  +2.63212932e+00  +9.50178888e+02  +5.22349846e+00  +3.96713487e+00  +2.85028994e+03 
83             7.325478e+02    4.257315e+00    5.000000e-02    1               0.583333        1.000000e+00    +4.21799191e+00  +3.51097056e+00  +5.86696069e-01  +2.44578494e+00  +1.10127898e+00  +5.04425379e-01  +1.65207808e-01  +1.30003989e-01  +7.97285922e-01  +2.11759422e+00  +9.36756976e-02  +2.14904005e+00  +4.15112615e+00  +2.31507493e+00  +2.63157032e+00  +9.50244631e+02  +5.22328657e+00  +3.96773159e+00  +2.85054617e+03 
84             7.320011e+02    4.255662e+00    5.000000e-02    1               0.588235        1.000000e+00    +4.21581962e+00  +3.50641722e+00  +5.88069588e-01  +2.45033177e+00  +1.09852416e+00  +5.04401551e-01  +1.65356670e-01  +1.27380887e-01  +8.00942098e-01  +2.11587175e+00  +8.76799132e-02  +2.14793721e+00  +4.15042130e+00  +2.31452762e+00  +2.63213004e+00  +9.49809850e+02  +5.22372041e+00  +3.96884779e+00  +2.85019245e+03 
87             7.337058e+02    4.272419e+00    5.000000e-02    1               0.579545        3.000000e+00    +4.22043632e+00  +3.50535184e+00  +5.88191133e-01  +2.44717131e+00  +1.10017759e+00  +5.04153089e-01  +1.65314501e-01  +1.21850673e-01  +7.99929087e-01  +2.11119323e+00  +9.06133387e-02  +2.15960021e+00  +4.14545486e+00  +2.31476560e+00  +2.63339779e+00  +9.49943435e+02  +5.22372119e+00  +3.96960579e+00  +2.85123721e+03 
89             7.332624e+02    4.281381e+00    5.000000e-02    1               0.577778        2.000000e+00    +4.22587766e+00  +3.50985998e+00  +5.87663295e-01  +2.45713752e+00  +1.10689181e+00  +5.03841794e-01  +1.64859399e-01  +1.26008197e-01  +7.98359416e-01  +2.10574042e+00  +9.17717847e-02  +2.15413456e+00  +4.15310362e+00  +2.31443489e+00  +2.63379195e+00  +9.49358720e+02  +5.22387336e+00  +3.97000442e+00  +2.85126961e+03 
90             7.321316e+02    4.282922e+00    5.000000e-02    1               0.582418        1.000000e+00    +4.22546740e+00  +3.50810778e+00  +5.86187414e-01  +2.45426111e+00  +1.10941481e+00  +5.02710651e-01  +1.63670047e-01  +1.28001288e-01  +7.98031093e-01  +2.10526043e+00  +9.52838998e-02  +2.17643065e+00  +4.14442717e+00  +2.31438151e+00  +2.63363030e+00  +9.48895045e+02  +5.22389806e+00  +3.97057418e+00  +2.85174593e+03 
92             7.326587e+02    4.289238e+00    5.000000e-02    1               0.580645        2.000000e+00    +4.23150982e+00  +3.51113571e+00  +5.84824660e-01  +2.45228039e+00  +1.11060439e+00  +5.02116368e-01  +1.63862692e-01  +1.23756844e-01  +7.99384703e-01  +2.10428654e+00  +9.66650176e-02  +2.18090036e+00  +4.14423561e+00  +2.31487349e+00  +2.63270508e+00  +9.48796869e+02  +5.22413939e+00  +3.96978685e+00  +2.85156327e+03 
93             7.323480e+02    4.293045e+00    5.000000e-02    1               0.585106        1.000000e+00    +4.23136109e+00  +3.50852856e+00  +5.89468605e-01  +2.44818373e+00  +1.10468983e+00  +5.01866385e-01  +1.64312703e-01  +1.20700877e-01  +7.99008771e-01  +2.09958033e+00  +9.90917064e-02  +2.20016267e+00  +4.13796061e+00  +2.31457496e+00  +2.63303628e+00  +9.48910924e+02  +5.22425151e+00  +3.96924971e+00  +2.85183475e+03 
94             7.340139e+02    4.291940e+00    5.000000e-02    1               0.589474        1.000000e+00    +4.22789758e+00  +3.50387821e+00  +5.88870393e-01  +2.44714450e+00  +1.09812318e+00  +5.02416517e-01  +1.64496193e-01  +1.17867245e-01  +7.98605102e-01  +2.09646574e+00  +9.82695840e-02  +2.17940503e+00  +4.13259856e+00  +2.31456936e+00  +2.63251305e+00  +9.49410560e+02  +5.22516457e+00  +3.96917604e+00  +2.85171149e+03 
95             7.334242e+02    4.294503e+00    5.000000e-02    1               0.593750        1.000000e+00    +4.22869873e+00  +3.49901068e+00  +5.87428048e-01  +2.44135796e+00  +1.09647837e+00  +5.02140502e-01  +1.64145623e-01  +1.15751510e-01  +7.99330825e-01  +2.09936571e+00  +1.00129565e-01  +2.19568169e+00  +4.13619485e+00  +2.31443098e+00  +2.63244863e+00  +9.49162243e+02  +5.22504535e+00  +3.96979405e+00  +2.84970893e+03 
97             7.349241e+02    4.293789e+00    5.000000e-02    1               0.591837        2.000000e+00    +4.22847183e+00  +3.50222367e+00  +5.85159547e-01  +2.44262864e+00  +1.09432254e+00  +5.03178548e-01  +1.64337393e-01  +1.11364796e-01  +7.99063393e-01  +2.10494768e+00  +9.99622055e-02  +2.19226252e+00  +4.14011606e+00  +2.31483984e+00  +2.63206872e+00  +9.48820642e+02  +5.22574286e+00  +3.96941914e+00  +2.85001886e+03 
101            7.346742e+02    4.287926e+00    5.000000e-02    1               0.578431        4.000000e+00    +4.22543768e+00  +3.49909476e+00  +5.86991440e-01  +2.44657952e+00  +1.09098150e+00  +5.03912340e-01  +1.64830457e-01  +1.11722901e-01  +8.00505108e-01  +2.10630746e+00  +1.00842936e-01  +2.20416860e+00  +4.13817931e+00  +2.31442710e+00  +2.63251028e+00  +9.48214202e+02  +5.22568607e+00  +3.96927135e+00  +2.84838653e+03 
102            7.367186e+02    4.286751e+00    5.000000e-02    1               0.582524        1.000000e+00    +4.22536989e+00  +3.50372628e+00  +5.87031842e-01  +2.44240357e+00  +1.08781387e+00  +5.03002156e-01  +1.64105814e-01  +1.15509978e-01  +8.01181483e-01  +2.10827781e+00  +9.86597839e-02  +2.18709870e+00  +4.13057044e+00  +2.31452084e+00  +2.63242306e+00  +9.48353761e+02  +5.22549208e+00  +3.96985841e+00  +2.84786022e+03 
104            7.367521e+02    4.288865e+00    5.000000e-02    1               0.580952        2.000000e+00    +4.22609765e+00  +3.50275493e+00  +5.89737520e-01  +2.44362190e+00  +1.08862199e+00  +5.02843921e-01  +1.64336338e-01  +1.19906486e-01  +7.99705138e-01  +2.10667162e+00  +9.16201232e-02  +2.19156788e+00  +4.14019528e+00  +2.31443725e+00  +2.63339515e+00  +9.47797487e+02  +5.22580160e+00  +3.97022907e+00  +2.84757641e+03 
105            7.363820e+02    4.299577e+00    5.000000e-02    1               0.584906        1.000000e+00    +4.23332971e+00  +3.50438873e+00  +5.91478916e-01  +2.44410629e+00  +1.09412330e+00  +5.03292992e-01  +1.64195645e-01  +1.13365037e-01  +8.01294897e-01  +2.10489234e+00  +8.85489544e-02  +2.18340370e+00  +4.14400613e+00  +2.31427948e+00  +2.63328858e+00  +9.47280070e+02  +5.22604446e+00  +3.97115895e+00  +2.84755945e+03 
107            7.396784e+02    4.295025e+00    5.000000e-02    1               0.583333        2.000000e+00    +4.24142283e+00  +3.51095435e+00  +5.92358895e-01  +2.44623556e+00  +1.09153953e+00  +5.03105155e-01  +1.64562629e-01  +1.10303917e-01  +7.99837990e-01  +2.10197270e+00  +9.10074307e-02  +2.17432531e+00  +4.14536040e+00  +2.31457718e+00  +2.63330309e+00  +9.46998954e+02  +5.22618619e+00  +3.97082031e+00  +2.84879214e+03 
108            7.401905e+02    4.290235e+00    5.000000e-02    1               0.587156        1.000000e+00    +4.24797191e+00  +3.51094453e+00  +5.93704696e-01  +2.44861397e+00  +1.08723988e+00  +5.03759710e-01  +1.65015324e-01  +1.18676428e-01  +8.00635296e-01  +2.09721391e+00  +9.58210984e-02  +2.17769035e+00  +4.14155873e+00  +2.31419791e+00  +2.63355187e+00  +9.46905307e+02  +5.22613852e+00  +3.97081213e+00  +2.84940584e+03 
109            7.402608e+02    4.282771e+00    5.000000e-02    1               0.590909        1.000000e+00    +4.25297322e+00  +3.51051502e+00  +5.90533787e-01  +2.45458471e+00  +1.08556614e+00  +5.03739933e-01  +1.64816717e-01  +1.25357475e-01  +7.99988299e-01  +2.09799464e+00  +9.27646403e-02  +2.19188671e+00  +4.14591986e+00  +2.31416803e+00  +2.63313137e+00  +9.46524439e+02  +5.22554006e+00  +3.97090370e+00  +2.85233971e+03 
111            7.396870e+02    4.295332e+00    5.000000e-02    1               0.589286        2.000000e+00    +4.24950648e+00  +3.50526484e+00  +5.89965602e-01  +2.45306337e+00  +1.08639060e+00  +5.03895311e-01  +1.64703891e-01  +1.18262301e-01  +7.99712219e-01  +2.09191428e+00  +9.02687874e-02  +2.18438251e+00  +4.14177317e+00  +2.31465059e+00  +2.63308877e+00  +9.46728552e+02  +5.22602946e+00  +3.97169228e+00  +2.85277453e+03 
112            7.398001e+02    4.296223e+00    5.000000e-02    1               0.592920        1.000000e+00    +4.25032764e+00  +3.49983070e+00  +5.88701458e-01  +2.45375182e+00  +1.08066866e+00  +5.04580733e-01  +1.64565487e-01  +1.12782041e-01  +7.99151933e-01  +2.09335733e+00  +8.73389679e-02  +2.17153391e+00  +4.12873460e+00  +2.31497307e+00  +2.63201288e+00  +9.47670963e+02  +5.22641065e+00  +3.97146819e+00  +2.85013046e+03 
113            7.422077e+02    4.299070e+00    5.000000e-02    1               0.596491        1.000000e+00    +4.24682995e+00  +3.50485737e+00  +5.89213798e-01  +2.44930883e+00  +1.07874119e+00  +5.03442322e-01  +1.64494974e-01  +1.10175317e-01  +7.95052529e-01  +2.09309643e+00  +9.40468007e-02  +2.17162070e+00  +4.13127796e+00  +2.31606315e+00  +2.63268536e+00  +9.47019878e+02  +5.22655864e+00  +3.97074648e+00  +2.84919909e+03 
114            7.433618e+02    4.282797e+00    5.000000e-02    1               0.600000        1.000000e+00    +4.24826533e+00  +3.51449900e+00  +5.87045418e-01  +2.44293593e+00  +1.07964853e+00  +5.03646328e-01  +1.64744117e-01  +1.14590769e-01  +7.93784736e-01  +2.09489026e+00  +9.75177607e-02  +2.15115402e+00  +4.13893561e+00  +2.31597905e+00  +2.63214175e+00  +9.47477511e+02  +5.22552780e+00  +3.97039159e+00  +2.84986824e+03 
115            7.436350e+02    4.287492e+00    5.000000e-02    1               0.603448        1.000000e+00    +4.24353501e+00  +3.51435087e+00  +5.85697566e-01  +2.44198194e+00  +1.07356087e+00  +5.03556580e-01  +1.65518686e-01  +1.15133811e-01  +7.92483105e-01  +2.09271793e+00  +1.03146732e-01  +2.15647755e+00  +4.13017649e+00  +2.31644233e+00  +2.63237850e+00  +9.47964627e+02  +5.22587998e+00  +3.96961200e+00  +2.85002385e+03 
118            7.437754e+02    4.295051e+00    5.000000e-02    1               0.596639        3.000000e+00    +4.23912596e+00  +3.51099631e+00  +5.83672884e-01  +2.43882468e+00  +1.07403926e+00  +5.04231843e-01  +1.64736802e-01  +1.19098369e-01  +7.92922397e-01  +2.08910602e+00  +9.99572093e-02  +2.15501573e+00  +4.13077398e+00  +2.31620669e+00  +2.63243354e+00  +9.48107612e+02  +5.22549089e+00  +3.96857225e+00  +2.84925583e+03 
119            7.438891e+02    4.294328e+00    5.000000e-02    1               0.600000        1.000000e+00    +4.23760502e+00  +3.51118947e+00  +5.83057915e-01  +2.44304808e+00  +1.07048853e+00  +5.04195112e-01  +1.65349426e-01  +1.11996555e-01  +7.94090678e-01  +2.08176725e+00  +1.01411108e-01  +2.17845805e+00  +4.13275537e+00  +2.31607168e+00  +2.63268681e+00  +9.48405277e+02  +5.22550959e+00  +3.96974496e+00  +2.84950982e+03 
121            7.436085e+02    4.289263e+00    5.000000e-02    1               0.598361        2.000000e+00    +4.23901723e+00  +3.51395752e+00  +5.81429508e-01  +2.44309212e+00  +1.07688567e+00  +5.03770811e-01  +1.64051993e-01  +1.10503738e-01  +7.94993008e-01  +2.08133115e+00  +1.03665831e-01  +2.15524368e+00  +4.12482469e+00  +2.31533991e+00  +2.63279802e+00  +9.48600262e+02  +5.22541275e+00  +3.96996080e+00  +2.85024308e+03 
126            7.443165e+02    4.292427e+00    5.000000e-02    1               0.582677        5.000000e+00    +4.23950246e+00  +3.51245105e+00  +5.80554403e-01  +2.44519760e+00  +1.07289227e+00  +5.03177217e-01  +1.64107443e-01  +1.08235050e-01  +7.95803438e-01  +2.07944480e+00  +1.03210420e-01  +2.15772731e+00  +4.11533245e+00  +2.31505805e+00  +2.63203291e+00  +9.48070415e+02  +5.22547528e+00  +3.96959907e+00  +2.85076178e+03 
127            7.435127e+02    4.289673e+00    5.000000e-02    1               0.585938        1.000000e+00    +4.22898886e+00  +3.50832337e+00  +5.82614400e-01  +2.44600246e+00  +1.06776937e+00  +5.02670168e-01  +1.63818069e-01  +1.11300801e-01  +7.96960043e-01  +2.07524959e+00  +9.95299720e-02  +2.15842232e+00  +4.11958397e+00  +2.31407186e+00  +2.63182159e+00  +9.48503283e+02  +5.22566978e+00  +3.97016953e+00  +2.85148364e+03 
130            7.432322e+02    4.288353e+00    5.000000e-02    1               0.580153        3.000000e+00    +4.23033834e+00  +3.51068078e+00  +5.81839653e-01  +2.45547985e+00  +1.06840466e+00  +5.03285956e-01  +1.63939009e-01  +1.18160509e-01  +7.98912588e-01  +2.06926000e+00  +9.97477658e-02  +2.16895188e+00  +4.11450995e+00  +2.31358929e+00  +2.63222584e+00  +9.47054130e+02  +5.22591828e+00  +3.96984460e+00  +2.85091320e+03 
131            7.420902e+02    4.292386e+00    5.000000e-02    1               0.583333        1.000000e+00    +4.23010430e+00  +3.50760704e+00  +5.81008202e-01  +2.45381861e+00  +1.06962915e+00  +5.02777486e-01  +1.63680166e-01  +1.20370375e-01  +7.98518719e-01  +2.06665271e+00  +1.05458314e-01  +2.13262713e+00  +4.11884799e+00  +2.31327860e+00  +2.63196138e+00  +9.47407361e+02  +5.22533014e+00  +3.96962444e+00  +2.85266684e+03 
132            7.447074e+02    4.299290e+00    5.000000e-02    1               0.586466        1.000000e+00    +4.23323317e+00  +3.50465122e+00  +5.80325718e-01  +2.44785629e+00  +1.06510306e+00  +5.02256326e-01  +1.63387324e-01  +1.28370852e-01  +7.97719880e-01  +2.06700752e+00  +1.01174233e-01  +2.12878333e+00  +4.10608855e+00  +2.31285497e+00  +2.63308624e+00  +9.47655271e+02  +5.22474473e+00  +3.96974429e+00  +2.85242326e+03 
134            7.461281e+02    4.301685e+00    5.000000e-02    1               0.585185        2.000000e+00    +4.23641255e+00  +3.50488854e+00  +5.80368482e-01  +2.44966080e+00  +1.06165376e+00  +5.01694837e-01  +1.63533826e-01  +1.25421561e-01  +7.97458457e-01  +2.07536549e+00  +1.02974150e-01  +2.12665551e+00  +4.10661317e+00  +2.31310109e+00  +2.63340647e+00  +9.47449120e+02  +5.22443862e+00  +3.97024942e+00  +2.85217752e+03 
135            7.477102e+02    4.304528e+00    5.000000e-02    1               0.588235        1.000000e+00    +4.24056620e+00  +3.50024899e+00  +5.80007833e-01  +2.45452273e+00  +1.05811395e+00  +5.02252784e-01  +1.63028138e-01  +1.19871648e-01  +7.96492182e-01  +2.08074975e+00  +1.03312598e-01  +2.13283243e+00  +4.10382914e+00  +2.31312781e+00  +2.63306979e+00  +9.47248944e+02  +5.22443477e+00  +3.97048057e+00  +2.85257471e+03 
136            7.504140e+02    4.297291e+00    5.000000e-02    1               0.591241        1.000000e+00    +4.24374535e+00  +3.50888709e+00  +5.81244255e-01  +2.45792506e+00  +1.05434815e+00  +5.01917710e-01  +1.63539667e-01  +1.21835152e-01  +7.97785083e-01  +2.09235348e+00  +1.02013522e-01  +2.12153279e+00  +4.10158131e+00  +2.31318212e+00  +2.63268037e+00  +9.47571900e+02  +5.22374036e+00  +3.97009638e+00  +2.85488162e+03 
137            7.516785e+02    4.294843e+00    5.000000e-02    1               0.594203        1.000000e+00    +4.24929879e+00  +3.50615468e+00  +5.79773753e-01  +2.46039959e+00  +1.05123156e+00  +5.02251233e-01  +1.62994349e-01  +1.22064911e-01  +7.98981901e-01  +2.08622276e+00  +9.93251149e-02  +2.10832538e+00  +4.10329641e+00  +2.31314524e+00  +2.63270423e+00  +9.46779278e+02  +5.22299936e+00  +3.97024697e+00  +2.85470032e+03 
138            7.518405e+02    4.300073e+00    5.000000e-02    1               0.597122        1.000000e+00    +4.23986692e+00  +3.50757529e+00  +5.79000957e-01  +2.45403262e+00  +1.05174079e+00  +5.02039462e-01  +1.62977913e-01  +1.16489241e-01  +8.00638920e-01  +2.08031282e+00  +1.00467442e-01  +2.08518384e+00  +4.10791049e+00  +2.31361280e+00  +2.63255250e+00  +9.46876617e+02  +5.22331043e+00  +3.96931056e+00  +2.85638386e+03 
140            7.514762e+02    4.289573e+00    5.000000e-02    1               0.595745        2.000000e+00    +4.24307057e+00  +3.51350469e+00  +5.79128486e-01  +2.45458896e+00  +1.05613686e+00  +5.02010609e-01  +1.63539397e-01  +1.15051639e-01  +8.01546317e-01  +2.07226613e+00  +9.62617152e-02  +2.06161709e+00  +4.11204790e+00  +2.31356587e+00  +2.63281009e+00  +9.47254538e+02  +5.22337387e+00  +3.97005694e+00  +2.85811509e+03 
141            7.535777e+02    4.287213e+00    5.000000e-02    1               0.598592        1.000000e+00    +4.23861791e+00  +3.51483565e+00  +5.77276036e-01  +2.44794906e+00  +1.05299255e+00  +5.02242187e-01  +1.63128663e-01  +1.14792610e-01  +8.00648999e-01  +2.07388783e+00  +9.82265287e-02  +2.04092747e+00  +4.12518356e+00  +2.31338157e+00  +2.63348584e+00  +9.46808386e+02  +5.22273140e+00  +3.97096264e+00  +2.85758640e+03 
144            7.557627e+02    4.278280e+00    5.000000e-02    1               0.593103        3.000000e+00    +4.23827075e+00  +3.51825823e+00  +5.73643751e-01  +2.44924733e+00  +1.05548468e+00  +5.01884859e-01  +1.63242939e-01  +1.08230324e-01  +7.98846955e-01  +2.07624801e+00  +1.01815331e-01  +2.06014404e+00  +4.12117495e+00  +2.31285644e+00  +2.63297956e+00  +9.46865051e+02  +5.22190952e+00  +3.97108324e+00  +2.85756954e+03 
145            7.566824e+02    4.284382e+00    5.000000e-02    1               0.595890        1.000000e+00    +4.24084945e+00  +3.51604775e+00  +5.74210950e-01  +2.44351226e+00  +1.05159297e+00  +5.02677859e-01  +1.63173807e-01  +1.00365393e-01  +8.00695181e-01  +2.06970309e+00  +9.95423756e-02  +2.06580227e+00  +4.11134169e+00  +2.31146841e+00  +2.63274901e+00  +9.46693168e+02  +5.22066114e+00  +3.97076723e+00  +2.85879550e+03 
146            7.571038e+02    4.280642e+00    5.000000e-02    1               0.598639        1.000000e+00    +4.23993123e+00  +3.51749604e+00  +5.75445871e-01  +2.44013633e+00  +1.04825461e+00  +5.02766087e-01  +1.62718161e-01  +9.22713099e-02  +7.98474728e-01  +2.07295881e+00  +1.10068394e-01  +2.06268551e+00  +4.10779944e+00  +2.31168717e+00  +2.63264174e+00  +9.46350246e+02  +5.22049397e+00  +3.97081156e+00  +2.85936906e+03 
147            7.571870e+02    4.263030e+00    5.000000e-02    1               0.601351        1.000000e+00    +4.23970879e+00  +3.52305365e+00  +5.75333193e-01  +2.44522852e+00  +1.04806170e+00  +5.01829053e-01  +1.62383144e-01  +9.47658242e-02  +7.97872736e-01  +2.06517698e+00  +1.08688023e-01  +2.05193085e+00  +4.10992883e+00  +2.31114374e+00  +2.63261484e+00  +9.46693577e+02  +5.22026272e+00  +3.97103557e+00  +2.85967049e+03 
150            7.541417e+02    4.264386e+00    5.000000e-02    1               0.596026        3.000000e+00    +4.23593234e+00  +3.52230799e+00  +5.74702242e-01  +2.45011248e+00  +1.04827161e+00  +5.01354160e-01  +1.61426734e-01  +9.39369620e-02  +7.98145076e-01  +2.06660909e+00  +1.11529079e-01  +2.07232083e+00  +4.10418600e+00  +2.31121551e+00  +2.63169747e+00  +9.46830289e+02  +5.22026385e+00  +3.97093107e+00  +2.85891625e+03 
151            7.582794e+02    4.271386e+00    5.000000e-02    1               0.598684        1.000000e+00    +4.23941119e+00  +3.52059734e+00  +5.74762655e-01  +2.44237059e+00  +1.05345546e+00  +5.01289212e-01  +1.62542976e-01  +9.31637964e-02  +7.97016877e-01  +2.06540701e+00  +1.01023582e-01  +2.08493756e+00  +4.09484144e+00  +2.31058562e+00  +2.63059496e+00  +9.47596878e+02  +5.22100268e+00  +3.97131218e+00  +2.85810428e+03 
156            7.590056e+02    4.268851e+00    5.000000e-02    1               0.585987        5.000000e+00    +4.24237636e+00  +3.52124615e+00  +5.72274210e-01  +2.44383110e+00  +1.04126384e+00  +5.01124442e-01  +1.62630894e-01  +9.19775783e-02  +7.99927851e-01  +2.06628239e+00  +9.94826848e-02  +2.06878588e+00  +4.09133274e+00  +2.31064970e+00  +2.63050142e+00  +9.48035953e+02  +5.22152760e+00  +3.96987257e+00  +2.85689456e+03 
157            7.592512e+02    4.271185e+00    5.000000e-02    1               0.588608        1.000000e+00    +4.24276923e+00  +3.52048160e+00  +5.71503015e-01  +2.44771622e+00  +1.03721992e+00  +5.01596882e-01  +1.63268260e-01  +1.01639041e-01  +7.98454276e-01  +2.07102785e+00  +1.04884585e-01  +2.06505440e+00  +4.09565811e+00  +2.31062771e+00  +2.63094538e+00  +9.47871325e+02  +5.22167488e+00  +3.97003659e+00  +2.85658039e+03 
159            7.601124e+02    4.266669e+00    5.000000e-02    1               0.587500        2.000000e+00    +4.23865884e+00  +3.52198132e+00  +5.72037128e-01  +2.44770619e+00  +1.03521767e+00  +5.01528864e-01  +1.63514166e-01  +1.04366142e-01  +7.97878023e-01  +2.07246273e+00  +1.02618044e-01  +2.05999755e+00  +4.10846432e+00  +2.31077641e+00  +2.63165680e+00  +9.47972151e+02  +5.22275706e+00  +3.96972979e+00  +2.85795606e+03 
160            7.598332e+02    4.273841e+00    5.000000e-02    1               0.590062        1.000000e+00    +4.23512256e+00  +3.51921926e+00  +5.72762146e-01  +2.44716704e+00  +1.02709439e+00  +5.01806940e-01  +1.63201169e-01  +1.01886420e-01  +7.97852509e-01  +2.07342872e+00  +1.05860532e-01  +2.05940314e+00  +4.10928528e+00  +2.31053726e+00  +2.63250571e+00  +9.48024128e+02  +5.22293792e+00  +3.96951951e+00  +2.85959471e+03 
163            7.614383e+02    4.280506e+00    5.000000e-02    1               0.585366        3.000000e+00    +4.23758423e+00  +3.51737874e+00  +5.75151335e-01  +2.44670528e+00  +1.02434630e+00  +5.01364079e-01  +1.62856262e-01  +1.02477897e-01  +7.97250526e-01  +2.08436107e+00  +1.02166981e-01  +2.07359238e+00  +4.11358541e+00  +2.31094337e+00  +2.63203586e+00  +9.48422249e+02  +5.22348221e+00  +3.96872449e+00  +2.85955517e+03 
168            7.610136e+02    4.284785e+00    5.000000e-02    1               0.573964        5.000000e+00    +4.23809406e+00  +3.51579410e+00  +5.75777088e-01  +2.44475658e+00  +1.02325636e+00  +5.01150156e-01  +1.63098345e-01  +1.03002502e-01  +7.96144302e-01  +2.08802523e+00  +1.02011731e-01  +2.08285400e+00  +4.11212283e+00  +2.31088431e+00  +2.63244856e+00  +9.47266414e+02  +5.22325634e+00  +3.96849069e+00  +2.85962499e+03 
170            7.617438e+02    4.286945e+00    5.000000e-02    1               0.573099        2.000000e+00    +4.24065265e+00  +3.51500041e+00  +5.74809801e-01  +2.44404688e+00  +1.02415091e+00  +5.01928117e-01  +1.62788192e-01  +9.60301557e-02  +7.95114903e-01  +2.08930899e+00  +1.00179482e-01  +2.06981841e+00  +4.10918426e+00  +2.31188674e+00  +2.63190562e+00  +9.47287622e+02  +5.22328251e+00  +3.96761488e+00  +2.85931015e+03 
175            7.598050e+02    4.298171e+00    5.000000e-02    1               0.562500        5.000000e+00    +4.24438498e+00  +3.50790673e+00  +5.75913141e-01  +2.44404410e+00  +1.01952870e+00  +5.01270613e-01  +1.62139784e-01  +1.01167767e-01  +7.91992622e-01  +2.08480804e+00  +9.94186157e-02  +2.05891401e+00  +4.11975723e+00  +2.31161596e+00  +2.63144165e+00  +9.47423683e+02  +5.22342703e+00  +3.96808691e+00  +2.85885312e+03 
177            7.600530e+02    4.299105e+00    5.000000e-02    1               0.561798        2.000000e+00    +4.24779359e+00  +3.50300951e+00  +5.75639394e-01  +2.43890704e+00  +1.01729442e+00  +5.00800804e-01  +1.62518408e-01  +9.17697827e-02  +7.91489448e-01  +2.07625905e+00  +1.00240058e-01  +2.04985739e+00  +4.11877298e+00  +2.31116674e+00  +2.63102169e+00  +9.47260138e+02  +5.22367503e+00  +3.96819129e+00  +2.85944623e+03 
178            7.617015e+02    4.295859e+00    5.000000e-02    1               0.564246        1.000000e+00    +4.24947457e+00  +3.50464556e+00  +5.75204045e-01  +2.43158897e+00  +1.00953144e+00  +5.00054494e-01  +1.61687246e-01  +9.18434213e-02  +7.89826307e-01  +2.07476725e+00  +1.00139320e-01  +2.06205130e+00  +4.12223493e+00  +2.31106301e+00  +2.63080161e+00  +9.47716345e+02  +5.22350555e+00  +3.96828233e+00  +2.85809230e+03 
179            7.632602e+02    4.289640e+00    5.000000e-02    1               0.566667        1.000000e+00    +4.25374656e+00  +3.50140482e+00  +5.75089980e-01  +2.43594977e+00  +1.00099851e+00  +4.99812346e-01  +1.61956892e-01  +8.55090141e-02  +7.89032268e-01  +2.06824846e+00  +9.77157502e-02  +2.05544179e+00  +4.13251992e+00  +2.31049862e+00  +2.63087302e+00  +9.48244816e+02  +5.22357926e+00  +3.96900221e+00  +2.85818603e+03 
180            7.640759e+02    4.291500e+00    5.000000e-02    1               0.569061        1.000000e+00    +4.25286938e+00  +3.50123450e+00  +5.75453623e-01  +2.43594775e+00  +1.00222318e+00  +4.99561924e-01  +1.61932520e-01  +8.50330267e-02  +7.90105035e-01  +2.07064506e+00  +1.01690063e-01  +2.04384275e+00  +4.12920084e+00  +2.31074721e+00  +2.63143985e+00  +9.49290290e+02  +5.22345456e+00  +3.96839906e+00  +2.85883440e+03 
182            7.641012e+02    4.288470e+00    5.000000e-02    1               0.568306        2.000000e+00    +4.25424686e+00  +3.50171831e+00  +5.74580481e-01  +2.43926807e+00  +9.98463548e-01  +4.98953577e-01  +1.62224813e-01  +8.01018687e-02  +7.87708337e-01  +2.06105897e+00  +9.84490577e-02  +2.05317603e+00  +4.13317426e+00  +2.31028474e+00  +2.63148056e+00  +9.48810295e+02  +5.22347949e+00  +3.96825316e+00  +2.85938382e+03 
183            7.644338e+02    4.272018e+00    5.000000e-02    1               0.570652        1.000000e+00    +4.25972119e+00  +3.50525203e+00  +5.75691746e-01  +2.44422347e+00  +1.00289326e+00  +4.99291921e-01  +1.62560225e-01  +8.21891653e-02  +7.88057205e-01  +2.06305521e+00  +1.04656033e-01  +2.06599479e+00  +4.12844663e+00  +2.31077210e+00  +2.63150727e+00  +9.48404603e+02  +5.22269279e+00  +3.96760046e+00  +2.86109605e+03 
184            7.642830e+02    4.273631e+00    5.000000e-02    1               0.572973        1.000000e+00    +4.25989607e+00  +3.50004862e+00  +5.74831837e-01  +2.44590751e+00  +9.99831290e-01  +4.98555717e-01  +1.62227958e-01  +8.90120614e-02  +7.87313054e-01  +2.06239766e+00  +1.09438691e-01  +2.06267923e+00  +4.11594607e+00  +2.31036509e+00  +2.63088807e+00  +9.48025422e+02  +5.22255661e+00  +3.96753405e+00  +2.86194546e+03 
185            7.643442e+02    4.275458e+00    5.000000e-02    1               0.575269        1.000000e+00    +4.25843698e+00  +3.49429392e+00  +5.71609035e-01  +2.44737812e+00  +9.99119355e-01  +4.98513446e-01  +1.63165132e-01  +8.81857082e-02  +7.86407341e-01  +2.06916303e+00  +1.07338613e-01  +2.07405241e+00  +4.11999736e+00  +2.31014654e+00  +2.63004628e+00  +9.48260545e+02  +5.22250522e+00  +3.96762291e+00  +2.86222658e+03 
186            7.646895e+02    4.279322e+00    5.000000e-02    1               0.577540        1.000000e+00    +4.25629237e+00  +3.49241192e+00  +5.71873361e-01  +2.44724518e+00  +9.95612488e-01  +4.98211456e-01  +1.63520630e-01  +9.50215858e-02  +7.88457977e-01  +2.08037051e+00  +1.03218549e-01  +2.06501648e+00  +4.12198380e+00  +2.31058036e+00  +2.62989642e+00  +9.48625157e+02  +5.22252424e+00  +3.96814915e+00  +2.86227406e+03 
187            7.663900e+02    4.272960e+00    5.000000e-02    1               0.579787        1.000000e+00    +4.25528300e+00  +3.48692797e+00  +5.71286166e-01  +2.44937915e+00  +9.91073290e-01  +4.97873764e-01  +1.63282355e-01  +9.04012973e-02  +7.89077366e-01  +2.08061561e+00  +1.06409387e-01  +2.06084080e+00  +4.13223545e+00  +2.31054093e+00  +2.62962929e+00  +9.48502901e+02  +5.22233279e+00  +3.96832621e+00  +2.86267339e+03 
191            7.666667e+02    4.258852e+00    5.000000e-02    1               0.572917        4.000000e+00    +4.26248278e+00  +3.49108038e+00  +5.72562568e-01  +2.44604149e+00  +9.86946838e-01  +4.97795230e-01  +1.63353075e-01  +9.08106248e-02  +7.90242906e-01  +2.08406519e+00  +1.01942975e-01  +2.05688581e+00  +4.13077755e+00  +2.31064675e+00  +2.63032975e+00  +9.48265982e+02  +5.22313056e+00  +3.96806590e+00  +2.86411728e+03 
193            7.682461e+02    4.253932e+00    5.000000e-02    1               0.572165        2.000000e+00    +4.26426982e+00  +3.49231984e+00  +5.73207051e-01  +2.45174125e+00  +9.82723555e-01  +4.97847582e-01  +1.63310575e-01  +9.66584430e-02  +7.92283662e-01  +2.08024343e+00  +1.04499661e-01  +2.04163817e+00  +4.13111587e+00  +2.31120190e+00  +2.63050888e+00  +9.48392790e+02  +5.22259450e+00  +3.96812280e+00  +2.86363618e+03 
196            7.668094e+02    4.237773e+00    5.000000e-02    1               0.568528        3.000000e+00    +4.26734225e+00  +3.48964377e+00  +5.72381713e-01  +2.45730318e+00  +9.86658252e-01  +4.97464473e-01  +1.63166909e-01  +1.01474219e-01  +7.90907002e-01  +2.08750013e+00  +1.03931478e-01  +2.03411649e+00  +4.13214970e+00  +2.31147929e+00  +2.62978981e+00  +9.48331117e+02  +5.22305021e+00  +3.96866997e+00  +2.86368885e+03 
197            7.670244e+02    4.231190e+00    5.000000e-02    1               0.570707        1.000000e+00    +4.26735166e+00  +3.48618012e+00  +5.73253201e-01  +2.46547800e+00  +9.90579241e-01  +4.97377951e-01  +1.63201529e-01  +9.72668691e-02  +7.90611277e-01  +2.08201203e+00  +1.06765431e-01  +2.04206319e+00  +4.13989847e+00  +2.31160157e+00  +2.63062740e+00  +9.47925801e+02  +5.22305885e+00  +3.96893338e+00  +2.86257845e+03 
200            7.669871e+02    4.199488e+00    5.000000e-02    1               0.567164        3.000000e+00    +4.27212182e+00  +3.48230594e+00  +5.72218192e-01  +2.47004386e+00  +9.90297349e-01  +4.98006774e-01  +1.63512125e-01  +9.21212200e-02  +7.89293493e-01  +2.07018756e+00  +1.08328434e-01  +2.08577079e+00  +4.13961257e+00  +2.31122786e+00  +2.63103128e+00  +9.47693896e+02  +5.22288572e+00  +3.96856221e+00  +2.86138513e+03 
202            7.678361e+02    4.166806e+00    5.000000e-02    1               0.566502        2.000000e+00    +4.27901189e+00  +3.48446623e+00  +5.69982735e-01  +2.47364690e+00  +9.90867317e-01  +4.98655583e-01  +1.63429963e-01  +9.06647957e-02  +7.93695423e-01  +2.07454450e+00  +1.04520380e-01  +2.08947209e+00  +4.12681052e+00  +2.31171382e+00  +2.63145895e+00  +9.47408362e+02  +5.22289661e+00  +3.96864149e+00  +2.86153227e+03 
204            7.692779e+02    4.218553e+00    5.000000e-02    1               0.565854        2.000000e+00    +4.27230808e+00  +3.49244720e+00  +5.69548002e-01  +2.47325944e+00  +9.85695115e-01  +4.98767034e-01  +1.63201835e-01  +8.99417680e-02  +7.92870970e-01  +2.06988134e+00  +1.04027881e-01  +2.07392497e+00  +4.12035367e+00  +2.31153277e+00  +2.63130131e+00  +9.47299737e+02  +5.22248987e+00  +3.96834840e+00  +2.85924953e+03 
206            7.705071e+02    4.179671e+00    5.000000e-02    1               0.565217        2.000000e+00    +4.27554623e+00  +3.48169665e+00  +5.68489909e-01  +2.47785697e+00  +9.80142967e-01  +4.98255119e-01  +1.62812339e-01  +8.50515972e-02  +7.91383592e-01  +2.06766478e+00  +9.96778609e-02  +2.07372819e+00  +4.11143686e+00  +2.31250379e+00  +2.63076751e+00  +9.46543695e+02  +5.22171195e+00  +3.96790353e+00  +2.85847489e+03 
207            7.735198e+02    4.180960e+00    5.000000e-02    1               0.567308        1.000000e+00    +4.27428524e+00  +3.47983618e+00  +5.70065160e-01  +2.48183544e+00  +9.73392619e-01  +4.98420179e-01  +1.62782649e-01  +7.95576439e-02  +7.89038735e-01  +2.07200072e+00  +1.03033285e-01  +2.07570846e+00  +4.10737588e+00  +2.31224485e+00  +2.63154279e+00  +9.47260775e+02  +5.22149212e+00  +3.96826069e+00  +2.85956135e+03 
209            7.734253e+02    4.170797e+00    5.000000e-02    1               0.566667        2.000000e+00    +4.27262367e+00  +3.47454734e+00  +5.68238737e-01  +2.48239807e+00  +9.75742460e-01  +4.98018556e-01  +1.62117401e-01  +7.41955234e-02  +7.89141496e-01  +2.07596125e+00  +1.02296886e-01  +2.05568338e+00  +4.11330770e+00  +2.31241587e+00  +2.63128566e+00  +9.48056571e+02  +5.22131918e+00  +3.96858131e+00  +2.85988914e+03 
211            7.740425e+02    4.138952e+00    5.000000e-02    1               0.566038        2.000000e+00    +4.27589212e+00  +3.47116407e+00  +5.68144913e-01  +2.49135533e+00  +9.70676069e-01  +4.97937475e-01  +1.61276050e-01  +7.72001049e-02  +7.90567623e-01  +2.07011326e+00  +9.93774442e-02  +2.04637937e+00  +4.11144148e+00  +2.31142747e+00  +2.63102280e+00  +9.48495771e+02  +5.22090378e+00  +3.96892427e+00  +2.85921364e+03 
213            7.762587e+02    4.128099e+00    5.000000e-02    1               0.565421        2.000000e+00    +4.28028901e+00  +3.47479147e+00  +5.66014087e-01  +2.48533110e+00  +9.68640372e-01  +4.97324332e-01  +1.61450755e-01  +6.84829605e-02  +7.89011015e-01  +2.06656789e+00  +1.05682359e-01  +2.04266360e+00  +4.10681588e+00  +2.31108731e+00  +2.63041810e+00  +9.48882538e+02  +5.22035393e+00  +3.96967037e+00  +2.85935358e+03 
214            7.772200e+02    4.115820e+00    5.000000e-02    1               0.567442        1.000000e+00    +4.28025173e+00  +3.47179290e+00  +5.66701530e-01  +2.48627184e+00  +9.63966184e-01  +4.98214925e-01  +1.61011071e-01  +6.04261174e-02  +7.88285070e-01  +2.05981231e+00  +1.01549598e-01  +2.06549999e+00  +4.09955161e+00  +2.31054657e+00  +2.63011168e+00  +9.48673663e+02  +5.22101672e+00  +3.96982335e+00  +2.86080998e+03 
215            7.779021e+02    4.060230e+00    5.000000e-02    1               0.569444        1.000000e+00    +4.28419830e+00  +3.46573774e+00  +5.64901903e-01  +2.48644564e+00  +9.62396154e-01  +4.97781831e-01  +1.60838244e-01  +6.45744725e-02  +7.86884755e-01  +2.05756588e+00  +1.04453309e-01  +2.06273570e+00  +4.09483885e+00  +2.30958981e+00  +2.63089568e+00  +9.48755366e+02  +5.22001450e+00  +3.96939703e+00  +2.86236415e+03 
220            7.778402e+02    4.080568e+00    5.000000e-02    1               0.561086        5.000000e+00    +4.28234895e+00  +3.46723368e+00  +5.64067180e-01  +2.49748334e+00  +9.57351596e-01  +4.97252203e-01  +1.61386928e-01  +6.35850279e-02  +7.88545095e-01  +2.05127875e+00  +9.78479306e-02  +2.07578793e+00  +4.09654321e+00  +2.31050123e+00  +2.63032470e+00  +9.48060256e+02  +5.22027128e+00  +3.96894541e+00  +2.86255094e+03 
225            7.770473e+02    4.117304e+00    5.000000e-02    1               0.553097        5.000000e+00    +4.28100590e+00  +3.47325378e+00  +5.67114897e-01  +2.49381176e+00  +9.55970390e-01  +4.97739591e-01  +1.61427863e-01  +5.99108136e-02  +7.89211665e-01  +2.05146793e+00  +9.34013350e-02  +2.09029851e+00  +4.10041048e+00  +2.31067239e+00  +2.63040617e+00  +9.48482716e+02  +5.22037421e+00  +3.96995753e+00  +2.86205977e+03 
226            7.790434e+02    4.142708e+00    5.000000e-02    1               0.555066        1.000000e+00    +4.27786590e+00  +3.47474435e+00  +5.68125773e-01  +2.49541332e+00  +9.51880014e-01  +4.97855273e-01  +1.60460359e-01  +5.46521060e-02  +7.87802447e-01  +2.05675176e+00  +9.56736632e-02  +2.06496494e+00  +4.10795533e+00  +2.31069062e+00  +2.63063449e+00  +9.48349042e+02  +5.22050665e+00  +3.97014584e+00  +2.86314920e+03 
227            7.810558e+02    4.135194e+00    5.000000e-02    1               0.557018        1.000000e+00    +4.27698956e+00  +3.47172236e+00  +5.65481737e-01  +2.49038570e+00  +9.47272729e-01  +4.97703449e-01  +1.60598581e-01  +5.11724662e-02  +7.88576194e-01  +2.05716120e+00  +9.89132938e-02  +2.04663793e+00  +4.10686370e+00  +2.30976709e+00  +2.63097841e+00  +9.48943027e+02  +5.22042757e+00  +3.96976474e+00  +2.86125912e+03 
230            7.814051e+02    4.108768e+00    5.000000e-02    1               0.554113        3.000000e+00    +4.27951309e+00  +3.46926198e+00  +5.67577992e-01  +2.48625503e+00  +9.41017695e-01  +4.98003023e-01  +1.60388473e-01  +6.19186859e-02  +7.88918097e-01  +2.06647688e+00  +9.72451233e-02  +2.07055167e+00  +4.11157610e+00  +2.30916140e+00  +2.63103916e+00  +9.49033551e+02  +5.22076884e+00  +3.96959149e+00  +2.86371453e+03 
232            7.818567e+02    4.106108e+00    5.000000e-02    1               0.553648        2.000000e+00    +4.27681088e+00  +3.46557443e+00  +5.64417341e-01  +2.48507629e+00  +9.38552586e-01  +4.97904407e-01  +1.61514730e-01  +6.33436008e-02  +7.87989457e-01  +2.06841622e+00  +9.78712923e-02  +2.07415486e+00  +4.11233742e+00  +2.30931011e+00  +2.63051382e+00  +9.49216942e+02  +5.21995047e+00  +3.96953688e+00  +2.86301172e+03 
235            7.847014e+02    4.110392e+00    5.000000e-02    1               0.550847        3.000000e+00    +4.27650814e+00  +3.46605187e+00  +5.64328440e-01  +2.49098730e+00  +9.31292140e-01  +4.97534345e-01  +1.62092821e-01  +6.47547854e-02  +7.88225603e-01  +2.07936161e+00  +1.02563649e-01  +2.07792755e+00  +4.11608202e+00  +2.30994421e+00  +2.63063769e+00  +9.49811714e+02  +5.22009870e+00  +3.96862433e+00  +2.86285559e+03 
236            7.837999e+02    4.090317e+00    5.000000e-02    1               0.552743        1.000000e+00    +4.27500965e+00  +3.46105636e+00  +5.62359228e-01  +2.49004361e+00  +9.37181442e-01  +4.97502097e-01  +1.61560567e-01  +5.60189577e-02  +7.88554923e-01  +2.07821127e+00  +1.01520310e-01  +2.06482029e+00  +4.12076094e+00  +2.31094144e+00  +2.62971991e+00  +9.49166912e+02  +5.22079431e+00  +3.96975292e+00  +2.86208694e+03 
237            7.832736e+02    4.122185e+00    5.000000e-02    1               0.554622        1.000000e+00    +4.26417222e+00  +3.45816617e+00  +5.63792201e-01  +2.47915289e+00  +9.33839632e-01  +4.96946891e-01  +1.61380979e-01  +6.26574046e-02  +7.85869973e-01  +2.08064220e+00  +1.01334141e-01  +2.06917660e+00  +4.11416432e+00  +2.31113928e+00  +2.62935644e+00  +9.49000303e+02  +5.22076349e+00  +3.96957511e+00  +2.86253436e+03 
238            7.818409e+02    4.159089e+00    5.000000e-02    1               0.556485        1.000000e+00    +4.26489500e+00  +3.46475457e+00  +5.63165544e-01  +2.48072889e+00  +9.35738432e-01  +4.96745006e-01  +1.61201630e-01  +6.71874762e-02  +7.85359800e-01  +2.07636379e+00  +9.95197226e-02  +2.06711949e+00  +4.10828961e+00  +2.31020878e+00  +2.62919633e+00  +9.48745778e+02  +5.22103828e+00  +3.96964403e+00  +2.86131456e+03 
239            7.854733e+02    4.149961e+00    5.000000e-02    1               0.558333        1.000000e+00    +4.26141146e+00  +3.46100783e+00  +5.66112273e-01  +2.47626960e+00  +9.22367836e-01  +4.96592205e-01  +1.60955938e-01  +6.65029467e-02  +7.83297010e-01  +2.07778779e+00  +1.03469384e-01  +2.06072912e+00  +4.11301707e+00  +2.31003747e+00  +2.62875156e+00  +9.48824075e+02  +5.22072558e+00  +3.96959080e+00  +2.86218671e+03 
240            7.864524e+02    4.104931e+00    5.000000e-02    1               0.560166        1.000000e+00    +4.25967981e+00  +3.45343904e+00  +5.65339318e-01  +2.47770992e+00  +9.20590486e-01  +4.96948199e-01  +1.60252906e-01  +6.82221193e-02  +7.81143238e-01  +2.08675265e+00  +1.06764916e-01  +2.05579445e+00  +4.10897376e+00  +2.30991369e+00  +2.62890776e+00  +9.48812037e+02  +5.22074485e+00  +3.96991098e+00  +2.86168832e+03 
241            7.876277e+02    4.070444e+00    5.000000e-02    1               0.561983        1.000000e+00    +4.26477840e+00  +3.45118723e+00  +5.63587523e-01  +2.48072591e+00  +9.13702030e-01  +4.96571164e-01  +1.60046685e-01  +7.00219594e-02  +7.81883798e-01  +2.08015953e+00  +1.11475381e-01  +2.03795174e+00  +4.11115224e+00  +2.30973042e+00  +2.62939351e+00  +9.48923381e+02  +5.22035059e+00  +3.96877906e+00  +2.86119603e+03 
242            7.876818e+02    4.108831e+00    5.000000e-02    1               0.563786        1.000000e+00    +4.26425756e+00  +3.45621789e+00  +5.65358495e-01  +2.48604946e+00  +9.07216875e-01  +4.96583220e-01  +1.60177142e-01  +7.21786359e-02  +7.81639123e-01  +2.07398086e+00  +1.15649867e-01  +2.04651577e+00  +4.11310413e+00  +2.30976351e+00  +2.62984337e+00  +9.49211915e+02  +5.22052849e+00  +3.96821822e+00  +2.86218385e+03 
243            7.891574e+02    4.139380e+00    5.000000e-02    1               0.565574        1.000000e+00    +4.26575797e+00  +3.46191057e+00  +5.63966721e-01  +2.49025150e+00  +9.03801341e-01  +4.96368917e-01  +1.59313656e-01  +7.94472235e-02  +7.83750420e-01  +2.07123572e+00  +1.11585030e-01  +2.05095238e+00  +4.10569965e+00  +2.30951327e+00  +2.62987014e+00  +9.49580127e+02  +5.22051201e+00  +3.96854014e+00  +2.86205585e+03 
244            7.908533e+02    4.166703e+00    5.000000e-02    1               0.567347        1.000000e+00    +4.26422736e+00  +3.46568410e+00  +5.63335964e-01  +2.49130441e+00  +8.96383646e-01  +4.96280162e-01  +1.58970439e-01  +7.45086470e-02  +7.83392302e-01  +2.06879341e+00  +1.13077454e-01  +2.05202127e+00  +4.11366010e+00  +2.30989108e+00  +2.63032298e+00  +9.49545269e+02  +5.22051676e+00  +3.96843149e+00  +2.86239077e+03 
245            7.913320e+02    4.213986e+00    5.000000e-02    1               0.569106        1.000000e+00    +4.26109153e+00  +3.47327049e+00  +5.65076243e-01  +2.49147209e+00  +9.00772702e-01  +4.95925974e-01  +1.58304149e-01  +6.46943778e-02  +7.83128060e-01  +2.06685368e+00  +1.05694504e-01  +2.03593130e+00  +4.11076616e+00  +2.30941367e+00  +2.63026208e+00  +9.49703232e+02  +5.22007312e+00  +3.96925568e+00  +2.86210987e+03 
246            7.918098e+02    4.195606e+00    5.000000e-02    1               0.570850        1.000000e+00    +4.25950394e+00  +3.46815381e+00  +5.66336424e-01  +2.48155656e+00  +8.94485888e-01  +4.95840894e-01  +1.58656333e-01  +6.63748932e-02  +7.81881967e-01  +2.07336623e+00  +1.04135403e-01  +2.02848611e+00  +4.10881516e+00  +2.30975158e+00  +2.63051402e+00  +9.49003820e+02  +5.22006882e+00  +3.96879298e+00  +2.86098834e+03 
247            7.912775e+02    4.195042e+00    5.000000e-02    1               0.572581        1.000000e+00    +4.25518662e+00  +3.46577766e+00  +5.68584840e-01  +2.47556708e+00  +8.91909535e-01  +4.95667386e-01  +1.58905245e-01  +6.37840839e-02  +7.83255622e-01  +2.06997532e+00  +1.00224214e-01  +2.03171622e+00  +4.11366622e+00  +2.30943612e+00  +2.63060941e+00  +9.49200590e+02  +5.21996490e+00  +3.96950517e+00  +2.86028237e+03 
248            7.925443e+02    4.172453e+00    5.000000e-02    1               0.574297        1.000000e+00    +4.25945259e+00  +3.46377096e+00  +5.67387395e-01  +2.47867475e+00  +8.91464302e-01  +4.95557638e-01  +1.60509206e-01  +6.25296580e-02  +7.82276520e-01  +2.06591379e+00  +1.07652380e-01  +2.03424102e+00  +4.11447441e+00  +2.30969886e+00  +2.63069787e+00  +9.48504257e+02  +5.22010342e+00  +3.96800432e+00  +2.86028116e+03 
250            7.928371e+02    4.218101e+00    5.000000e-02    1               0.573705        2.000000e+00    +4.25480611e+00  +3.47021037e+00  +5.64377942e-01  +2.47467001e+00  +8.86940159e-01  +4.95212441e-01  +1.60211384e-01  +7.02822988e-02  +7.82030822e-01  +2.06615118e+00  +1.10187523e-01  +2.03421626e+00  +4.11058155e+00  +2.30906738e+00  +2.63082361e+00  +9.49788015e+02  +5.21989202e+00  +3.96853827e+00  +2.85998822e+03 
253            7.933044e+02    4.214989e+00    5.000000e-02    1               0.570866        3.000000e+00    +4.25140755e+00  +3.46811987e+00  +5.63960884e-01  +2.47621068e+00  +8.75838974e-01  +4.94641982e-01  +1.60321579e-01  +7.59971200e-02  +7.81613786e-01  +2.06699190e+00  +1.13603442e-01  +2.05772984e+00  +4.10885176e+00  +2.30906350e+00  +2.63045874e+00  +9.50084422e+02  +5.22067927e+00  +3.96862906e+00  +2.85856641e+03 
254            7.961108e+02    4.185283e+00    5.000000e-02    1               0.572549        1.000000e+00    +4.25405749e+00  +3.46354312e+00  +5.63304970e-01  +2.47648650e+00  +8.69748038e-01  +4.94922959e-01  +1.60805246e-01  +7.68086136e-02  +7.80565894e-01  +2.06844633e+00  +1.07376611e-01  +2.03640936e+00  +4.10573012e+00  +2.30935395e+00  +2.63085024e+00  +9.50396577e+02  +5.22076172e+00  +3.97006287e+00  +2.85899103e+03 
262            7.969407e+02    4.161167e+00    5.000000e-02    1               0.558935        8.000000e+00    +4.26088127e+00  +3.46259182e+00  +5.64317917e-01  +2.48340930e+00  +8.67971893e-01  +4.94699322e-01  +1.62013435e-01  +7.17917073e-02  +7.80022294e-01  +2.06830650e+00  +1.10824250e-01  +2.03829570e+00  +4.10891359e+00  +2.30972112e+00  +2.63126367e+00  +9.51449962e+02  +5.22023414e+00  +3.97023074e+00  +2.85774072e+03 
264            1.072074e+03    4.140127e+00    5.000000e-02    1               0.558491        2.000000e+00    +4.26995793e+00  +3.46525474e+00  +5.64734949e-01  +2.48840012e+00  +8.63044631e-01  +4.94918528e-01  +1.61926304e-01  +7.62905838e-02  +7.81505743e-01  +2.06299567e+00  +1.00085017e-01  +2.05516710e+00  +4.10910613e+00  +2.30978244e+00  +2.63128134e+00  +9.51504216e+02  +5.22067333e+00  +3.97050261e+00  +2.85736900e+03 
265            1.073208e+03    4.141539e+00    5.000000e-02    1               0.560150        1.000000e+00    +4.27081896e+00  +3.46628298e+00  +5.67283366e-01  +2.49329438e+00  +8.61562501e-01  +4.94887414e-01  +1.61451219e-01  +7.72201897e-02  +7.80425513e-01  +2.06908690e+00  +1.02862689e-01  +2.06915494e+00  +4.11281508e+00  +2.30954697e+00  +2.63141963e+00  +9.51293519e+02  +5.22010261e+00  +3.97004414e+00  +2.85577334e+03 
266            1.073713e+03    4.184460e+00    5.000000e-02    1               0.561798        1.000000e+00    +4.26384589e+00  +3.46887726e+00  +5.66800501e-01  +2.48889462e+00  +8.68256081e-01  +4.94312273e-01  +1.61304776e-01  +6.74517376e-02  +7.81978993e-01  +2.06513441e+00  +1.10240113e-01  +2.07514676e+00  +4.11325851e+00  +2.30886866e+00  +2.63133707e+00  +9.51531879e+02  +5.21949214e+00  +3.96959172e+00  +2.85565580e+03 
267            1.074248e+03    4.190309e+00    5.000000e-02    1               0.563433        1.000000e+00    +4.26433010e+00  +3.47049692e+00  +5.65106862e-01  +2.48315053e+00  +8.72058036e-01  +4.94671968e-01  +1.60615551e-01  +6.49795444e-02  +7.84645839e-01  +2.06064416e+00  +1.03880908e-01  +2.08823595e+00  +4.10864707e+00  +2.30846653e+00  +2.63111292e+00  +9.50945501e+02  +5.21959490e+00  +3.96935308e+00  +2.85436637e+03 
270            1.075242e+03    4.222821e+00    5.000000e-02    1               0.560886        3.000000e+00    +4.25989462e+00  +3.47449646e+00  +5.67467580e-01  +2.48832358e+00  +8.75737244e-01  +4.94638851e-01  +1.59814746e-01  +6.35627098e-02  +7.84175906e-01  +2.06657663e+00  +1.02792152e-01  +2.08763351e+00  +4.10908490e+00  +2.30875958e+00  +2.63155133e+00  +9.51336995e+02  +5.22041915e+00  +3.96942629e+00  +2.85551596e+03 
271            1.075594e+03    4.202325e+00    5.000000e-02    1               0.562500        1.000000e+00    +4.26154853e+00  +3.47094417e+00  +5.66447082e-01  +2.49140493e+00  +8.84330907e-01  +4.94542926e-01  +1.59723725e-01  +5.48294222e-02  +7.84762388e-01  +2.07089182e+00  +1.05738191e-01  +2.08970521e+00  +4.10151058e+00  +2.30911153e+00  +2.63242113e+00  +9.51245476e+02  +5.22012220e+00  +3.96902876e+00  +2.85759670e+03 
272            1.074418e+03    4.208537e+00    5.000000e-02    1               0.564103        1.000000e+00    +4.25920594e+00  +3.47067094e+00  +5.68436869e-01  +2.48795807e+00  +8.70427521e-01  +4.95083506e-01  +1.58655326e-01  +5.30820738e-02  +7.86981075e-01  +2.06371224e+00  +1.05954656e-01  +2.09641647e+00  +4.10421372e+00  +2.30888333e+00  +2.63288247e+00  +9.51023908e+02  +5.21940066e+00  +3.96976694e+00  +2.85702784e+03 
274            1.074507e+03    4.233966e+00    5.000000e-02    1               0.563636        2.000000e+00    +4.25551901e+00  +3.47425643e+00  +5.68550647e-01  +2.48629072e+00  +8.65275324e-01  +4.96360550e-01  +1.58666002e-01  +5.43529713e-02  +7.88913723e-01  +2.06142752e+00  +1.02813350e-01  +2.10141455e+00  +4.10482015e+00  +2.30828052e+00  +2.63326147e+00  +9.51426624e+02  +5.21872245e+00  +3.96993438e+00  +2.85713160e+03 
280            1.074191e+03    4.266197e+00    5.000000e-02    1               0.555160        6.000000e+00    +4.25426520e+00  +3.48304336e+00  +5.69062102e-01  +2.48153070e+00  +8.63919692e-01  +4.96109362e-01  +1.58708468e-01  +4.80994566e-02  +7.91015491e-01  +2.06240041e+00  +1.12035886e-01  +2.08638767e+00  +4.10131147e+00  +2.30819441e+00  +2.63289312e+00  +9.51180607e+02  +5.21894582e+00  +3.97015762e+00  +2.85692918e+03 
284            1.076641e+03    4.280078e+00    5.000000e-02    1               0.550877        4.000000e+00    +4.25114238e+00  +3.48624532e+00  +5.68417939e-01  +2.49014818e+00  +8.71000837e-01  +4.95810024e-01  +1.58601282e-01  +4.20874892e-02  +7.90009796e-01  +2.06170351e+00  +1.07456495e-01  +2.08837306e+00  +4.10485814e+00  +2.30848224e+00  +2.63305296e+00  +9.50456349e+02  +5.21816072e+00  +3.96993939e+00  +2.85680571e+03 
285            1.077218e+03    4.289875e+00    5.000000e-02    1               0.552448        1.000000e+00    +4.24971791e+00  +3.49033062e+00  +5.69142250e-01  +2.50039490e+00  +8.68098676e-01  +4.95880154e-01  +1.59501545e-01  +4.62288121e-02  +7.92044464e-01  +2.05659403e+00  +1.06635073e-01  +2.07931985e+00  +4.11347567e+00  +2.30790062e+00  +2.63245950e+00  +9.49954375e+02  +5.21872633e+00  +3.96938471e+00  +2.85641532e+03 
287            1.077162e+03    4.286259e+00    5.000000e-02    1               0.552083        2.000000e+00    +4.25189740e+00  +3.49037295e+00  +5.67599171e-01  +2.49368366e+00  +8.66641367e-01  +4.96534922e-01  +1.58632664e-01  +5.91095668e-02  +7.93664805e-01  +2.06490967e+00  +1.03294900e-01  +2.06007243e+00  +4.11412138e+00  +2.30824864e+00  +2.63180097e+00  +9.49684936e+02  +5.21900088e+00  +3.96892342e+00  +2.85682332e+03 
291            1.077516e+03    4.292634e+00    5.000000e-02    1               0.547945        4.000000e+00    +4.25144886e+00  +3.49535769e+00  +5.66782914e-01  +2.49345741e+00  +8.65482542e-01  +4.95235006e-01  +1.58608464e-01  +5.88343119e-02  +7.92918351e-01  +2.05213826e+00  +1.09165896e-01  +2.06311670e+00  +4.11223289e+00  +2.30901735e+00  +2.63143948e+00  +9.50013064e+02  +5.21905586e+00  +3.96867734e+00  +2.85796516e+03 
292            1.077425e+03    4.287584e+00    5.000000e-02    1               0.549488        1.000000e+00    +4.25384271e+00  +3.49493670e+00  +5.65444262e-01  +2.49248929e+00  +8.64971786e-01  +4.94828803e-01  +1.58728383e-01  +5.91388658e-02  +7.92894857e-01  +2.05117026e+00  +1.10520619e-01  +2.05031079e+00  +4.10527808e+00  +2.30884818e+00  +2.63164705e+00  +9.50151152e+02  +5.21934306e+00  +3.96869204e+00  +2.85823815e+03 
294            1.076461e+03    4.301406e+00    5.000000e-02    1               0.549153        2.000000e+00    +4.24466372e+00  +3.49568754e+00  +5.63471908e-01  +2.49352788e+00  +8.56156536e-01  +4.95371105e-01  +1.58961496e-01  +6.60054781e-02  +7.93851752e-01  +2.04908733e+00  +1.02280079e-01  +2.06792979e+00  +4.11281828e+00  +2.30915318e+00  +2.63122124e+00  +9.49629731e+02  +5.21970765e+00  +3.96834598e+00  +2.85812736e+03 
295            1.076840e+03    4.300271e+00    5.000000e-02    1               0.550676        1.000000e+00    +4.24616279e+00  +3.49589091e+00  +5.62409475e-01  +2.49851630e+00  +8.61082882e-01  +4.95893338e-01  +1.59162087e-01  +7.02602471e-02  +7.92944821e-01  +2.05451492e+00  +1.04565713e-01  +2.04835763e+00  +4.11524603e+00  +2.30882679e+00  +2.63105638e+00  +9.49612247e+02  +5.21880451e+00  +3.96703893e+00  +2.85643524e+03 
297            1.076545e+03    4.292551e+00    5.000000e-02    1               0.550336        2.000000e+00    +4.25171037e+00  +3.49593088e+00  +5.63796364e-01  +2.49712886e+00  +8.54584162e-01  +4.95894379e-01  +1.59703212e-01  +7.00389007e-02  +7.91413148e-01  +2.05942694e+00  +1.02773765e-01  +2.06846608e+00  +4.11272050e+00  +2.30932144e+00  +2.63105381e+00  +9.50936272e+02  +5.21848437e+00  +3.96731744e+00  +2.85570047e+03 
298            1.075749e+03    4.297108e+00    5.000000e-02    1               0.551839        1.000000e+00    +4.24959369e+00  +3.49817705e+00  +5.64351013e-01  +2.49557407e+00  +8.46309373e-01  +4.96200178e-01  +1.58793697e-01  +7.71307549e-02  +7.87699331e-01  +2.06072871e+00  +1.03182380e-01  +2.08333296e+00  +4.11644392e+00  +2.30895776e+00  +2.63118998e+00  +9.50609860e+02  +5.21778482e+00  +3.96681640e+00  +2.85471074e+03 
300            1.075348e+03    4.285403e+00    5.000000e-02    1               0.551495        2.000000e+00    +4.25515853e+00  +3.49607646e+00  +5.64078028e-01  +2.50163704e+00  +8.39073718e-01  +4.96118320e-01  +1.58691560e-01  +6.57778299e-02  +7.89389490e-01  +2.05905906e+00  +1.02525284e-01  +2.09115517e+00  +4.11633094e+00  +2.30981025e+00  +2.63106332e+00  +9.51175820e+02  +5.21786867e+00  +3.96770966e+00  +2.85342449e+03 
302            1.074551e+03    4.274708e+00    5.000000e-02    1               0.551155        2.000000e+00    +4.25810832e+00  +3.49264037e+00  +5.65781625e-01  +2.50099906e+00  +8.36712738e-01  +4.96300557e-01  +1.59114322e-01  +6.23531083e-02  +7.89081015e-01  +2.06791727e+00  +1.00333952e-01  +2.13229841e+00  +4.11222109e+00  +2.31060680e+00  +2.63117737e+00  +9.50747892e+02  +5.21803342e+00  +3.96825334e+00  +2.85182833e+03 
303            1.073989e+03    4.276110e+00    5.000000e-02    1               0.552632        1.000000e+00    +4.25751052e+00  +3.49241618e+00  +5.63583859e-01  +2.50535070e+00  +8.41996933e-01  +4.95507131e-01  +1.59865676e-01  +6.18560959e-02  +7.88158744e-01  +2.06779943e+00  +1.02596785e-01  +2.16609082e+00  +4.10770159e+00  +2.31036966e+00  +2.63051214e+00  +9.50792984e+02  +5.21865490e+00  +3.96898522e+00  +2.85106194e+03 
306            1.074073e+03    4.261084e+00    5.000000e-02    1               0.550489        3.000000e+00    +4.26358805e+00  +3.49973891e+00  +5.63395195e-01  +2.50801527e+00  +8.39695367e-01  +4.95882877e-01  +1.60449458e-01  +5.79385557e-02  +7.86096352e-01  +2.06749816e+00  +1.06803603e-01  +2.14834479e+00  +4.10914777e+00  +2.30999266e+00  +2.62995954e+00  +9.50427640e+02  +5.21849764e+00  +3.96920830e+00  +2.85165231e+03 
307            1.076561e+03    4.248875e+00    5.000000e-02    1               0.551948        1.000000e+00    +4.26512147e+00  +3.50903604e+00  +5.62703816e-01  +2.51518810e+00  +8.39827560e-01  +4.95778589e-01  +1.59892189e-01  +6.39207631e-02  +7.88098484e-01  +2.05534951e+00  +9.94295894e-02  +2.13315526e+00  +4.10559249e+00  +2.30987627e+00  +2.63018937e+00  +9.50521846e+02  +5.21883263e+00  +3.96938327e+00  +2.84916654e+03 
308            1.075973e+03    4.238614e+00    5.000000e-02    1               0.553398        1.000000e+00    +4.26850828e+00  +3.50559991e+00  +5.59538884e-01  +2.51897564e+00  +8.44456579e-01  +4.95249170e-01  +1.58866717e-01  +5.62241568e-02  +7.89735943e-01  +2.05425956e+00  +9.75804123e-02  +2.14981221e+00  +4.10998073e+00  +2.30976611e+00  +2.62926961e+00  +9.50620062e+02  +5.21925150e+00  +3.96980206e+00  +2.84750628e+03 
309            1.075041e+03    4.240010e+00    5.000000e-02    1               0.554839        1.000000e+00    +4.26872422e+00  +3.50106033e+00  +5.55976407e-01  +2.52101864e+00  +8.40850372e-01  +4.95528585e-01  +1.59482815e-01  +5.47193816e-02  +7.90177012e-01  +2.05629366e+00  +9.70385529e-02  +2.15619531e+00  +4.12147063e+00  +2.31016720e+00  +2.62967231e+00  +9.50876587e+02  +5.21968705e+00  +3.96974549e+00  +2.84655843e+03 
311            1.075734e+03    4.258846e+00    5.000000e-02    1               0.554487        2.000000e+00    +4.26308243e+00  +3.50723256e+00  +5.57355129e-01  +2.52057943e+00  +8.41544707e-01  +4.95591908e-01  +1.58934235e-01  +5.48080530e-02  +7.91426269e-01  +2.06713900e+00  +9.25714452e-02  +2.17667909e+00  +4.11972979e+00  +2.31059342e+00  +2.63002958e+00  +9.51549797e+02  +5.21935618e+00  +3.96919746e+00  +2.84750662e+03 
312            1.075648e+03    4.274569e+00    5.000000e-02    1               0.555911        1.000000e+00    +4.25857516e+00  +3.50623022e+00  +5.58621564e-01  +2.50798460e+00  +8.43443687e-01  +4.95151281e-01  +1.58617894e-01  +4.98083457e-02  +7.91239124e-01  +2.06035903e+00  +9.04421614e-02  +2.18417685e+00  +4.11645964e+00  +2.30994736e+00  +2.63039010e+00  +9.51754268e+02  +5.21890520e+00  +3.96912764e+00  +2.84945410e+03 
315            1.075672e+03    4.271520e+00    5.000000e-02    1               0.553797        3.000000e+00    +4.26009659e+00  +3.50436057e+00  +5.56810232e-01  +2.50569268e+00  +8.43354316e-01  +4.95272610e-01  +1.58553512e-01  +5.17801064e-02  +7.90109016e-01  +2.05377732e+00  +9.91184167e-02  +2.17996742e+00  +4.11427111e+00  +2.31001920e+00  +2.63013592e+00  +9.52681390e+02  +5.21909285e+00  +3.96920807e+00  +2.85043648e+03 
316            1.076256e+03    4.261041e+00    5.000000e-02    1               0.555205        1.000000e+00    +4.26040893e+00  +3.51185264e+00  +5.56006662e-01  +2.50961440e+00  +8.39607471e-01  +4.96333094e-01  +1.59234863e-01  +5.75777827e-02  +7.90615271e-01  +2.05813843e+00  +9.39824323e-02  +2.18006263e+00  +4.12287147e+00  +2.30993332e+00  +2.62994354e+00  +9.53118311e+02  +5.21931690e+00  +3.96901560e+00  +2.85047467e+03 
318            1.076023e+03    4.266146e+00    5.000000e-02    1               0.554859        2.000000e+00    +4.25950672e+00  +3.51054341e+00  +5.59552916e-01  +2.50243654e+00  +8.40540940e-01  +4.96143770e-01  +1.59753072e-01  +4.54695058e-02  +7.88798564e-01  +2.06965710e+00  +9.18032585e-02  +2.16973548e+00  +4.12790960e+00  +2.30907265e+00  +2.62992705e+00  +9.52479738e+02  +5.21922720e+00  +3.96847651e+00  +2.84985609e+03 
319            1.077432e+03    4.264014e+00    5.000000e-02    1               0.556250        1.000000e+00    +4.25962070e+00  +3.51157518e+00  +5.61476792e-01  +2.50160827e+00  +8.46111669e-01  +4.95328276e-01  +1.59978096e-01  +4.95677104e-02  +7.88945929e-01  +2.07004273e+00  +9.43162131e-02  +2.17478318e+00  +4.12311426e+00  +2.30906049e+00  +2.63083238e+00  +9.54081179e+02  +5.21866571e+00  +3.96786780e+00  +2.84851652e+03 
320            1.077722e+03    4.261435e+00    5.000000e-02    1               0.557632        1.000000e+00    +4.25724938e+00  +3.51595093e+00  +5.61340043e-01  +2.50994236e+00  +8.39398729e-01  +4.94881098e-01  +1.61522510e-01  +4.95548196e-02  +7.88761849e-01  +2.06379154e+00  +9.90149924e-02  +2.17257153e+00  +4.11939895e+00  +2.30963000e+00  +2.63094385e+00  +9.54508709e+02  +5.21909671e+00  +3.96859774e+00  +2.84669597e+03 
321            1.076516e+03    4.260359e+00    5.000000e-02    1               0.559006        1.000000e+00    +4.25800027e+00  +3.51554798e+00  +5.61966121e-01  +2.50546720e+00  +8.30793609e-01  +4.95079293e-01  +1.61549192e-01  +4.22866021e-02  +7.86544874e-01  +2.05674494e+00  +1.00368609e-01  +2.17615082e+00  +4.12283672e+00  +2.30974234e+00  +2.63081169e+00  +9.55003212e+02  +5.21890021e+00  +3.96857399e+00  +2.84606849e+03 
323            1.076524e+03    4.249409e+00    5.000000e-02    1               0.558642        2.000000e+00    +4.25770027e+00  +3.51981427e+00  +5.61545334e-01  +2.49864723e+00  +8.30535474e-01  +4.94660070e-01  +1.61032087e-01  +3.79577355e-02  +7.85824604e-01  +2.05018193e+00  +9.09314539e-02  +2.18651883e+00  +4.13046365e+00  +2.30995593e+00  +2.63075634e+00  +9.54198806e+02  +5.21872328e+00  +3.96844483e+00  +2.84690793e+03 
324            1.077515e+03    4.256817e+00    5.000000e-02    1               0.560000        1.000000e+00    +4.24892758e+00  +3.52305157e+00  +5.61105558e-01  +2.49931439e+00  +8.24394558e-01  +4.94733196e-01  +1.61546224e-01  +3.90508790e-02  +7.86628868e-01  +2.05358696e+00  +9.74592514e-02  +2.19351337e+00  +4.12870439e+00  +2.30984125e+00  +2.63094191e+00  +9.54401749e+02  +5.21857917e+00  +3.96868163e+00  +2.84733057e+03 
325            1.077426e+03    4.213376e+00    5.000000e-02    1               0.561350        1.000000e+00    +4.25776740e+00  +3.52917946e+00  +5.63439037e-01  +2.50573865e+00  +8.28716436e-01  +4.95226918e-01  +1.60897841e-01  +3.69489096e-02  +7.87434554e-01  +2.05122614e+00  +1.00626154e-01  +2.17968594e+00  +4.13736278e+00  +2.30938302e+00  +2.63050622e+00  +9.55049306e+02  +5.21827569e+00  +3.96794813e+00  +2.84593319e+03 
326            1.077657e+03    4.237616e+00    5.000000e-02    1               0.562691        1.000000e+00    +4.25436462e+00  +3.52550506e+00  +5.63653726e-01  +2.51352845e+00  +8.27682026e-01  +4.95002574e-01  +1.60272374e-01  +3.89491417e-02  +7.87482498e-01  +2.04313810e+00  +9.73238230e-02  +2.17142866e+00  +4.13359804e+00  +2.30904598e+00  +2.63041069e+00  +9.54587976e+02  +5.21755169e+00  +3.96767883e+00  +2.84641322e+03 
327            1.078766e+03    4.246054e+00    5.000000e-02    1               0.564024        1.000000e+00    +4.24723229e+00  +3.52639207e+00  +5.64577380e-01  +2.51903371e+00  +8.31480377e-01  +4.94570827e-01  +1.59797044e-01  +4.06814841e-02  +7.88421159e-01  +2.04896351e+00  +9.16608527e-02  +2.15973825e+00  +4.13626405e+00  +2.30914750e+00  +2.63043273e+00  +9.54625065e+02  +5.21708393e+00  +3.96759380e+00  +2.84812246e+03 
330            1.079396e+03    4.247545e+00    5.000000e-02    1               0.561934        3.000000e+00    +4.24360111e+00  +3.52677310e+00  +5.65080958e-01  +2.52356405e+00  +8.33638648e-01  +4.95283369e-01  +1.58895597e-01  +3.06260343e-02  +7.88078423e-01  +2.05418555e+00  +9.26176301e-02  +2.12459902e+00  +4.13022571e+00  +2.30959273e+00  +2.62967787e+00  +9.54873202e+02  +5.21728900e+00  +3.96694108e+00  +2.84779613e+03 
