22.85900 13.17420
22.88440 12.71240
22.92710 12.32300
22.86790 12.80070
22.86400 13.07260
22.91570 12.21050
22.93190 11.91950
22.97210 11.22100
22.97390 11.55470
22.96410 11.80960
23.00090 11.35740
22.97500 11.72520
22.96990 11.54680
22.92200 12.21360
22.94000 11.90020
22.95960 11.38000
22.97000 11.28290
22.94690 11.84490
22.94390 12.03880
22.91520 12.43090
22.98800 11.00800
22.94420 11.73140
22.94980 11.64330
22.92820 11.88320
22.95440 11.77800
23.00230 10.74950
22.98590 11.11870
22.99720 11.02630
22.97940 11.41650
23.03440 10.63520
