22.53630 12.64850
22.53040 12.67640
22.53840 12.59250
22.52970 12.72200
22.53040 12.66870
22.62950 11.66780
22.65080 11.22080
22.58070 11.91130
22.50360 12.65510
22.52560 12.52770
22.55330 11.97620
22.60740 11.54850
22.55410 12.00770
22.58240 11.62520
22.65460 10.70900
22.72390 10.25570
22.71190 10.49200
22.64130 10.77720
22.62440 11.05570
22.58410 11.56240
22.61670 11.13090
22.65380 10.82690
22.70240 10.56590
22.57860 11.70320
22.57950 11.68680
22.64960 10.92940
22.67770 10.54450
22.72910 10.37830
22.62570 11.42870
22.69110 10.56480
