22.06420 6.24370 1.10030
22.05890 5.83520 1.04970
22.06990 5.82500 1.04250
22.08370 5.78960 1.04190
22.08080 5.72100 1.01200
22.05830 5.41980 1.00000
22.08830 5.69600 1.00000
22.07930 5.76950 1.03280
22.09380 5.87680 1.02560
22.09440 5.84360 1.02370
22.10940 5.90150 1.03420
22.09300 5.66460 1.02700
22.07930 5.44980 1.01280
22.11650 5.71100 1.01590
22.11750 5.99490 1.06800
22.11440 5.74560 1.02700
22.10330 5.77130 1.04550
22.11080 6.00610 1.08960
22.08760 5.61400 1.02250
22.10950 6.03340 1.06420
22.09630 6.00220 1.08010
22.11800 6.40870 1.07940
22.09610 6.22590 1.10100
22.08630 6.25480 1.11290
22.08670 6.24860 1.09970
22.08500 6.30110 1.10620
22.08830 6.27490 1.09680
22.08760 6.44440 1.11780
22.06630 6.37920 1.15130
22.07170 6.22520 1.12190
