21.67660 9.28480
21.71120 7.84780
21.72060 7.76460
21.73200 7.53360
21.73900 7.25130
21.74940 6.44090
21.74720 7.12360
21.72840 7.43830
21.73090 7.63590
21.73940 7.53280
21.74380 7.62840
21.75240 6.87340
21.76140 6.29550
21.76230 6.75750
21.73600 7.75780
21.75750 6.75740
21.75160 7.11860
21.72640 7.86150
21.74630 6.47550
21.72490 7.86600
21.71320 7.98890
21.69330 9.29360
21.69310 8.59570
21.68700 8.72260
21.68180 8.71570
21.67500 8.87190
21.68150 8.71090
21.66800 9.45070
21.65540 9.39970
21.67300 8.86880
