22.69870 21.02240
22.64060 24.43450
22.86190 17.01280
22.70510 19.92890
22.69350 20.52560
22.70640 20.77720
22.78000 20.09160
22.74880 19.87780
22.76010 19.28200
22.47210 26.07300
22.41380 26.14380
22.72770 18.66400
22.42390 26.57740
22.58390 22.34120
22.58580 22.98610
22.54730 23.75510
22.66270 20.55420
22.80530 18.21510
22.81630 16.05340
22.68980 16.96020
22.47150 20.39560
22.38850 20.98340
22.74800 14.37710
22.52330 19.25350
22.71530 16.63910
22.61840 17.16700
22.47820 19.85570
22.56750 18.28580
22.75920 16.14030
22.88850 15.78810
