23.26190 10.54140 1.00000
23.27550 11.61350 1.00000
23.32000 9.23920 1.00000
23.24860 10.22420 1.00000
23.25380 10.36420 1.00000
23.26800 10.53310 1.00000
23.31260 10.36450 1.00000
23.27280 10.26590 1.00000
23.26730 10.03490 1.00000
23.14900 12.30980 1.00000
23.08990 12.10670 1.00000
23.20540 9.92430 1.00000
23.11520 12.15580 1.00000
23.17720 10.90150 1.00000
23.19380 11.17830 1.00000
23.17790 11.39150 1.00000
23.21440 10.44180 1.00000
23.27020 9.84500 1.00000
23.23590 9.04280 1.00000
23.15000 9.06040 1.00000
22.99280 10.05860 1.00000
22.92860 10.20770 1.00000
23.13310 8.29660 1.00000
23.03220 9.70740 1.00000
23.14740 9.15270 1.00000
23.05800 9.18940 1.00000
23.00270 9.82330 1.00000
23.05260 9.40050 1.00000
23.18560 8.77230 1.00000
23.29660 8.71070 1.00000
