22.83690 26.96740
22.82090 25.98100
22.87000 25.47490
22.90760 26.06420
22.83930 28.84910
22.88830 28.28340
22.90740 26.70980
22.89640 26.88880
22.86940 27.63650
22.84590 28.07590
22.84710 28.51590
22.84370 28.50930
22.79510 28.80890
22.86070 26.37060
22.78780 28.87850
22.74830 29.72880
22.70560 30.76150
22.77540 27.74440
22.60200 33.27820
22.67690 29.69230
22.69750 29.23530
22.72280 28.85840
22.75800 27.94470
22.72800 28.51600
22.74380 28.08760
22.74580 27.79170
22.71910 29.55980
22.74760 28.07080
22.71080 28.80540
22.72070 28.66160
