21.37150 13.07130
21.38030 13.09360
21.37300 13.24260
21.37930 12.84580
21.38920 12.75200
21.41330 12.46130
21.39410 12.77440
21.40420 12.84560
21.39650 12.93290
21.39760 12.99750
21.40990 12.89540
21.41330 13.10290
21.41270 12.95340
21.41240 12.70160
21.41750 12.60970
21.39960 13.10370
21.39460 13.20250
21.38920 12.96100
21.40040 13.06650
21.39220 12.97930
21.40250 12.80260
21.39190 13.07950
21.39770 12.79910
21.41120 12.59040
21.41010 12.49190
21.40280 12.73990
21.38490 12.91470
21.38140 12.99180
21.39320 12.87960
21.38170 12.99370
