21.66150 8.68860 1.00000
21.67690 8.71190 1.00000
21.65810 9.22530 1.00000
21.67670 8.96260 1.00000
21.67440 8.90770 1.00000
21.67700 8.75570 1.00000
21.67080 8.54440 1.00000
21.64400 8.94720 1.00000
21.62910 9.29350 1.00000
21.65910 9.13540 1.00000
21.65570 9.04360 1.00000
21.64800 9.41390 1.00000
21.68660 8.83780 1.00000
21.69330 8.68960 1.00000
21.67780 8.57200 1.00000
21.62330 8.98910 1.00000
21.65600 8.68130 1.00000
21.63570 8.73050 1.00000
21.64000 8.69970 1.00000
21.64620 8.54470 1.00000
21.65800 8.29330 1.00000
21.66830 8.38160 1.00000
21.66830 8.30570 1.00000
21.66990 8.34230 1.00000
21.67880 8.47630 1.00000
21.69960 8.38510 1.00000
21.71810 8.16010 1.00000
21.71610 8.11410 1.00000
21.73400 7.99970 1.00000
21.70500 8.38490 1.00000
