23.01400 7.84180
23.02750 7.31680
23.02780 6.24530
23.02880 7.38940
23.02550 6.31370
23.02930 9.48400
23.03600 10.23840
23.08080 7.89020
23.09630 7.46810
23.09660 6.26230
23.09100 5.73240
23.09160 5.79440
23.10410 5.89710
23.09200 5.93170
23.06290 5.77530
23.06260 6.01310
23.05810 5.88940
23.04640 6.30550
23.08070 7.25030
23.07280 5.58940
23.08520 6.25810
23.06940 5.98350
23.07870 6.27940
23.08440 5.99180
23.10530 5.90150
23.09860 5.89040
23.09190 5.98860
23.09510 5.85880
23.10070 5.91970
23.08770 5.91320
