20.73650 18.18830
20.74800 17.96570
20.76070 17.91970
20.78630 17.37960
20.73620 18.21060
20.74760 17.97810
20.72500 18.34060
20.72320 18.52960
20.72180 18.75100
20.72500 18.64840
20.72730 18.63820
20.76640 17.97580
20.72170 18.43100
20.72060 18.44320
20.75010 18.12350
20.75540 17.92140
20.75200 17.93810
20.73750 18.36120
20.76970 17.89830
20.77440 17.78370
20.79100 17.55000
20.77000 17.84720
20.75520 18.24130
20.75920 18.12730
20.75330 18.11330
20.77720 17.95010
20.77870 17.87750
20.74490 18.11650
20.78310 17.75610
20.78060 17.60180
