21.20000 8.62290 2.51300
21.22070 8.37930 2.47150
21.24250 8.19940 2.43070
21.28970 7.63320 2.31550
21.20670 8.51820 2.48690
21.22740 8.26080 2.44230
21.18540 8.72090 2.52620
21.16490 9.09810 2.59420
21.15040 9.41310 2.64620
21.16730 9.14990 2.59620
21.16710 9.17470 2.60070
21.24540 8.24150 2.43000
21.18610 8.71000 2.51310
21.18440 8.72640 2.51240
21.22660 8.36570 2.45080
21.23940 8.15150 2.41320
21.23420 8.19650 2.42250
21.19460 8.76090 2.52410
21.25090 8.16640 2.41700
21.26390 7.99660 2.38090
21.28590 7.79710 2.34340
21.25650 8.07960 2.39200
21.22680 8.48220 2.46440
21.23700 8.32370 2.43150
21.23460 8.28100 2.42520
21.26410 8.10050 2.39090
21.29430 7.68690 2.28320
21.22350 8.33410 2.43970
21.31040 7.47700 2.23400
21.31800 7.27960 2.19080
