22.02400 8.47760
22.02050 8.47760
22.02350 8.47760
21.99560 8.47760
22.01980 8.47760
22.01060 8.47760
22.01310 8.47760
22.00510 8.47760
22.00850 8.47760
21.99920 8.47760
21.99280 8.47760
21.99100 8.47760
22.00280 8.47760
21.98550 8.47760
21.98620 8.47760
21.96830 8.47760
21.97260 8.47760
21.97010 8.47760
21.98280 8.47760
21.97680 8.47760
21.97210 8.47760
21.96600 8.47760
21.98290 8.47760
21.97560 8.47760
21.98830 8.47760
21.96000 8.47760
21.97920 8.47760
21.97370 8.47760
21.97650 8.47760
21.96490 8.47760
