21.82820 35.58060
21.86550 33.89010
21.84310 34.99300
21.87640 33.78380
21.80530 36.10300
21.76520 37.07170
21.78390 36.74990
21.73940 37.93820
21.71010 39.52220
21.73970 38.02860
21.76350 37.24360
21.74690 37.81180
21.75730 37.61090
21.74350 38.00280
21.73210 38.16670
21.70570 38.88790
21.76350 37.61150
21.74580 38.17380
21.73230 37.72420
21.72900 38.04190
21.78410 36.76100
21.78570 36.61600
21.78960 36.74680
21.75510 37.64610
21.77970 36.78360
21.80100 36.10860
21.73840 38.29920
21.78910 36.79070
21.84470 35.14710
21.81190 36.68720
