22.27160 15.07700
22.32850 14.69490
22.34630 14.64620
22.33510 15.14180
22.30580 15.20180
22.30130 15.20800
22.29770 15.06970
22.30420 14.82640
22.31340 14.84780
22.30970 14.61530
22.27870 15.15180
22.28120 14.78230
22.28680 14.71040
22.29690 14.55740
22.31010 14.16860
22.33630 14.53440
22.34140 14.56040
22.32820 14.22960
22.32410 14.22240
22.31720 14.37080
22.32000 14.32030
22.30610 14.41940
22.32120 14.05380
22.30960 14.61990
22.30620 14.54870
22.31730 14.35900
22.30670 14.15000
22.31000 14.22250
22.26380 14.82490
22.24670 15.25140
