23.40370 14.68590
23.36620 14.87110
23.43540 14.40830
23.41860 14.40530
23.39880 14.54640
23.37450 14.97680
23.43850 14.39160
23.41980 14.80170
23.36880 15.25900
23.34910 15.59280
23.33460 15.60950
23.32000 16.24130
23.31980 16.12480
23.30470 16.55110
23.24410 17.15430
23.25400 16.91510
23.23320 17.15090
23.26100 16.82710
23.28740 16.49080
23.32240 15.55550
23.35170 15.38850
23.35910 15.04320
23.36190 15.21570
23.34530 15.28070
23.31680 15.84020
23.29290 16.13670
23.32640 15.88990
23.31550 15.53920
23.32150 15.50340
23.32620 15.59900
