21.03110 16.45200
21.00780 16.92010
21.01500 16.68540
21.03730 16.28700
21.01320 16.69160
21.02110 16.54410
21.02270 16.33870
21.03620 16.15490
21.05260 15.89090
21.05310 15.89620
21.05420 15.74060
21.07070 15.53140
21.07310 15.54960
21.07120 15.53950
21.06470 15.60400
21.07200 15.33530
21.07790 15.50270
21.08250 15.39730
21.06810 15.59160
21.07020 15.67460
21.06980 15.57550
21.04730 15.77410
21.07240 15.24350
21.05560 15.74130
21.06340 15.41080
21.06010 15.45900
21.07350 15.63000
21.07430 15.61160
21.06130 15.80940
21.05530 15.76820
