21.38670 8.71590 2.60080
21.35910 9.02550 2.67100
21.35800 9.03360 2.67400
21.38030 8.80810 2.64440
21.36020 9.01540 2.67800
21.36130 9.00610 2.68010
21.34880 9.13440 2.71950
21.36600 8.93850 2.69080
21.39200 8.64640 2.63850
21.39290 8.60360 2.62990
21.39440 8.58040 2.60350
21.41830 8.26640 2.56460
21.43080 8.12080 2.51710
21.42740 8.13560 2.52070
21.41710 8.23750 2.54100
21.41420 8.28500 2.55770
21.43220 8.13510 2.52370
21.43540 8.08820 2.52490
21.40990 8.38880 2.59000
21.41680 8.36340 2.57720
21.41320 8.35400 2.58680
21.37350 8.75280 2.67720
21.40030 8.44020 2.60730
21.39300 8.56940 2.62600
21.38920 8.62640 2.63820
21.38690 8.65920 2.63300
21.41560 8.40540 2.59620
21.41340 8.44230 2.60890
21.39690 8.62820 2.63500
21.38770 8.68640 2.63820
