22.04300 47.38090
22.07430 44.87840
22.04600 48.16850
22.10660 43.61020
22.12850 43.80760
22.25110 36.32460
22.24810 36.83560
22.18120 40.80160
22.21100 41.69650
22.20460 41.82100
22.19630 41.88910
22.08330 46.06060
22.09620 45.29390
22.27800 37.28300
22.22360 41.01760
22.30520 36.56610
22.29390 36.40950
22.31240 35.84510
22.33700 34.41450
22.11750 46.75220
22.05780 48.95870
22.11380 44.64330
21.94480 55.78650
21.97670 53.66890
21.90660 56.58770
21.85660 59.71380
21.95390 54.10720
21.97240 54.21700
22.01910 51.47640
22.02070 51.77890
