17.79990 1305.02000 2.53950
16.46430 4401.35000 3.21240
16.79400 3643.41000 4.00000
18.16080 1805.88000 3.99680
16.78820 4018.90000 4.00000
17.24100 2903.74000 4.00000
16.31880 4937.81000 4.00000
16.29360 5071.89000 4.00000
16.49650 4581.09000 4.00000
17.19800 2441.54000 2.70030
16.76660 3339.59000 2.86280
18.48640 1314.86000 4.00000
16.83840 3575.51000 4.00000
15.35440 11527.90000 3.60590
14.50890 22439.30000 4.00000
16.98190 3386.09000 4.00000
17.45700 1921.60000 2.68690
18.17860 1171.18000 3.40920
22.83720 25.85470 1.00000
23.43610 13.92630 1.00000
23.20190 19.51530 1.00000
23.21000 18.83220 1.00000
23.44000 14.20120 1.00000
23.42240 14.60130 1.00000
23.46180 13.96770 1.00000
23.29290 17.42260 1.00000
23.61830 12.00550 1.00000
23.65560 11.84220 1.00000
23.75920 9.48240 1.00000
23.68450 11.72650 1.00000
