23.41640 14.74400
23.32420 14.74400
23.38510 14.74400
23.49150 14.74400
23.47260 14.74400
23.45770 14.74400
23.41290 14.74400
23.44660 14.74400
23.48120 14.74400
23.43760 14.74400
23.40800 14.74400
23.43430 14.74400
23.38870 14.74400
23.40620 14.74400
23.38890 14.74400
23.36210 14.74400
23.32380 14.74400
23.34770 14.74400
23.28100 14.74400
23.17660 14.74400
23.26860 14.74400
23.24570 14.74400
23.21140 14.74400
23.18280 14.74400
23.19680 14.74400
23.24210 14.74400
23.25190 14.74400
23.26880 14.74400
23.29900 14.74400
23.28960 14.74400
