21.61080 25.62520
21.60240 25.49110
21.59660 25.71510
21.60710 25.41080
21.60720 25.27730
21.60490 25.66720
21.62260 25.55360
21.61510 25.53200
21.56540 26.88500
21.54320 28.44680
21.54530 28.46000
21.51860 28.70180
21.54780 28.52400
21.56210 28.04280
21.48790 29.51310
21.52700 28.76750
21.56260 27.62000
21.59450 27.34100
21.58880 27.56220
21.58160 27.53940
21.52750 28.25550
21.50290 28.74610
21.53230 28.73320
21.53460 28.18040
21.58860 27.40210
21.59710 27.44980
21.59740 27.58300
21.54510 28.40570
21.54520 27.67720
21.57910 27.33290
