21.50440 5.60910 1.26290
21.49840 5.63740 1.27350
21.49560 5.53770 1.30690
21.50740 5.42760 1.28550
21.50730 5.45160 1.30790
21.49870 5.51460 1.32120
21.51120 5.38700 1.29850
21.50050 5.54820 1.26540
21.50180 5.57410 1.27220
21.52040 5.47010 1.24610
21.53440 5.27160 1.26130
21.52910 5.38770 1.23660
21.52510 5.42640 1.23060
21.52670 5.45110 1.22870
21.51470 5.52300 1.24890
21.50290 5.61290 1.27330
21.49690 5.71970 1.30030
21.50630 5.57750 1.33700
21.50750 5.66390 1.28900
21.49580 5.78280 1.30250
21.48380 5.85330 1.31200
21.48570 5.88740 1.31160
21.49520 5.86770 1.30930
21.49720 5.93270 1.31840
21.50240 5.87180 1.30650
21.50190 5.81310 1.30600
21.51220 5.75310 1.29120
21.52040 5.73950 1.29310
21.51710 5.75830 1.30640
21.52770 5.64970 1.27830
