20.76190 9.75740 2.86790
20.78130 9.46590 2.82080
20.78460 9.40530 2.80860
20.77730 9.52920 2.83000
20.76800 9.67900 2.85470
20.77460 9.56420 2.83590
20.75940 9.76300 2.86700
20.74960 9.88020 2.88300
20.74890 9.89100 2.88270
20.75230 9.85870 2.87890
20.75100 9.85340 2.87870
20.74790 9.91400 2.88830
20.75550 9.79080 2.86760
20.75230 9.85300 2.87920
20.75100 9.85590 2.88080
20.75090 9.83940 2.87780
20.76360 9.66320 2.85010
20.76770 9.59580 2.84070
20.77850 9.42640 2.81320
20.78800 9.31040 2.79580
20.78230 9.38720 2.80560
20.77240 9.53480 2.82920
20.76890 9.59250 2.84150
20.76370 9.65930 2.85280
20.76620 9.59360 2.84270
20.75150 9.80180 2.87330
20.75070 9.78130 2.86660
20.75990 9.67770 2.85400
20.75560 9.73660 2.86310
20.76740 9.57620 2.83850
