20.47930 16.17970
20.49130 15.90000
20.48940 15.98900
20.49120 15.92140
20.47970 16.20590
20.48800 15.91770
20.47790 16.10650
20.47020 16.23760
20.47010 16.22890
20.47330 16.17070
20.47210 16.16380
20.47150 16.15570
20.47290 16.18510
20.47270 16.20000
20.47050 16.24070
20.46960 16.24220
20.47820 16.09710
20.48070 16.03050
20.48710 15.86820
20.49420 15.76520
20.49010 15.84090
20.48490 15.93430
20.48430 15.96010
20.48110 16.00170
20.48110 15.95690
20.46920 16.21560
20.46780 16.20510
20.47740 16.02210
20.47460 16.05290
20.48260 15.94120
