18.47530 657.98700
19.40950 410.11800
19.03550 514.26400
18.77860 621.00200
19.05620 569.73000
18.74310 661.94700
18.38550 847.23700
18.42070 809.23700
19.32430 333.73100
18.61920 683.24400
18.95340 551.26800
20.10780 240.56400
19.51760 326.88500
18.83460 635.40900
19.00280 583.16700
19.07530 538.45500
19.15670 495.21100
19.61930 304.03000
21.91090 58.51990
22.91900 21.27990
22.46730 38.98150
22.64280 31.64190
22.90540 22.36140
22.87470 23.37090
22.96770 20.77590
22.53700 34.48050
23.24060 14.27160
23.25820 14.28660
23.36270 10.28880
23.27290 14.59040
