18.13500 886.41400 2.43710
18.40110 977.52300 2.62570
17.92030 2037.63000 4.00000
18.40510 1776.70000 4.00000
17.93920 2313.07000 4.00000
17.46530 2872.22000 4.00000
17.58430 1665.77000 2.41610
17.65870 1550.30000 2.47850
16.42880 5731.07000 4.00000
17.49200 2704.85000 4.00000
18.10450 1160.88000 2.52940
19.19930 840.16600 3.99710
17.58140 2337.32000 4.00000
17.69600 1706.20000 2.66850
18.39820 1004.75000 2.42690
18.44410 944.69600 2.43240
18.51430 858.12200 2.40270
19.67510 328.46300 2.62750
22.76820 27.94690 1.00000
23.46520 13.16580 1.00000
23.21910 20.55670 1.00000
23.37090 16.35620 1.00000
23.47820 13.42450 1.00000
23.50680 13.30620 1.00000
23.54070 12.68320 1.00000
23.23410 19.35660 1.00000
23.67230 10.34650 1.00000
23.69680 10.35050 1.00000
17.77500 0.05900 4.00000
23.71960 10.49150 1.00000
