21.20210 17.16960
21.19970 17.26090
21.21470 16.94510
21.22290 16.70680
21.20410 17.09400
21.20250 17.04960
21.20730 16.88950
21.17340 18.09850
21.19640 17.04320
21.20950 16.73620
21.22850 16.43140
21.23660 16.79530
21.25770 15.91930
21.27740 15.37190
21.25260 15.98090
21.25290 15.99410
21.24670 16.22600
21.23860 16.27940
21.26100 15.96600
21.25000 16.20270
21.24210 16.31020
21.25030 16.21310
21.21840 16.76400
21.21030 16.90230
21.22700 16.55230
21.21040 16.99620
21.21320 16.75700
21.21440 16.58500
21.19390 17.04230
21.21060 16.72790
