22.39030 13.51550
22.42310 12.98610
22.40660 13.21500
22.39990 13.16650
22.40390 13.05770
22.38580 13.12700
22.35700 13.21120
22.35800 13.25390
22.37800 13.11750
22.34530 13.44100
22.37560 13.18200
22.35360 13.03310
22.33300 13.60070
22.34250 13.41430
22.37620 12.90690
22.35390 13.21280
22.28630 13.52710
22.30550 13.28380
22.31700 13.20290
22.31660 13.01660
22.31530 12.94850
22.35580 12.71020
22.36940 12.61520
22.37110 12.49790
22.38190 12.55650
22.39390 12.26970
22.37740 12.54540
22.37110 12.63670
22.39020 12.53790
22.36140 12.93160
