22.00360 23.33190
22.00810 23.15750
22.03930 22.65810
22.01490 23.26140
22.00540 23.09930
21.97790 23.89010
22.01420 22.94190
22.03030 22.08570
22.06310 22.09900
22.06590 22.29050
21.96690 24.51410
22.09010 21.40990
22.10350 21.45710
22.05050 22.71040
22.06130 22.07140
22.13160 21.31530
22.15630 20.77710
22.15580 20.79300
22.06110 22.37470
21.99220 23.89760
22.02420 23.23870
22.08120 22.18430
22.05500 22.84080
22.07680 21.96350
22.08920 21.79430
22.07200 21.90070
22.07540 21.03200
22.09700 20.85060
22.13500 20.18150
22.17670 19.10450
