22.61110 8.36180 1.54600
22.60900 8.48990 1.57300
22.64870 8.04560 1.47110
22.63980 8.07050 1.47220
22.61550 8.26400 1.52070
22.59300 8.59030 1.59180
22.62000 8.21850 1.52500
22.63510 7.98080 1.47810
22.66440 7.85370 1.46890
22.65520 8.10080 1.52630
22.56380 9.17370 1.75260
22.68030 7.75140 1.41230
22.68560 7.76510 1.45300
22.65200 8.10020 1.52350
22.66080 7.92610 1.51170
22.71450 7.62610 1.45120
22.73280 7.47220 1.42120
22.73350 7.48540 1.40570
22.67360 7.88480 1.49160
22.61020 8.52240 1.60630
22.63100 8.34310 1.57650
22.68320 7.85640 1.47330
22.66130 8.10390 1.50980
22.67140 7.89340 1.48830
22.68420 7.71430 1.45380
22.67130 7.69270 1.43200
22.66860 7.57040 1.41970
22.67920 7.47560 1.37100
22.70100 7.29010 1.28020
22.71870 7.07780 1.24470
