22.26020 25.58300
22.26690 25.49470
22.26200 25.34490
22.18500 27.10930
22.21390 26.12210
22.17440 27.06130
22.22270 25.80590
22.23710 26.00710
22.24360 25.35050
22.19490 26.63010
22.18420 26.71820
22.13950 28.59890
22.23790 26.33410
22.23000 26.70110
22.17550 27.95650
22.19690 27.71500
22.22320 26.83470
22.18770 28.13780
22.19620 27.67060
22.11850 29.42030
22.08400 30.11380
22.12570 29.19690
22.15910 28.84390
22.17890 28.78060
22.16430 28.99270
22.20820 28.19640
22.24400 27.49530
22.26600 26.26990
22.34490 25.02570
22.42280 22.95720
