22.96150 7.96030 1.38770
22.97250 7.74050 1.31560
22.96610 7.83490 1.34690
22.91000 8.22220 1.41160
22.93590 7.85240 1.28770
22.90080 8.31460 1.42350
22.93530 8.05370 1.39370
22.95700 8.00180 1.35640
22.95410 7.94140 1.35100
22.92450 8.27630 1.42800
22.92440 8.16310 1.38370
22.87680 8.80910 1.52650
22.95950 8.21830 1.43030
22.95670 8.33310 1.43550
22.90510 8.65550 1.50740
22.91900 8.66230 1.53800
22.92840 8.53980 1.54830
22.92180 8.69410 1.52180
22.93130 8.52190 1.48590
22.86030 8.98060 1.56280
22.83230 9.18580 1.57340
22.85410 9.10220 1.58910
22.88950 8.96550 1.56910
22.91300 8.83150 1.55130
22.90850 8.58360 1.46880
22.94010 8.53820 1.49460
22.97750 8.10030 1.35870
22.98390 7.85540 1.32220
23.03980 7.55400 1.28260
23.10310 7.06250 1.07540
