21.49050 11.32340
21.50270 11.15910
21.49010 11.28090
21.50450 11.15740
21.47550 11.48380
21.46000 11.67320
21.44410 11.79260
21.44410 11.75970
21.43120 11.83220
21.42680 11.87590
21.44310 11.77940
21.44270 11.80430
21.39750 12.16760
21.43620 11.78320
21.44040 11.70700
21.45920 11.55120
21.47740 11.41690
21.48900 11.20870
21.48540 11.27810
21.48660 11.29860
21.45960 11.42160
21.45220 11.53020
21.45660 11.38370
21.44410 11.52200
21.45920 11.31160
21.47760 11.21400
21.48720 11.14450
21.50280 11.10210
21.48900 11.27670
21.50730 11.14520
