21.09390 9.69500
21.09620 9.63930
21.08540 9.74290
21.08310 9.74240
21.10200 9.53740
21.09550 9.67280
21.10070 9.56220
21.10510 9.42620
21.11340 9.39000
21.10610 9.40820
21.10900 9.33330
21.10930 9.33660
21.12580 9.22740
21.12790 9.13830
21.12300 9.25010
21.11020 9.41050
21.11680 9.20650
21.11870 9.23800
21.13020 9.22700
21.13730 9.16180
21.13630 9.09990
21.12530 9.29370
21.12390 9.28030
21.11860 9.34770
21.13200 9.20000
21.12860 9.25840
21.12130 9.30920
21.12550 9.24750
21.13790 9.12220
21.13790 9.12950
