22.30460 19.82990
22.25730 20.93960
22.28960 19.75120
22.26370 19.99540
22.24970 20.55320
22.35340 17.93550
22.34960 18.27730
22.33930 18.78460
22.39550 17.04740
22.31960 19.33170
22.31760 19.30560
22.33890 18.23050
22.33890 17.16300
22.27460 18.59320
22.29170 18.01410
22.09510 25.13610
22.24920 18.88030
22.30180 17.56090
22.33580 16.78640
22.26630 19.10220
22.27610 18.06730
22.19490 21.14410
22.28370 18.48650
22.27540 18.67000
22.29760 17.83250
22.34140 17.01410
22.28400 18.86990
22.22230 20.43760
22.27570 18.69620
22.25780 19.64940
