23.17900 6.61770
23.10960 6.61770
23.08860 6.61770
23.05510 6.61770
22.89010 6.61770
23.18630 6.61770
23.39040 6.61770
22.97670 6.61770
23.12180 6.61770
23.01990 6.61770
23.13330 6.61770
23.15250 6.61770
22.92480 6.61770
22.92490 6.61770
22.87670 6.61770
23.20210 6.61770
22.91230 6.61770
22.91330 6.61770
23.01100 6.61770
22.95610 6.61770
23.38690 6.61770
23.13540 6.61770
23.38480 6.61770
22.91010 6.61770
22.83320 6.61770
23.03390 6.61770
22.95610 6.61770
22.94340 6.61770
22.95800 6.61770
22.97500 6.61770
