23.26170 10.16660 1.00000
23.24860 10.24710 1.00000
23.27550 10.05470 1.00000
23.25520 10.18040 1.00000
23.25010 10.14260 1.00000
23.30390 9.76390 1.00000
23.27740 9.81700 1.00000
23.25720 9.47340 1.00000
23.22280 10.03380 1.00000
23.27690 9.58540 1.00000
23.27110 9.52940 1.00000
23.28800 9.39290 1.00000
23.28410 9.40190 1.00000
23.28400 9.24300 1.00000
23.27520 9.55310 1.00000
23.28230 9.48600 1.00000
23.26520 9.81460 1.00000
23.22010 10.28640 1.00000
23.23860 9.65600 1.00000
23.26820 9.55500 1.00000
23.29070 9.65070 1.00000
23.28220 9.67950 1.00000
23.26100 9.81320 1.00000
23.26290 9.78640 1.00000
23.27670 9.69970 1.00000
23.30660 9.81890 1.00000
23.31220 9.30250 1.00000
23.28630 9.43680 1.00000
23.30080 9.49180 1.00000
23.29770 9.40810 1.00000
