23.26610 0.01080 4.00000
18.83420 0.10720 4.00000
23.22850 0.01080 4.00000
22.93200 0.01110 4.00000
18.44290 0.09440 4.00000
18.74710 0.10480 4.00000
18.04600 0.08110 4.00000
18.32050 0.08790 4.00000
17.98450 0.07940 4.00000
23.31570 0.01100 4.00000
23.31250 0.01100 4.00000
23.33020 0.01110 4.00000
23.42020 0.01100 4.00000
23.32730 0.01100 4.00000
23.39780 0.01100 4.00000
19.70660 0.15390 4.00000
23.22490 0.01120 4.00000
23.15920 0.01130 4.00000
22.86410 0.01150 4.00000
22.79310 0.01160 4.00000
22.55440 0.01220 4.00000
22.79140 0.01160 4.00000
22.53220 0.01180 4.00000
22.43190 0.01190 4.00000
22.31040 0.01210 4.00000
22.06690 0.01230 4.00000
23.38040 8.31030 1.00000
21.98670 0.01240 4.00000
21.94740 0.01230 4.00000
22.12270 0.01260 4.00000
