22.95790 5.72360
22.94470 6.02070
22.94650 6.06320
22.90710 6.33060
22.94860 5.28400
22.94640 5.00980
22.92840 4.74400
22.91940 5.00000
22.92930 4.77590
22.92970 5.08800
22.90870 5.17800
22.89900 4.88510
22.88390 4.85050
22.86840 5.28020
22.88130 5.15430
22.87840 4.84930
22.86700 5.01630
22.85470 5.06870
22.84480 5.70090
22.83760 5.68250
22.81460 5.58930
22.81790 5.53950
22.82440 5.92160
22.82020 6.43320
22.79450 6.65340
22.78640 7.13370
22.77580 8.54520
22.76180 8.35040
22.77040 8.29320
22.80350 6.45580
