20.32920 21.81230
20.33360 21.81450
20.33640 21.85120
20.33600 22.03290
20.33380 21.77330
20.32940 21.92420
20.30870 22.73560
20.33710 21.68230
20.33480 21.62260
20.30710 22.45350
20.31980 22.08290
20.30450 22.05350
20.29710 23.55730
20.31490 21.88310
20.33190 21.61280
20.31740 21.71090
20.32980 21.14340
20.28550 22.50220
20.30880 22.29110
20.25780 24.43340
20.28360 22.88820
20.23890 24.64530
20.25080 24.60520
20.24120 24.58100
20.26660 23.23440
20.26390 23.36890
20.25410 23.47430
20.28960 22.72390
20.28950 22.96350
20.27860 22.70540
