20.94570 7.84740 1.84400
20.96950 7.57060 1.75250
20.95000 7.87630 1.84980
20.95990 7.79790 1.83160
20.95150 7.82280 1.83550
20.95250 7.78400 1.83310
20.96970 7.55650 1.74490
20.95500 7.79330 1.83340
20.95090 7.81120 1.83510
20.93870 7.91820 1.85660
20.93730 7.97080 1.86050
20.93040 7.89030 1.85510
20.95290 7.80430 1.83320
20.92820 7.94260 1.86100
20.94380 7.82800 1.84590
20.92880 7.93110 1.86280
20.92770 7.96760 1.86110
20.90990 8.09040 1.87750
20.92460 8.05320 1.87400
20.91330 8.20900 1.89410
20.90590 8.22160 1.89520
20.89870 8.27230 1.90180
20.91220 8.21300 1.89240
20.89830 8.30650 1.91120
20.89470 8.33280 1.91370
20.88730 8.46590 1.93260
20.87810 8.48150 1.94250
20.90600 8.28480 1.91380
20.90320 8.40040 1.93640
20.89360 8.31390 1.92400
