22.64610 48.78950
22.64850 49.16250
22.66070 49.08000
22.72610 47.52850
22.75610 46.61480
22.85940 41.59690
22.83360 42.23480
22.83520 41.55570
22.79930 43.45470
22.88850 41.89920
22.87900 40.88860
22.76730 46.85500
22.73190 49.07980
22.74510 49.16180
22.79810 45.64090
22.70660 49.76500
22.69840 50.36010
22.73150 48.63830
22.73190 48.10750
22.84000 42.83710
22.89860 43.26350
22.90450 41.72140
22.93910 41.25470
22.81170 45.63710
22.83020 44.99470
22.87050 42.91330
22.86410 44.10870
22.82580 45.30750
22.87610 40.96960
22.79980 44.71650
