22.16830 10.07140 1.00000
22.17310 9.92150 1.00000
22.16050 10.01340 1.00000
22.14970 10.07300 1.00000
22.13760 10.01210 1.00000
22.14970 10.02220 1.00000
22.15730 10.10650 1.00000
22.14580 9.73870 1.00000
22.14460 9.75170 1.00000
22.19210 9.75240 1.00000
22.16650 10.07230 1.00000
22.15750 9.96400 1.00000
22.20510 9.89260 1.00000
22.20860 9.88180 1.00000
22.20120 9.95410 1.00000
22.21810 9.90510 1.00000
22.21830 9.79130 1.00000
22.22380 9.81630 1.00000
22.22320 9.82870 1.00000
22.18670 10.14700 1.00000
22.25300 9.62410 1.00000
22.25700 9.54850 1.00000
22.25960 9.56040 1.00000
22.25710 9.48650 1.00000
22.25650 9.54810 1.00000
22.25210 9.62110 1.00000
22.23620 9.66390 1.00000
22.19320 9.90420 1.00000
22.19460 9.95950 1.00000
22.18430 9.89610 1.00000
