21.87510 12.55960
21.88350 12.32790
21.86820 12.49810
21.85600 12.62580
21.84530 12.48860
21.85660 12.55970
21.85730 12.68060
21.86170 12.04170
21.86110 12.00100
21.86740 12.19850
21.86490 12.61020
21.85980 12.28430
21.87090 12.42800
21.87300 12.38560
21.86280 12.62110
21.88300 12.47880
21.88960 12.20750
21.89420 12.25020
21.88990 12.32020
21.89070 12.82760
21.92420 11.84950
21.93130 11.75080
21.93810 11.81920
21.93570 11.52960
21.93570 11.77620
21.92880 11.96750
21.90950 12.12100
21.90530 12.39040
21.90440 12.52030
21.89390 12.40260
