23.66430 15.61260 1.00000
23.68410 14.68840 1.00000
23.64300 14.94100 1.00000
23.57160 17.37360 1.00000
23.68490 14.78620 1.00000
23.67540 14.72540 1.00000
23.65890 14.51720 1.00000
23.67360 14.11440 1.00000
23.67090 14.31220 1.00000
23.67790 14.41470 1.00000
23.73550 13.71200 1.00000
23.69200 14.90100 1.00000
23.69180 14.61130 1.00000
23.69000 14.96500 1.00000
23.68180 15.82340 1.00000
21.40090 209.88400 4.00000
21.13050 292.69200 4.00000
23.63910 17.97740 1.00000
23.66050 18.15610 1.00000
21.66730 178.05100 4.00000
23.15230 31.05760 1.62140
21.70580 170.63800 4.00000
21.40310 232.21800 4.00000
21.53340 206.62900 4.00000
21.76640 154.63400 4.00000
23.62730 18.44530 1.04670
20.73960 424.42700 4.00000
23.73880 16.24360 1.00000
23.72210 16.01660 1.00000
23.33670 23.32010 1.57130
