22.44060 59.85820
22.55390 50.16980
22.50070 51.58840
22.19080 79.73000
22.55590 50.45410
22.54290 50.58280
22.52770 49.94250
22.57940 46.40140
22.60150 45.54910
22.55950 48.71370
22.71510 40.63970
22.50780 54.85180
22.52680 52.56710
22.53800 52.75100
22.41850 63.63400
22.31090 75.44070
22.12720 98.87110
22.20650 87.08190
22.18760 92.25250
22.31310 81.30940
21.92700 129.65700
22.22190 92.00220
21.77930 156.17100
21.84520 147.43300
22.25110 85.11870
22.22840 87.52500
22.22320 90.08830
22.43190 68.70760
22.40330 68.81930
22.33050 77.18420
