23.54630 15.20730
23.50930 15.20730
23.53410 15.20730
23.55140 15.20730
23.56080 15.20730
23.55620 15.20730
23.52930 15.20730
23.48970 15.20730
23.53820 15.20730
23.50340 15.20730
23.51510 15.20730
23.52360 15.20730
23.50300 15.20730
23.48800 15.20730
23.50610 15.20730
23.44380 15.20730
23.51310 15.20730
23.50110 15.20730
23.47200 15.20730
23.45550 15.20730
23.52010 15.20730
23.49510 15.20730
23.48390 15.20730
23.48970 15.20730
23.65450 15.20730
23.47760 15.20730
23.47660 15.20730
23.46140 15.20730
23.45270 15.20730
23.41290 15.20730
