21.64430 9.22270
21.65420 9.16050
21.65210 9.19230
21.64030 9.24710
21.66520 8.97900
21.66280 9.15510
21.63820 9.25710
21.64320 9.16300
21.64650 9.15860
21.64810 9.25170
21.63340 9.38860
21.61260 9.84610
21.63590 9.35060
21.63680 9.37820
21.63910 9.28970
21.65100 9.17050
21.65420 9.11930
21.65220 9.01890
21.66670 8.89920
21.65440 9.06820
21.66070 9.00540
21.67990 8.71350
21.65560 9.09150
21.67080 8.85220
21.65880 9.03380
21.64800 9.22850
21.65880 8.91830
21.64200 9.26600
21.64380 9.20240
21.64600 9.21680
