20.72610 8.13980 2.48460
20.72410 8.14020 2.47770
20.74870 7.85760 2.42050
20.73060 8.05480 2.45960
20.73820 7.97860 2.43910
20.76710 7.69970 2.38420
20.72800 8.08050 2.46660
20.73670 8.01700 2.45610
20.76760 7.67770 2.37920
20.76010 7.75370 2.39640
20.78860 7.45470 2.33450
20.79750 7.37900 2.32260
20.76240 7.71880 2.39640
20.76240 7.72490 2.40290
20.76470 7.69600 2.39550
20.77030 7.65000 2.38510
20.74680 7.93980 2.44040
20.79030 7.51260 2.35260
20.77750 7.67820 2.39220
20.75700 7.86050 2.42870
20.75870 7.82060 2.41790
20.81410 7.31600 2.31420
20.80240 7.44440 2.34290
20.80840 7.37740 2.33380
20.76510 7.81630 2.42660
20.76890 7.77310 2.41820
20.78420 7.66210 2.39040
20.77850 7.71460 2.40630
20.79860 7.48820 2.36030
20.81110 7.30880 2.32790
