20.25520 17.47780
20.25100 17.54300
20.26190 17.33580
20.25470 17.44970
20.25670 17.44930
20.27230 17.23830
20.24990 17.54230
20.26120 17.36670
20.27300 17.20800
20.27200 17.18430
20.28730 16.93430
20.29450 16.82520
20.27400 17.13020
20.27530 17.10130
20.27900 17.00930
20.28000 17.04840
20.27150 17.21990
20.29580 16.89660
20.29080 17.03350
20.27780 17.11180
20.27640 17.18940
20.31590 16.61030
20.30480 16.85460
20.31010 16.74130
20.28870 17.04310
20.28890 17.02960
20.29740 17.00230
20.29910 16.92200
20.30680 16.80370
20.31260 16.62220
