21.62230 17.45420
21.66500 16.50160
21.60020 17.57980
21.57350 17.83020
21.63610 16.72050
21.60630 17.32220
21.61470 17.09980
21.56680 17.70980
21.56340 18.02250
21.62010 16.72750
21.61180 16.96210
21.59510 17.62730
21.59590 17.56320
21.53740 18.79800
21.55930 18.50510
21.57090 18.30490
21.53080 19.05280
21.55020 18.69500
21.56110 18.53560
21.57250 18.52090
21.61160 17.98170
21.62490 17.60830
21.55330 18.61730
21.60390 17.95680
21.56840 18.08970
21.58350 18.24410
21.61810 17.78270
21.57020 18.47380
21.57540 18.29320
21.58940 17.85410
