22.16270 9.57410 1.00000
22.19460 9.07040 1.00000
22.14500 9.61640 1.00000
22.12210 9.78430 1.00000
22.16770 9.29240 1.00000
22.14430 9.64250 1.00000
22.15150 9.53720 1.00000
22.11610 9.80500 1.00000
22.11650 9.89180 1.00000
22.15400 9.30210 1.00000
22.15100 9.38610 1.00000
22.14040 9.71280 1.00000
22.14450 9.66710 1.00000
22.10670 10.20340 1.00000
22.16030 9.76640 1.00000
22.13030 9.95040 1.00000
22.10540 10.26320 1.00000
22.11840 10.11450 1.00000
22.12840 10.03960 1.00000
22.13910 10.03260 1.00000
22.17050 9.74090 1.00000
22.17900 9.54320 1.00000
22.12400 10.03570 1.00000
22.16620 9.67780 1.00000
22.13450 9.75700 1.00000
22.14990 9.81660 1.00000
22.17640 9.54140 1.00000
22.14110 9.93840 1.00000
22.14150 9.86110 1.00000
22.14790 9.65740 1.00000
