20.67380 11.75510
20.67730 11.70340
20.67040 11.71530
20.67480 11.68310
20.67430 11.70110
20.68360 11.55090
20.68660 11.53120
20.68620 11.57350
20.69110 11.51800
20.69470 11.44360
20.69180 11.49710
20.68560 11.59880
20.67280 11.81090
20.67860 11.74720
20.66930 11.87660
20.68270 11.64220
20.70210 11.43650
20.69350 11.51050
20.68860 11.54250
20.69290 11.47290
20.70780 11.31230
20.70610 11.33340
20.70190 11.41070
20.70060 11.42950
20.69690 11.45310
20.69280 11.43620
20.69780 11.37110
20.68960 11.46250
20.69460 11.44490
20.68910 11.46880
