20.92620 8.56890 1.37170
20.93410 8.48150 1.35690
20.92410 8.52450 1.36680
20.93120 8.47100 1.35800
20.92690 8.52520 1.36850
20.94230 8.34730 1.34550
20.94700 8.31260 1.33790
20.94210 8.39230 1.35340
20.95110 8.30740 1.33960
20.95470 8.25350 1.33580
20.95120 8.29980 1.34090
20.94010 8.42990 1.35960
20.91370 8.73640 1.40400
20.92710 8.60500 1.38110
20.90740 8.81610 1.41370
20.93360 8.50420 1.37010
20.96290 8.23750 1.33180
20.94740 8.36520 1.35540
20.93840 8.43180 1.36780
20.94820 8.32180 1.35020
20.97260 8.10350 1.31570
20.97260 8.10340 1.31320
20.96300 8.21660 1.33180
20.95640 8.29200 1.34750
20.95270 8.30630 1.34960
20.94770 8.30600 1.35330
20.95590 8.22210 1.34030
20.94340 8.33690 1.35760
20.94910 8.31310 1.35270
20.94340 8.33490 1.35420
