#iter           logP0016       logPprior       dS              accept          acceptance      weight          l0000p00spemd    l0000p01spemd    l0000p02spemd    l0000p03spemd    l0000p04spemd    l0000p06spemd    e00001lb01t03p02  e00001lb01t03p03  e00001lb01t03p04  e00001lb01t03p05  e00001lb01t03p06  e00001lb02t01p00  e00001lb02t01p01  e00001lb02t01p02  e00001lb03t01p00  e00001lb03t01p01  e00001lb03t01p02 
#pname          --------       ---------       --              ------          ----------      ------          x-coord          y-coord          b/a              theta            theta_e          gam              unknown          unknown          unknown          unknown          unknown          unknown          unknown          unknown          unknown          unknown          unknown         
0              3.385374e+03    8.062097e+00    5.110000e-02    1               1.000000        1.000000e+00    +3.94000000e+00  +3.94000000e+00  +6.50000000e-01  -1.17300000e+00  +1.63000000e+00  +5.00000000e-01  +9.00000000e-01  +2.09000000e+00  +1.14808000e-01  +1.95000000e+00  +5.00000000e+00  +1.90654200e+00  +3.00709200e+00  +8.00000000e+02  +4.95948300e+00  +4.48013300e+00  +2.00000000e+03 
21             3.609202e+03    8.059342e+00    5.110000e-02    1               0.090909        2.100000e+01    +3.93467290e+00  +3.94262441e+00  +6.49000370e-01  -1.18203185e+00  +1.62530938e+00  +5.00332588e-01  +8.98605203e-01  +2.08927987e+00  +1.18797089e-01  +1.95296012e+00  +5.01005475e+00  +1.90653975e+00  +3.00842351e+00  +8.00299271e+02  +4.95912693e+00  +4.48020979e+00  +1.99735311e+03 
22             3.709662e+03    8.060067e+00    5.110000e-02    1               0.130435        1.000000e+00    +3.93490564e+00  +3.94018168e+00  +6.49754231e-01  -1.18049693e+00  +1.62583207e+00  +4.99734419e-01  +8.98557500e-01  +2.09102164e+00  +1.23514332e-01  +1.95077738e+00  +5.02028872e+00  +1.90672949e+00  +3.00846303e+00  +8.01862655e+02  +4.95940810e+00  +4.48048215e+00  +1.99845825e+03 
35             3.833387e+03    8.053278e+00    5.110000e-02    1               0.111111        1.300000e+01    +3.93402593e+00  +3.94878543e+00  +6.48922851e-01  -1.18431327e+00  +1.62586212e+00  +5.00281003e-01  +8.97088176e-01  +2.08104545e+00  +1.28172502e-01  +1.94925550e+00  +5.02259515e+00  +1.90684320e+00  +3.00755910e+00  +8.02220322e+02  +4.95984002e+00  +4.47965989e+00  +1.99821920e+03 
43             3.855997e+03    8.049754e+00    5.110000e-02    1               0.113636        8.000000e+00    +3.93625727e+00  +3.95199889e+00  +6.50370373e-01  -1.17905829e+00  +1.61510380e+00  +5.00523224e-01  +8.94897914e-01  +2.07741088e+00  +1.27424361e-01  +1.94734053e+00  +5.01162454e+00  +1.90774895e+00  +3.00725807e+00  +8.02231463e+02  +4.95900596e+00  +4.48004617e+00  +1.99728204e+03 
49             3.896227e+03    8.036324e+00    5.110000e-02    1               0.120000        6.000000e+00    +3.93052240e+00  +3.95549399e+00  +6.52238393e-01  -1.18060053e+00  +1.61737929e+00  +5.00766135e-01  +8.94936166e-01  +2.08334893e+00  +1.28098895e-01  +1.95008676e+00  +5.01069321e+00  +1.90693633e+00  +3.00686834e+00  +8.02640220e+02  +4.95861977e+00  +4.47981482e+00  +1.99690221e+03 
64             3.926855e+03    8.019176e+00    5.110000e-02    1               0.107692        1.500000e+01    +3.93275953e+00  +3.96229249e+00  +6.51931573e-01  -1.18138306e+00  +1.61384154e+00  +5.00789063e-01  +8.92467471e-01  +2.08968536e+00  +1.36350260e-01  +1.95112081e+00  +5.00365350e+00  +1.90621259e+00  +3.00733072e+00  +8.02140414e+02  +4.95882708e+00  +4.48015300e+00  +1.99692601e+03 
68             3.935745e+03    8.018471e+00    5.110000e-02    1               0.115942        4.000000e+00    +3.93164003e+00  +3.96210254e+00  +6.51840918e-01  -1.18104183e+00  +1.61646693e+00  +5.00481613e-01  +8.92587356e-01  +2.08933669e+00  +1.35184250e-01  +1.95520964e+00  +4.99902153e+00  +1.90660165e+00  +3.00694853e+00  +8.01781187e+02  +4.95881360e+00  +4.47957015e+00  +1.99731412e+03 
71             4.000262e+03    8.021369e+00    5.110000e-02    1               0.125000        3.000000e+00    +3.93652416e+00  +3.96256629e+00  +6.53168586e-01  -1.18116839e+00  +1.61984106e+00  +5.00659980e-01  +8.92234597e-01  +2.08783993e+00  +1.37059808e-01  +1.95561153e+00  +4.99344743e+00  +1.90579639e+00  +3.00628980e+00  +8.02033425e+02  +4.95804797e+00  +4.47879371e+00  +1.99653456e+03 
81             4.167415e+03    7.989688e+00    5.110000e-02    1               0.121951        1.000000e+01    +3.94095225e+00  +3.97042894e+00  +6.54274382e-01  -1.17219608e+00  +1.61906472e+00  +5.01279344e-01  +8.93341135e-01  +2.08051105e+00  +1.42660617e-01  +1.96180779e+00  +4.98423496e+00  +1.90551001e+00  +3.00694112e+00  +8.01970206e+02  +4.95729371e+00  +4.47825995e+00  +1.99536271e+03 
84             4.181264e+03    8.019675e+00    5.110000e-02    1               0.129412        3.000000e+00    +3.94574991e+00  +3.96258190e+00  +6.52866891e-01  -1.16871636e+00  +1.62105570e+00  +5.00491437e-01  +8.95716202e-01  +2.07899305e+00  +1.38580415e-01  +1.95826275e+00  +4.99006966e+00  +1.90586166e+00  +3.00632085e+00  +8.01725998e+02  +4.95626801e+00  +4.47861712e+00  +1.99328886e+03 
98             4.267380e+03    8.031781e+00    5.110000e-02    1               0.121212        1.400000e+01    +3.94704431e+00  +3.95839623e+00  +6.50795480e-01  -1.16024724e+00  +1.62049793e+00  +5.00743899e-01  +8.94788355e-01  +2.07495223e+00  +1.45731526e-01  +1.96302990e+00  +4.99338435e+00  +1.90648129e+00  +3.00703662e+00  +8.00590717e+02  +4.95666037e+00  +4.47821753e+00  +1.99308735e+03 
99             4.272765e+03    8.045955e+00    5.110000e-02    1               0.130000        1.000000e+00    +3.94680789e+00  +3.95265959e+00  +6.51221489e-01  -1.14430168e+00  +1.61801932e+00  +5.00230992e-01  +8.96761202e-01  +2.07499495e+00  +1.51653123e-01  +1.96258498e+00  +4.99985994e+00  +1.90623298e+00  +3.00673133e+00  +7.99661082e+02  +4.95771104e+00  +4.47789276e+00  +1.99396987e+03 
101            4.304502e+03    8.035078e+00    5.110000e-02    1               0.137255        2.000000e+00    +3.94829737e+00  +3.95664313e+00  +6.53351913e-01  -1.13347181e+00  +1.61864744e+00  +5.00568377e-01  +8.96603971e-01  +2.07275652e+00  +1.46625288e-01  +1.96111513e+00  +5.00243845e+00  +1.90507695e+00  +3.00551581e+00  +7.99864776e+02  +4.95759919e+00  +4.47784370e+00  +1.99468775e+03 
103            4.350648e+03    8.036218e+00    5.110000e-02    1               0.144231        2.000000e+00    +3.94542303e+00  +3.95737341e+00  +6.53111205e-01  -1.13110853e+00  +1.61431950e+00  +5.00423452e-01  +8.97437723e-01  +2.07525603e+00  +1.47002474e-01  +1.96404851e+00  +5.00532706e+00  +1.90476884e+00  +3.00582999e+00  +7.99533851e+02  +4.95820079e+00  +4.47804831e+00  +1.99619469e+03 
106            4.381835e+03    8.056179e+00    5.110000e-02    1               0.149533        3.000000e+00    +3.94106663e+00  +3.94863761e+00  +6.52604714e-01  -1.13873709e+00  +1.61969756e+00  +5.00438291e-01  +8.97880367e-01  +2.07706337e+00  +1.48430645e-01  +1.96412498e+00  +5.00665909e+00  +1.90473507e+00  +3.00526487e+00  +7.99761171e+02  +4.95841348e+00  +4.47778500e+00  +1.99741643e+03 
107            4.447579e+03    8.050777e+00    5.110000e-02    1               0.157407        1.000000e+00    +3.93957505e+00  +3.95202980e+00  +6.51578125e-01  -1.13772082e+00  +1.61538954e+00  +5.01040745e-01  +8.96387451e-01  +2.07021952e+00  +1.43956117e-01  +1.96782224e+00  +5.00795645e+00  +1.90420198e+00  +3.00448269e+00  +8.00517290e+02  +4.95809643e+00  +4.47787466e+00  +1.99669843e+03 
108            4.477810e+03    8.051957e+00    5.110000e-02    1               0.165138        1.000000e+00    +3.94463657e+00  +3.95040626e+00  +6.53160371e-01  -1.14729687e+00  +1.61878772e+00  +5.01359837e-01  +8.98038442e-01  +2.06488811e+00  +1.41309217e-01  +1.96667850e+00  +5.01384731e+00  +1.90508328e+00  +3.00436392e+00  +7.99947880e+02  +4.95834686e+00  +4.47719797e+00  +1.99635221e+03 
113            4.494996e+03    8.051381e+00    5.110000e-02    1               0.166667        5.000000e+00    +3.94293327e+00  +3.95133841e+00  +6.54504648e-01  -1.14084701e+00  +1.61667606e+00  +5.01982292e-01  +8.97199595e-01  +2.06635640e+00  +1.38120020e-01  +1.96950089e+00  +5.01210704e+00  +1.90424703e+00  +3.00456885e+00  +8.00318467e+02  +4.95859131e+00  +4.47672232e+00  +1.99584043e+03 
123            4.537278e+03    8.059820e+00    5.110000e-02    1               0.161290        1.000000e+01    +3.93828115e+00  +3.94511740e+00  +6.54792060e-01  -1.14173840e+00  +1.61810235e+00  +5.01784035e-01  +8.98999520e-01  +2.06366695e+00  +1.41657024e-01  +1.96674513e+00  +5.01373987e+00  +1.90379080e+00  +3.00433785e+00  +8.00083345e+02  +4.95864136e+00  +4.47755644e+00  +1.99662858e+03 
139            4.592090e+03    8.061499e+00    5.110000e-02    1               0.150000        1.600000e+01    +3.93918936e+00  +3.94264325e+00  +6.57486246e-01  -1.14456755e+00  +1.61664229e+00  +5.02424361e-01  +8.99588582e-01  +2.06746744e+00  +1.38057292e-01  +1.96352935e+00  +5.01478890e+00  +1.90309659e+00  +3.00390720e+00  +8.00153705e+02  +4.95805658e+00  +4.47825694e+00  +1.99634568e+03 
146            4.590323e+03    8.059363e+00    5.110000e-02    1               0.149660        7.000000e+00    +3.94521323e+00  +3.93720456e+00  +6.55442986e-01  -1.15100702e+00  +1.61519142e+00  +5.02217477e-01  +8.99775246e-01  +2.05649780e+00  +1.41853166e-01  +1.95765434e+00  +5.01821277e+00  +1.90306354e+00  +3.00421762e+00  +8.00703247e+02  +4.95822064e+00  +4.47822264e+00  +1.99691993e+03 
149            4.600355e+03    8.056209e+00    5.110000e-02    1               0.153333        3.000000e+00    +3.94867408e+00  +3.93964157e+00  +6.57063018e-01  -1.14945703e+00  +1.60958024e+00  +5.03221917e-01  +8.99059579e-01  +2.06529686e+00  +1.35806784e-01  +1.95757151e+00  +5.01103967e+00  +1.90230177e+00  +3.00409587e+00  +8.00726679e+02  +4.95862681e+00  +4.47825296e+00  +1.99694907e+03 
155            4.779782e+03    8.052697e+00    5.110000e-02    1               0.153846        6.000000e+00    +3.95015387e+00  +3.94414918e+00  +6.57632766e-01  -1.15621838e+00  +1.60586879e+00  +5.03955336e-01  +8.96696478e-01  +2.06284363e+00  +1.40992393e-01  +1.95473676e+00  +5.00763111e+00  +1.90271858e+00  +3.00379593e+00  +7.99170634e+02  +4.95877614e+00  +4.47865910e+00  +1.99915611e+03 
188            4.834753e+03    8.041285e+00    5.110000e-02    1               0.132275        3.300000e+01    +3.95553931e+00  +3.94499160e+00  +6.56655173e-01  -1.15487372e+00  +1.60430097e+00  +5.04289126e-01  +8.97193649e-01  +2.05597269e+00  +1.41694154e-01  +1.95659915e+00  +5.00035431e+00  +1.90311676e+00  +3.00394248e+00  +7.98819619e+02  +4.95870718e+00  +4.47918115e+00  +2.00034712e+03 
198            4.859342e+03    8.031220e+00    5.110000e-02    1               0.130653        1.000000e+01    +3.95782342e+00  +3.94880605e+00  +6.53936520e-01  -1.15111501e+00  +1.60429813e+00  +5.03816735e-01  +8.95177742e-01  +2.04934595e+00  +1.46944793e-01  +1.95128086e+00  +4.99575433e+00  +1.90303900e+00  +3.00357101e+00  +7.99900178e+02  +4.95843044e+00  +4.47870697e+00  +2.00062523e+03 
199            4.871901e+03    8.018888e+00    5.110000e-02    1               0.135000        1.000000e+00    +3.95602211e+00  +3.95721506e+00  +6.52206101e-01  -1.15038516e+00  +1.60969910e+00  +5.03892067e-01  +8.97384902e-01  +2.04982493e+00  +1.49280869e-01  +1.95032542e+00  +5.00468990e+00  +1.90314975e+00  +3.00400570e+00  +8.00401767e+02  +4.95815873e+00  +4.47926865e+00  +1.99911726e+03 
202            4.890580e+03    8.005331e+00    5.110000e-02    1               0.137931        3.000000e+00    +3.95894576e+00  +3.95917452e+00  +6.53424625e-01  -1.15433657e+00  +1.60630700e+00  +5.04146128e-01  +8.99122810e-01  +2.06050967e+00  +1.48006462e-01  +1.94724332e+00  +5.00800306e+00  +1.90301707e+00  +3.00450540e+00  +7.99680316e+02  +4.95889194e+00  +4.47873908e+00  +1.99957357e+03 
225            4.934346e+03    7.983831e+00    5.110000e-02    1               0.128319        2.300000e+01    +3.96255722e+00  +3.96220309e+00  +6.54943951e-01  -1.14980941e+00  +1.60976489e+00  +5.04488920e-01  +8.99762775e-01  +2.06169815e+00  +1.50046622e-01  +1.95041508e+00  +5.01236998e+00  +1.90253391e+00  +3.00500348e+00  +7.99707614e+02  +4.95847732e+00  +4.47793507e+00  +1.99823945e+03 
229            4.948750e+03    7.991880e+00    5.110000e-02    1               0.130435        4.000000e+00    +3.95966795e+00  +3.96262629e+00  +6.57485387e-01  -1.15124787e+00  +1.61260680e+00  +5.05432458e-01  +8.97782918e-01  +2.06058139e+00  +1.56457794e-01  +1.95372873e+00  +5.01056582e+00  +1.90217380e+00  +3.00525595e+00  +8.00602938e+02  +4.95912494e+00  +4.47764137e+00  +1.99765285e+03 
231            4.979226e+03    7.988389e+00    5.110000e-02    1               0.133621        2.000000e+00    +3.96244710e+00  +3.96096633e+00  +6.58992180e-01  -1.14758105e+00  +1.60944572e+00  +5.05509197e-01  +8.97729049e-01  +2.05747196e+00  +1.49364551e-01  +1.96118803e+00  +5.01103556e+00  +1.90196153e+00  +3.00458029e+00  +7.99980736e+02  +4.95918244e+00  +4.47788152e+00  +1.99683193e+03 
233            5.006248e+03    7.963221e+00    5.110000e-02    1               0.136752        2.000000e+00    +3.96862055e+00  +3.96112989e+00  +6.59925720e-01  -1.14521524e+00  +1.60949959e+00  +5.05853678e-01  +8.98780093e-01  +2.05526894e+00  +1.51404334e-01  +1.96459352e+00  +5.01793071e+00  +1.90084712e+00  +3.00492745e+00  +8.00067917e+02  +4.95872635e+00  +4.47755896e+00  +1.99766702e+03 
236            5.071145e+03    7.967636e+00    5.110000e-02    1               0.139241        3.000000e+00    +3.96522430e+00  +3.96393389e+00  +6.58890177e-01  -1.14205807e+00  +1.61176365e+00  +5.05520744e-01  +8.97940516e-01  +2.05932242e+00  +1.50187131e-01  +1.96637302e+00  +5.02684805e+00  +1.89985986e+00  +3.00483437e+00  +8.00860389e+02  +4.95869648e+00  +4.47672529e+00  +1.99799048e+03 
247            5.095901e+03    7.951818e+00    5.110000e-02    1               0.137097        1.100000e+01    +3.96959050e+00  +3.96315099e+00  +6.57470740e-01  -1.14562654e+00  +1.61160308e+00  +5.05949241e-01  +8.98223029e-01  +2.04366042e+00  +1.48223998e-01  +1.96241646e+00  +5.03249212e+00  +1.89870461e+00  +3.00563850e+00  +7.99920620e+02  +4.95755542e+00  +4.47605896e+00  +1.99785070e+03 
259            5.100700e+03    7.944011e+00    5.110000e-02    1               0.134615        1.200000e+01    +3.97468957e+00  +3.95755375e+00  +6.54955808e-01  -1.13969156e+00  +1.61118394e+00  +5.05620770e-01  +8.99305739e-01  +2.03958957e+00  +1.48680961e-01  +1.96279350e+00  +5.03023259e+00  +1.89816642e+00  +3.00632765e+00  +7.99969858e+02  +4.95726895e+00  +4.47540359e+00  +1.99843995e+03 
266            5.117391e+03    7.927908e+00    5.110000e-02    1               0.134831        7.000000e+00    +3.97558135e+00  +3.96125054e+00  +6.54846063e-01  -1.13462488e+00  +1.61203563e+00  +5.05889424e-01  +8.97655914e-01  +2.03233684e+00  +1.42867672e-01  +1.96343529e+00  +5.02346632e+00  +1.89704970e+00  +3.00668641e+00  +7.99319345e+02  +4.95763359e+00  +4.47529963e+00  +1.99918224e+03 
272            5.141240e+03    7.919100e+00    5.110000e-02    1               0.135531        6.000000e+00    +3.97754466e+00  +3.96051248e+00  +6.54888155e-01  -1.13905459e+00  +1.61080005e+00  +5.06311279e-01  +8.99662797e-01  +2.03648804e+00  +1.45203773e-01  +1.96519299e+00  +5.02442517e+00  +1.89709765e+00  +3.00505444e+00  +7.99970690e+02  +4.95734592e+00  +4.47470285e+00  +1.99979871e+03 
292            5.155877e+03    7.964216e+00    5.110000e-02    1               0.129693        2.000000e+01    +3.97150836e+00  +3.95612742e+00  +6.54000873e-01  -1.14393365e+00  +1.61017772e+00  +5.06472718e-01  +8.98302596e-01  +2.04491130e+00  +1.43768361e-01  +1.96406502e+00  +5.02987194e+00  +1.89722885e+00  +3.00557369e+00  +7.99877779e+02  +4.95804717e+00  +4.47429419e+00  +1.99911455e+03 
296            5.189156e+03    7.939307e+00    5.110000e-02    1               0.131313        4.000000e+00    +3.97685114e+00  +3.95461831e+00  +6.57479506e-01  -1.14053178e+00  +1.61159841e+00  +5.06982779e-01  +8.96791898e-01  +2.04715159e+00  +1.42877889e-01  +1.96636395e+00  +5.03492556e+00  +1.89668609e+00  +3.00447614e+00  +8.00452531e+02  +4.95806685e+00  +4.47435686e+00  +1.99915069e+03 
307            5.208512e+03    7.941754e+00    5.110000e-02    1               0.129870        1.100000e+01    +3.97730256e+00  +3.95220259e+00  +6.57469688e-01  -1.13724757e+00  +1.61054946e+00  +5.07308168e-01  +8.95119068e-01  +2.04500508e+00  +1.43496465e-01  +1.96739850e+00  +5.02915590e+00  +1.89609904e+00  +3.00486470e+00  +8.00820138e+02  +4.95736246e+00  +4.47410420e+00  +2.00096770e+03 
311            5.230585e+03    7.922516e+00    5.110000e-02    1               0.131410        4.000000e+00    +3.98104947e+00  +3.95007820e+00  +6.57457048e-01  -1.14354718e+00  +1.61126017e+00  +5.07371876e-01  +8.94395260e-01  +2.04164834e+00  +1.48700776e-01  +1.96529930e+00  +5.02539046e+00  +1.89562060e+00  +3.00509002e+00  +8.01148939e+02  +4.95714383e+00  +4.47477580e+00  +2.00118709e+03 
314            5.277883e+03    7.887383e+00    5.110000e-02    1               0.133333        3.000000e+00    +3.98612098e+00  +3.95044927e+00  +6.58168201e-01  -1.14432731e+00  +1.60730798e+00  +5.08602993e-01  +8.95454222e-01  +2.04441347e+00  +1.45391310e-01  +1.96706930e+00  +5.02568885e+00  +1.89524382e+00  +3.00482701e+00  +8.00806562e+02  +4.95737031e+00  +4.47541071e+00  +1.99998475e+03 
321            5.377382e+03    7.894349e+00    5.110000e-02    1               0.133540        7.000000e+00    +3.98550834e+00  +3.94872693e+00  +6.58062395e-01  -1.13932473e+00  +1.59472859e+00  +5.08077495e-01  +8.96270460e-01  +2.04417290e+00  +1.44102329e-01  +1.96543297e+00  +5.02722713e+00  +1.89557275e+00  +3.00426217e+00  +8.01823763e+02  +4.95686106e+00  +4.47529504e+00  +2.00015132e+03 
323            5.379107e+03    7.860451e+00    5.110000e-02    1               0.135802        2.000000e+00    +3.99017620e+00  +3.94796313e+00  +6.58878310e-01  -1.13264193e+00  +1.58830374e+00  +5.07722197e-01  +8.97650823e-01  +2.04308502e+00  +1.51724036e-01  +1.96164011e+00  +5.02988876e+00  +1.89580814e+00  +3.00371066e+00  +8.01202035e+02  +4.95797223e+00  +4.47510410e+00  +1.99812444e+03 
325            5.441698e+03    7.836819e+00    5.110000e-02    1               0.138037        2.000000e+00    +3.99228351e+00  +3.95224677e+00  +6.58227967e-01  -1.13533426e+00  +1.58777018e+00  +5.07993250e-01  +8.97645274e-01  +2.04042070e+00  +1.54969040e-01  +1.96181254e+00  +5.02413418e+00  +1.89509837e+00  +3.00372304e+00  +8.00889982e+02  +4.95813425e+00  +4.47512024e+00  +1.99927346e+03 
327            5.475369e+03    7.822573e+00    5.110000e-02    1               0.140244        2.000000e+00    +3.99341251e+00  +3.95459494e+00  +6.58273044e-01  -1.13393930e+00  +1.59333401e+00  +5.07959491e-01  +8.97690717e-01  +2.03648996e+00  +1.58710988e-01  +1.96016976e+00  +5.02461504e+00  +1.89453671e+00  +3.00339111e+00  +8.01450718e+02  +4.95782349e+00  +4.47417059e+00  +2.00026853e+03 
328            5.527978e+03    7.796197e+00    5.110000e-02    1               0.142857        1.000000e+00    +3.99758956e+00  +3.94932523e+00  +6.56167316e-01  -1.13762611e+00  +1.59201700e+00  +5.08634574e-01  +8.98535198e-01  +2.02925099e+00  +1.52850412e-01  +1.96085071e+00  +5.01977887e+00  +1.89364562e+00  +3.00424075e+00  +8.01966166e+02  +4.95791054e+00  +4.47398672e+00  +2.00076321e+03 
354            5.576724e+03    7.775215e+00    5.110000e-02    1               0.135211        2.600000e+01    +3.99922959e+00  +3.95280393e+00  +6.55240432e-01  -1.13207911e+00  +1.59435292e+00  +5.07967816e-01  +8.99279546e-01  +2.02591531e+00  +1.51165485e-01  +1.96076137e+00  +5.01054884e+00  +1.89230982e+00  +3.00337607e+00  +8.02694552e+02  +4.95826073e+00  +4.47551086e+00  +2.00055763e+03 
380            5.623139e+03    7.791097e+00    5.110000e-02    1               0.128609        2.600000e+01    +3.99785488e+00  +3.95102742e+00  +6.54280065e-01  -1.13688843e+00  +1.59413302e+00  +5.08650764e-01  +8.96384546e-01  +2.02185528e+00  +1.47761836e-01  +1.96358615e+00  +5.01809203e+00  +1.89197927e+00  +3.00193150e+00  +8.02862904e+02  +4.95901221e+00  +4.47534483e+00  +2.00238105e+03 
385            5.631019e+03    7.811965e+00    5.110000e-02    1               0.129534        5.000000e+00    +3.99486936e+00  +3.95382150e+00  +6.54019938e-01  -1.13630888e+00  +1.59118625e+00  +5.09312045e-01  +8.96941388e-01  +2.01695142e+00  +1.52964134e-01  +1.96441898e+00  +5.02057200e+00  +1.89104872e+00  +3.00189545e+00  +8.02897847e+02  +4.95841555e+00  +4.47553581e+00  +2.00200101e+03 
397            5.658528e+03    7.787750e+00    5.110000e-02    1               0.128141        1.200000e+01    +3.99748390e+00  +3.95439584e+00  +6.52068034e-01  -1.13567247e+00  +1.59551552e+00  +5.09834202e-01  +8.95785878e-01  +2.01225249e+00  +1.48607998e-01  +1.96195309e+00  +5.01635005e+00  +1.89113209e+00  +3.00129095e+00  +8.03762259e+02  +4.95822675e+00  +4.47543954e+00  +2.00130583e+03 
425            5.685875e+03    7.755104e+00    5.110000e-02    1               0.122066        2.800000e+01    +4.00072778e+00  +3.95554479e+00  +6.51192029e-01  -1.13280255e+00  +1.59660418e+00  +5.09632345e-01  +8.95170481e-01  +2.01190748e+00  +1.51318885e-01  +1.96135865e+00  +5.00748547e+00  +1.89021909e+00  +3.00098449e+00  +8.03817097e+02  +4.95822825e+00  +4.47610802e+00  +2.00144024e+03 
466            5.723865e+03    7.760206e+00    5.110000e-02    1               0.113490        4.100000e+01    +4.00003745e+00  +3.95611528e+00  +6.53933370e-01  -1.13656556e+00  +1.59724308e+00  +5.09864269e-01  +8.97806842e-01  +2.01278896e+00  +1.53949381e-01  +1.96124835e+00  +5.00648051e+00  +1.88969142e+00  +3.00083798e+00  +8.04391277e+02  +4.95762099e+00  +4.47640747e+00  +1.99902361e+03 
