23.65100 17.29550
23.66350 17.29550
23.62590 17.29550
23.65700 17.29550
23.72970 17.29550
23.74810 17.29550
23.74670 17.29550
23.73910 17.29550
23.73150 17.29550
23.70060 17.29550
23.78230 17.29550
23.77240 17.29550
23.77320 17.29550
23.74610 17.29550
23.74220 17.29550
23.73840 17.29550
23.74440 17.29550
23.70480 17.29550
23.64770 17.29550
23.61390 17.29550
23.69430 17.29550
23.60660 17.29550
23.57130 17.29550
23.56270 17.29550
23.58700 17.29550
23.53090 17.29550
23.56260 17.29550
23.64870 17.29550
23.68360 17.29550
23.69470 17.29550
