17.05230 4152.91000 3.85650
17.48480 2382.04000 3.25150
16.21940 6147.96000 3.76040
17.20220 3186.06000 3.48430
16.87040 3572.61000 3.27090
15.58040 11221.70000 4.00000
16.32930 7329.98000 3.99850
16.85640 4643.93000 3.78890
16.27740 7036.67000 4.00000
16.76890 4885.95000 3.99610
20.55580 259.67500 3.00540
19.66480 512.35500 2.70800
19.75520 561.51100 3.17710
19.91010 412.28500 2.75530
19.60060 484.16100 2.75440
19.59980 491.17700 2.77460
19.70300 415.58900 2.54570
16.94070 2742.66000 3.23410
17.89390 2034.84000 3.66730
17.43230 3055.67000 4.00000
19.22380 1038.86000 4.00000
18.10660 1955.16000 4.00000
18.07760 1712.12000 3.59860
18.15000 1323.65000 3.09860
17.74080 1264.29000 2.49900
18.92670 517.33300 2.15960
17.57690 1453.75000 2.70250
16.49580 3903.50000 3.33020
17.02550 3186.92000 3.36130
17.27510 1647.09000 2.51260
