21.56380 16.14580
21.58460 16.14580
21.59010 16.14580
21.59180 16.14580
21.58990 16.14580
21.60460 16.14580
21.60730 16.14580
21.59760 16.14580
21.61270 16.14580
21.60180 16.14580
21.60740 16.14580
21.60910 16.14580
21.61340 16.14580
21.61030 16.14580
21.62230 16.14580
21.60840 16.14580
21.60100 16.14580
21.60530 16.14580
21.60500 16.14580
21.58810 16.14580
21.61500 16.14580
21.62650 16.14580
21.63370 16.14580
21.64210 16.14580
21.61910 16.14580
21.61540 16.14580
21.60660 16.14580
21.60340 16.14580
21.59920 16.14580
21.61770 16.14580
