20.97600 25.72970
20.99840 25.15360
20.97300 25.67540
20.94950 26.64350
20.95790 26.44940
20.96600 26.06880
20.94720 26.24710
20.94360 26.49480
20.94020 26.47400
20.92840 26.97340
20.93410 26.82920
20.95150 26.44270
20.91370 27.40630
20.88820 28.33870
20.94250 26.65030
20.93110 26.91660
20.91620 27.22910
20.93440 26.74560
20.95090 26.52520
20.93560 26.91360
20.93110 27.10220
20.90010 27.89560
20.88140 28.39190
20.91840 27.30890
20.91120 27.64470
20.89860 27.92900
20.94010 26.69840
20.94890 26.60580
20.98890 25.09950
20.96430 25.75240
