21.61660 8.93060 1.84690
21.65460 8.35930 1.73430
21.61630 8.84380 1.82380
21.58930 9.34330 1.92270
21.60030 9.32390 1.90330
21.59280 9.34110 1.94010
21.57440 9.45470 1.95570
21.55810 9.78450 2.02150
21.56390 9.63860 1.98060
21.56530 9.62750 1.97720
21.54830 9.94440 2.03300
21.58030 9.48890 1.94750
21.54640 9.90910 2.01490
21.51610 10.34600 2.06520
21.59460 9.25920 1.89250
21.57640 9.44760 1.92580
21.55030 9.77270 1.99550
21.56120 9.68880 1.97570
21.58620 9.41310 1.94070
21.57320 9.55420 1.95720
21.57110 9.57390 1.95610
21.52170 10.25710 2.06100
21.50290 10.51330 2.10050
21.54200 10.02530 2.02120
21.55070 9.85640 1.99280
21.54640 9.81090 1.96670
21.57190 9.54790 1.94750
21.60050 9.17600 1.89100
21.62020 8.92410 1.85360
21.60580 8.98100 1.83210
