22.57040 7.98480 1.36930
22.58510 7.80050 1.35180
22.58070 8.06270 1.43730
22.56930 8.42910 1.50120
22.55020 8.42760 1.50400
22.52980 8.60660 1.49030
22.53650 8.61110 1.45870
22.50430 8.88550 1.48720
22.53370 8.50950 1.37490
22.53610 8.52860 1.38030
22.54560 8.66940 1.44140
22.54420 8.46810 1.40350
22.53890 8.55630 1.38530
22.46700 9.67060 1.60590
22.36190 11.34630 1.84020
22.28250 12.29930 2.01060
22.38510 11.34640 1.88650
22.32760 11.91860 1.99920
22.41510 10.80610 1.84640
22.44970 10.38470 1.78130
22.44610 10.25060 1.76290
22.35400 11.08830 1.87620
22.37380 10.85940 1.82960
22.42350 10.29000 1.75590
22.44560 10.25340 1.75540
22.41580 10.22340 1.76700
22.47830 9.85900 1.71540
22.55570 9.05210 1.58620
22.60400 8.45240 1.46450
22.62110 8.05880 1.35810
