21.72080 28.43450
21.74950 27.53480
21.75230 27.99420
21.74090 29.02690
21.72730 28.78910
21.68630 29.95830
21.68000 30.48300
21.63670 31.68090
21.64070 31.55660
21.64190 31.59590
21.66840 31.41190
21.65940 30.93820
21.63820 31.86680
21.58980 34.37690
21.51430 37.82540
21.48720 38.10040
21.56650 36.72740
21.55100 36.39940
21.60050 34.98680
21.62330 34.51850
21.61990 34.11650
21.54500 35.41750
21.55170 35.35260
21.59420 34.16040
21.61210 34.25520
21.59270 33.48900
21.64600 33.03770
21.70700 31.52040
21.74440 30.23290
21.74500 29.56850
