21.34820 12.51320
21.34160 12.42910
21.37260 12.24890
21.34560 12.72240
21.34970 12.34920
21.35120 12.31940
21.37700 12.13660
21.36180 12.26860
21.30790 12.65260
21.29250 12.79140
21.28950 12.90640
21.27000 13.05540
21.24580 13.26490
21.31280 12.83160
21.29670 12.95160
21.28050 13.19430
21.29570 12.99390
21.31400 12.93230
21.26690 13.32820
21.31690 12.86290
21.32830 12.73660
21.31790 12.77220
21.31980 12.73550
21.26650 13.19900
21.32060 12.78320
21.35090 12.58950
21.32150 12.86620
21.30150 12.98030
21.29340 12.94650
21.33260 12.61550
