21.80940 7.43940 1.03630
21.81100 7.33690 1.01410
21.84080 7.20720 1.00000
21.82340 7.45280 1.00010
21.82180 7.25540 1.00000
21.82020 7.26610 1.00860
21.84500 7.13700 1.00000
21.82960 7.24050 1.00370
21.76400 7.58640 1.06770
21.74810 7.67630 1.07780
21.73960 7.80230 1.09470
21.71480 7.94930 1.11750
21.67370 8.22940 1.16760
21.76470 7.72230 1.07750
21.74020 7.87690 1.10820
21.70520 8.18910 1.16180
21.73980 7.89630 1.10770
21.76700 7.77260 1.07890
21.69780 8.22160 1.15400
21.76920 7.73610 1.07910
21.77900 7.65850 1.07440
21.76810 7.68550 1.07990
21.77260 7.64220 1.07130
21.69320 8.17310 1.16060
21.77750 7.64310 1.06150
21.81300 7.46680 1.02940
21.78480 7.63260 1.04410
21.75600 7.77590 1.07590
21.74170 7.81490 1.09580
21.79390 7.49090 1.04100
