22.17560 15.54800
22.20530 14.98100
22.19670 15.12150
22.18030 15.32070
22.19920 15.06580
22.17030 15.52300
22.08650 16.61670
22.12370 16.00730
22.16660 15.35740
22.12940 15.94150
22.13160 16.02720
22.13620 15.81890
22.10710 16.34870
22.09400 16.18050
22.13270 15.74370
22.11320 16.17940
22.13440 15.84500
22.11010 16.47850
22.13400 16.05040
22.14250 15.87250
22.15430 15.70530
22.15230 15.74040
22.12050 16.14070
22.11950 16.01570
22.10460 16.48110
22.13730 15.86410
22.10210 16.13800
22.11920 16.11440
22.07230 17.08170
22.12220 16.14550
