22.43930 11.20120
22.43300 11.43390
22.48880 10.45760
22.47650 10.56100
22.50080 10.41560
22.56370 9.49070
22.55720 9.44230
22.52950 9.77870
22.48020 10.25060
22.48940 10.31160
22.48970 10.34950
22.45530 10.80870
22.50730 10.09590
22.46700 10.80080
22.47200 10.71100
22.37910 11.86200
22.35800 12.03680
22.38760 11.81520
22.36610 12.19940
22.32880 13.02730
22.36570 12.59730
22.41150 11.51380
22.36200 12.28710
22.41800 11.15900
22.43660 10.91190
22.49160 10.38640
22.39370 11.53340
22.35600 11.73970
22.36580 11.59680
22.37230 11.64160
