23.14040 8.13300
23.15650 8.13300
23.15320 8.13300
23.14940 8.13300
23.17980 8.13300
23.13690 8.13300
23.11040 8.13300
23.10550 8.13300
23.12130 8.13300
23.11720 8.13300
23.06740 8.13300
23.07600 8.13300
23.10290 8.13300
23.12230 8.13300
23.07900 8.13300
23.11610 8.13300
23.10960 8.13300
23.10050 8.13300
23.07440 8.13300
23.06400 8.13300
23.07170 8.13300
23.08870 8.13300
23.12450 8.13300
23.09300 8.13300
23.14500 8.13300
23.11160 8.13300
23.07540 8.13300
23.07620 8.13300
23.05200 8.13300
23.07050 8.13300
