21.23020 7.96220
21.23060 8.00910
21.23250 7.96950
21.23610 7.89500
21.23610 7.73880
21.24370 7.59300
21.24800 7.52610
21.24540 7.47810
21.24620 7.61980
21.23880 7.67860
21.24140 7.66510
21.22800 7.79830
21.23800 7.64590
21.23530 7.70700
21.23090 7.62640
21.23770 7.56340
21.24100 7.33240
21.24340 7.46960
21.24120 7.55510
21.24980 7.15580
21.24850 7.04830
21.25120 7.04970
21.25800 7.05530
21.25730 7.10450
21.25640 7.07510
21.26570 6.99750
21.26870 7.14590
21.26270 7.02640
21.26680 7.08870
21.26390 7.10970
