22.09040 64.09450
22.08170 66.19240
22.33120 47.92830
22.16810 60.16660
22.21960 57.17530
22.37010 45.51830
22.39690 45.09110
22.30390 49.29900
22.26820 49.78190
22.21450 52.40620
22.04990 64.32330
21.98910 67.72610
22.16960 55.56580
22.21230 54.64530
22.01150 69.07990
21.97650 70.67530
22.02510 64.65770
21.80770 80.41680
21.82560 79.54330
21.94760 70.61360
21.93390 71.67190
21.94560 70.42720
21.94500 71.72530
22.01400 67.33370
21.96990 70.03340
22.03970 65.52290
22.24670 50.93420
21.99510 69.27950
22.23540 52.14840
22.18280 53.83910
