21.43000 13.53690
21.40540 13.73230
21.36880 14.02650
21.34300 14.66350
21.44070 13.23500
21.42250 13.79430
21.41750 13.82690
21.41270 14.26760
21.46470 13.08380
21.46170 13.03620
21.52930 12.00400
21.49740 12.99680
21.44680 14.16670
21.49120 13.12980
21.44630 14.03530
21.47160 13.78140
21.51500 13.32490
21.51020 13.32400
21.51140 13.47480
21.50700 13.22430
21.52970 12.80380
21.53090 13.11140
21.52880 13.26330
21.51160 13.97110
21.55760 13.02710
21.57710 12.44850
21.56040 13.14770
21.61600 12.39550
21.53960 14.02410
21.54520 13.55400
