21.80900 7.89050
21.82290 7.09530
21.80230 7.45440
21.80640 6.99590
21.81010 6.94920
21.81850 7.07410
21.82070 6.98060
21.82960 6.97280
21.82760 7.22290
21.83090 7.08150
21.81610 7.19070
21.80990 7.31870
21.80010 7.86730
21.80810 7.70840
21.80790 7.98460
21.80550 8.11440
21.79220 8.30390
21.80950 8.05130
21.81790 7.62860
21.82440 7.03520
21.81950 7.08360
21.82290 7.08220
21.81000 7.02060
21.82010 7.03510
21.80980 7.64600
21.79570 7.98840
21.79610 8.22280
21.79930 8.50970
21.80750 7.89810
21.80210 7.93310
