22.53520 13.54090 1.00000
22.52570 13.85490 1.00000
22.54660 13.71950 1.00000
22.50910 12.48370 1.00000
22.55950 12.27420 1.00000
22.55240 12.55960 1.00000
22.50770 12.64340 1.00000
22.52260 13.31180 1.00000
22.52580 13.31390 1.00000
22.49840 13.00950 1.00000
22.46650 12.94040 1.00000
22.50890 13.50620 1.00000
22.52400 14.53970 1.00000
22.52640 14.39510 1.00000
22.52070 14.06010 1.00000
22.50140 14.78580 1.00000
22.48970 15.06040 1.00000
22.49880 13.86920 1.00000
22.49530 14.22820 1.00000
22.60670 13.28150 1.00000
22.60730 13.23890 1.00000
22.59180 13.20320 1.00000
22.58100 13.37380 1.00000
22.48380 13.99530 1.00000
22.46650 13.38960 1.00000
22.47410 13.24970 1.00000
22.47890 12.95000 1.00000
22.51420 12.92490 1.00000
22.49260 12.37460 1.00000
22.45730 12.85750 1.00000
