21.67590 32.78960
21.62570 35.64890
21.65770 34.50980
21.72540 27.74070
21.77390 25.35450
21.75520 26.58990
21.71930 28.28720
21.66760 31.35910
21.66270 31.66160
21.69100 29.96990
21.64760 30.30820
21.61500 33.73850
21.56360 40.89640
21.58100 39.61770
21.60640 36.68520
21.52510 42.71200
21.49460 44.90640
21.57750 36.42020
21.54310 39.19620
21.50590 41.30090
21.49950 41.33330
21.49310 40.65770
21.48380 41.40790
21.53960 38.07510
21.60520 33.04170
21.64450 31.49370
21.65030 30.75560
21.64280 30.91000
21.70620 27.58990
21.60770 31.67490
