22.38060 6.66360
22.38850 6.82250
22.37400 5.95280
22.36910 6.01270
22.37920 5.99350
22.38230 5.19950
22.37720 5.31120
22.36590 5.38410
22.35510 5.84560
22.37110 5.89960
22.37450 5.90110
22.37670 6.34920
22.38050 5.75190
22.40360 6.63460
22.38790 6.33430
22.37900 7.49320
22.36460 7.65290
22.38630 7.48610
22.38070 7.74190
22.38760 8.45510
22.39660 8.17320
22.39510 7.18390
22.38000 7.90590
22.36630 6.68800
22.37450 6.50140
22.39120 6.02920
22.37420 7.18850
22.35030 7.36460
22.34390 7.19990
22.35650 7.24760
