22.17850 9.46010 1.00000
22.15100 9.65630 1.00000
22.14530 9.65050 1.00000
22.16020 9.56270 1.00000
22.21020 9.20620 1.00000
22.20200 9.26970 1.00000
22.19200 9.39860 1.00000
22.18870 9.40580 1.00000
22.15370 9.67620 1.00000
22.19060 9.44140 1.00000
22.15450 9.64070 1.00000
22.25560 8.87390 1.00000
22.15200 9.61430 1.00000
22.20580 9.27260 1.00000
22.10440 10.02700 1.00000
22.06510 10.47300 1.00000
22.11460 10.05370 1.00000
22.12470 9.96640 1.00000
22.17010 9.54390 1.00000
22.09290 10.13140 1.00000
22.17330 9.49580 1.00000
22.17890 9.43280 1.00000
22.09270 10.09470 1.00000
22.11860 9.89660 1.00000
22.06580 10.27350 1.00000
22.05670 10.40280 1.00000
22.08290 10.13580 1.00000
22.15800 9.60110 1.00000
22.12010 9.94080 1.00000
22.15370 9.64770 1.00000
