21.56660 19.16970
21.53580 19.25000
21.53250 19.21770
21.55420 18.93780
21.61120 18.52150
21.59930 18.63800
21.59390 18.52910
21.58830 18.55810
21.54120 19.22590
21.52550 19.47200
21.53560 19.27880
21.61680 18.04990
21.54460 19.03520
21.52660 19.70730
21.49100 19.80590
21.42970 20.86770
21.40960 21.35830
21.43720 20.86270
21.47010 20.59590
21.45930 20.36710
21.47660 20.44070
21.48530 20.25950
21.45570 20.41240
21.48200 20.31770
21.43240 20.62760
21.42010 20.90560
21.44800 20.48240
21.45050 20.83290
21.48480 20.40240
21.44910 20.96100
