21.35120 9.26370 1.88650
21.37510 8.82470 1.81570
21.38650 8.75400 1.79630
21.35350 9.17890 1.87050
21.34900 9.17550 1.87480
21.33960 9.36260 1.89520
21.30500 9.89400 1.97170
21.27760 10.47060 2.04940
21.26160 10.58830 2.07500
21.25710 10.76140 2.08890
21.27420 10.33700 2.03880
21.22880 10.99150 2.14160
21.19740 11.51080 2.20520
21.20440 11.52900 2.20520
21.24950 10.74160 2.08390
21.24030 10.94020 2.10970
21.23080 11.22050 2.15230
21.24260 10.99100 2.13890
21.22640 11.30570 2.18100
21.26020 10.77940 2.11410
21.28850 10.40380 2.07630
21.28130 10.46520 2.08670
21.29150 10.17460 2.05020
21.23130 11.02960 2.16980
21.21860 11.21020 2.18940
21.21440 11.50690 2.22970
21.23680 11.38140 2.20180
21.18520 12.36490 2.30830
21.16220 12.39520 2.32990
21.21080 11.64130 2.21600
