20.67290 26.81170
20.69110 25.95560
20.69950 25.95010
20.67380 26.63360
20.67010 26.57210
20.64520 27.58550
20.63360 28.06400
20.60610 29.21120
20.61160 28.79850
20.59900 29.61090
20.60800 28.86610
20.58250 29.57020
20.56430 30.25400
20.57090 30.35340
20.58760 29.66790
20.57510 30.06260
20.58040 30.34360
20.59790 29.60930
20.58850 30.06680
20.61380 29.20010
20.63560 28.46750
20.63210 28.52600
20.64070 27.97840
20.59860 29.11660
20.58860 29.49210
20.59620 29.68360
20.60680 29.96300
20.57210 31.44890
20.57250 30.24670
20.58040 30.57180
