17.83590 0.06700 4.00000
18.08390 0.07230 4.00000
17.84890 0.06720 4.00000
18.66930 0.08630 4.00000
18.60950 0.08450 4.00000
18.62860 0.08520 4.00000
20.18250 0.15480 4.00000
17.95450 0.06940 4.00000
18.45950 0.08130 4.00000
18.51640 0.08250 4.00000
18.10670 0.07180 4.00000
18.40770 0.07910 4.00000
18.10310 0.07210 4.00000
21.55870 0.31670 4.00000
20.03380 0.14580 4.00000
18.90880 0.09450 4.00000
18.02510 0.07060 4.00000
19.23730 0.10600 4.00000
18.75100 0.08990 4.00000
18.66160 0.08640 4.00000
18.51150 0.08120 4.00000
18.52050 0.08140 4.00000
18.63220 0.08360 4.00000
18.24610 0.07380 4.00000
20.69690 0.01530 4.00000
18.52630 0.08100 4.00000
18.50680 0.08060 4.00000
18.50750 0.08070 4.00000
20.17940 0.15250 4.00000
18.67060 0.08530 4.00000
