23.16120 6.61480
23.16040 6.57500
23.17050 6.59420
23.20870 6.28390
23.22000 6.13670
23.23290 5.44790
23.21420 5.49850
23.20020 5.25870
23.19890 5.59220
23.23590 5.32510
23.23710 5.23190
23.22170 6.26130
23.21150 6.36950
23.21840 6.25320
23.20840 5.62120
23.19970 6.35420
23.20000 6.44440
23.20820 6.28840
23.19040 6.29450
23.22180 5.49750
23.27420 5.54130
23.26670 5.27090
23.29580 5.32770
23.27140 6.25610
23.26880 6.00190
23.27320 5.59240
23.27670 5.77210
23.26160 5.90780
23.24280 5.31650
23.24360 5.93140
