22.64910 6.29610
22.64940 6.15260
22.65130 6.20020
22.63550 6.42010
22.60770 6.49800
22.63660 6.36980
22.62750 6.35340
22.62000 6.60510
22.61180 6.60790
22.60360 6.53960
22.59170 6.62570
22.60810 6.59850
22.61060 6.59600
22.60420 6.64940
22.61260 6.57490
22.61880 6.55350
22.61460 6.51770
22.62600 6.43850
22.63310 6.56780
22.65520 6.19910
22.65230 6.34640
22.65220 6.33580
22.64240 6.30700
22.66450 6.22010
22.66030 6.21900
22.66750 6.14390
22.65580 6.40000
22.66840 6.32310
22.68500 6.80690
22.70050 6.82490
