23.57470 12.15550 1.00000
23.56650 11.98810 1.00000
23.54900 11.84620 1.00000
23.52010 12.80000 1.00000
23.50050 11.99810 1.00000
23.48170 11.91840 1.00000
23.50180 12.26780 1.00000
23.53510 11.49140 1.00000
23.53830 11.28630 1.00000
23.54530 11.45230 1.00000
23.54190 10.92890 1.00000
23.57960 10.91460 1.00000
23.59590 11.44670 1.00000
23.55570 14.08160 1.00000
23.55060 14.40440 1.00000
23.54460 15.11010 1.00000
23.57270 15.26110 1.00000
23.54840 15.21470 1.00000
23.55840 15.36770 1.00000
23.57800 14.23820 1.00000
23.56740 14.02990 1.00000
23.60130 12.53420 1.00000
23.57830 10.75250 1.00000
23.57210 10.58520 1.00000
23.52370 12.07440 1.00000
23.56790 10.95590 1.00000
23.55920 11.02450 1.00000
23.52280 11.27320 1.00000
23.50310 11.64720 1.00000
23.54750 10.43930 1.00000
