22.66150 14.78600
22.63390 15.59280
22.68140 14.54420
22.67060 14.79090
22.54220 17.46120
22.58960 16.43980
22.62000 15.89430
22.73660 13.94540
22.69120 14.84250
22.70190 14.52590
22.73880 13.67730
22.69990 14.21670
22.62900 15.24020
22.72640 13.86570
22.67120 14.66950
22.78440 13.01070
22.76740 13.07810
22.72850 13.54510
22.71170 13.82340
22.65450 14.70130
22.53940 17.03170
22.61700 15.26550
22.58350 16.13250
22.70630 14.03630
22.67700 14.33040
22.67830 14.40960
22.64410 15.13250
22.70690 13.92380
22.70370 14.00370
22.66370 14.99770
