21.82730 14.82540
21.83290 14.68510
21.81680 14.82550
21.80550 14.93510
21.79960 14.59920
21.80440 14.84960
21.80830 14.91560
21.81910 14.23180
21.81940 14.18400
21.82280 14.36380
21.82080 14.69970
21.81790 14.37760
21.82300 14.49510
21.82930 14.39890
21.81950 14.53550
21.84040 14.39660
21.84380 14.20690
21.85040 14.20250
21.84880 14.11560
21.85200 14.35460
21.88870 13.66560
21.89890 13.53440
21.90760 13.46490
21.90700 13.24980
21.90700 13.42450
21.89550 13.65230
21.87970 13.71710
21.87240 13.90810
21.86790 14.05480
21.86050 14.00690
