21.84320 15.09900
21.81270 15.79830
21.85000 15.24650
21.77360 16.52270
21.78030 16.65780
21.77400 16.80110
21.76050 17.08150
21.79310 16.30210
21.82190 15.90200
21.81840 15.74950
21.74970 16.87240
21.74860 17.01010
21.80760 15.76100
21.81060 15.90240
21.80170 15.97920
21.80990 15.86620
21.79800 15.67490
21.78830 15.98280
21.77250 16.20650
21.73860 16.93800
21.77640 16.26130
21.78450 15.89970
21.78410 16.01250
21.79300 15.72440
21.73940 16.62070
21.76500 16.20380
21.85970 14.54810
21.88690 14.10540
21.88410 14.25440
21.84480 14.82610
