23.09380 7.80930
23.11200 7.68670
23.10380 7.77070
23.07980 7.83710
23.12200 7.72520
23.09700 7.84540
23.04860 8.06280
22.97920 8.39260
23.02740 8.17600
23.05690 8.20370
23.02690 8.25410
22.98220 8.39820
23.01380 8.25660
23.00890 8.22100
22.97140 8.66800
22.96390 8.82640
22.91730 9.08860
22.96030 8.87950
22.98060 8.83320
23.02690 8.40680
22.98220 8.51840
23.06270 8.26040
23.09210 8.08690
23.04220 8.35670
23.01100 8.41330
22.98070 8.60610
22.87250 9.03530
22.88410 8.99790
22.88640 9.03330
22.91860 8.78570
