21.13660 4.07730 2.22820
21.14740 4.01020 2.18570
21.13560 4.06030 2.22330
21.12670 4.11900 2.25710
21.13470 4.04520 2.21040
21.11700 4.13580 2.27660
21.12740 4.09180 2.25170
21.14130 4.03160 2.21170
21.15650 3.91920 2.12780
21.15050 3.93750 2.15520
21.14900 3.95400 2.17740
21.13630 4.01330 2.20770
21.14080 3.97710 2.18120
21.15260 3.94160 2.17300
21.14370 3.98070 2.19920
21.14900 3.95310 2.16950
21.14830 3.96180 2.17010
21.14810 3.96010 2.15690
21.12620 4.06960 2.22700
21.13970 4.01340 2.19340
21.13930 4.04430 2.21710
21.14220 4.01460 2.19780
21.14730 3.96140 2.17130
21.14770 4.00340 2.19610
21.14290 4.03480 2.22390
21.15110 4.00420 2.19530
21.12830 4.07700 2.24050
21.12770 4.08260 2.23630
21.12300 4.08740 2.23610
21.12620 4.07670 2.21630
