23.15690 8.10570
23.16070 8.10570
23.20360 8.10570
23.15740 8.10570
23.19620 8.10570
23.14270 8.10570
23.15130 8.10570
23.19100 8.10570
23.20390 8.10570
23.25710 8.10570
23.28970 8.10570
23.28580 8.10570
23.29260 8.10570
23.28220 8.10570
23.26140 8.10570
23.24400 8.10570
23.25940 8.10570
23.22880 8.10570
23.20210 8.10570
23.29240 8.10570
23.26660 8.10570
23.26690 8.10570
23.25290 8.10570
23.28180 8.10570
23.30130 8.10570
23.29470 8.10570
23.27990 8.10570
23.29540 8.10570
23.29440 8.10570
23.28030 8.10570
