22.78100 27.95820
22.84130 26.66690
22.85660 24.80830
22.86150 24.83110
22.84120 25.34720
22.78940 29.29900
22.83000 26.65810
22.80900 27.53230
22.73670 30.36950
22.77540 28.13140
22.73070 30.24480
22.74780 30.43840
22.71410 31.01570
22.70370 31.03220
22.69350 31.61550
22.67710 31.81980
22.69170 31.67890
22.72190 30.66030
22.69760 31.16410
22.69830 30.87480
22.68830 29.06000
22.67390 29.15650
22.61960 33.19320
22.66760 29.32150
22.76310 26.67360
22.74620 27.13730
22.72550 27.34250
22.66500 30.06410
22.71050 28.42080
22.69880 28.97270
