22.68870 13.30850 1.00000
22.66340 13.74030 1.00000
22.68290 13.08990 1.00000
22.68860 13.00550 1.00000
22.66230 13.43770 1.00000
22.67680 13.24660 1.00000
22.66360 13.55220 1.00000
22.66890 13.71980 1.00000
22.68660 13.62760 1.00000
22.67930 14.02710 1.00000
22.71350 13.17200 1.00000
22.70070 13.49230 1.00000
22.70980 13.42300 1.00000
22.69140 13.59550 1.00000
22.69510 13.57720 1.00000
22.69520 13.29140 1.00000
22.72020 12.78650 1.00000
22.70060 13.22210 1.00000
22.68290 13.21200 1.00000
22.68200 13.15860 1.00000
22.67340 13.24700 1.00000
22.68430 13.06050 1.00000
22.69470 12.84070 1.00000
22.69630 12.68490 1.00000
22.70990 12.38130 1.00000
22.71660 12.49290 1.00000
22.71000 12.62430 1.00000
22.70000 12.63740 1.00000
22.72010 12.45790 1.00000
22.70970 12.86060 1.00000
