21.97500 27.67160
21.92570 29.44580
21.96960 27.57990
21.97790 27.29120
21.94160 28.22330
21.96150 28.14730
21.92250 29.52340
21.94670 28.97550
21.96340 28.50850
21.95530 29.16380
22.00080 27.35810
21.97000 28.63410
21.98550 28.30770
21.95890 29.06420
21.95730 29.27490
21.97350 28.36100
22.02190 26.65560
21.98980 27.94190
21.95960 28.44970
21.95260 28.58190
21.93840 28.91240
21.96130 28.19830
21.97400 27.63960
21.97950 27.34670
22.00880 26.36620
22.01040 26.68060
21.99310 27.08810
21.98230 27.07160
22.00860 26.47790
21.98410 27.39010
