22.84210 13.27630
22.86730 12.86220
22.92010 12.39930
22.85820 12.89760
22.85210 13.21960
22.90860 12.30320
22.92230 12.02980
22.96010 11.39640
22.96780 11.74670
22.95620 11.98720
23.00520 11.48460
22.97980 11.85970
22.96740 11.71330
22.91940 12.35890
22.94250 12.08020
22.96700 11.49230
22.97220 11.44330
22.95390 11.95540
22.94120 12.26490
22.92000 12.60990
22.99890 11.16140
22.94440 11.93660
22.95470 11.82510
22.93270 12.09320
22.95680 11.99180
23.00660 10.91510
22.99370 11.28300
23.00300 11.21410
22.98290 11.57000
23.03880 10.80950
