22.02440 17.07890
22.00470 17.50030
22.00990 17.84170
22.00790 17.66290
21.99020 17.86210
21.95960 18.09890
21.94880 18.53500
21.95680 18.29720
21.96210 18.08840
21.95980 18.12740
21.96490 18.10870
21.96930 18.25790
21.95500 18.29170
21.94670 18.22620
21.93450 18.53830
21.92690 18.95630
21.89950 19.12220
21.89060 19.10570
21.88600 19.14120
21.90690 18.86900
21.90550 19.05000
21.90870 19.10610
21.90060 19.19900
21.87930 19.36110
21.90430 19.46470
21.89510 19.31990
21.91340 19.10960
21.87590 19.56200
21.91650 19.14290
21.89830 19.27330
