23.09280 7.00770
23.10800 7.00770
23.13600 7.00770
23.10110 7.00770
23.09750 7.00770
23.12710 7.00770
23.12790 7.00770
23.14900 7.00770
23.15950 7.00770
23.15040 7.00770
23.17870 7.00770
23.16770 7.00770
23.16080 7.00770
23.13730 7.00770
23.14830 7.00770
23.14810 7.00770
23.16170 7.00770
23.15380 7.00770
23.15600 7.00770
23.14050 7.00770
23.17320 7.00770
23.14980 7.00770
23.15290 7.00770
23.14570 7.00770
23.16310 7.00770
23.17280 7.00770
23.17530 7.00770
23.18310 7.00770
23.17470 7.00770
23.20230 7.00770
