23.29260 9.41630 1.00000
23.22090 10.43420 1.00000
23.19690 10.36490 1.00000
23.22500 10.12930 1.00000
23.27880 9.29510 1.00000
23.30240 9.27450 1.00000
23.28150 9.46350 1.00000
23.27560 9.11940 1.00000
23.25450 9.59720 1.00000
23.23230 10.39900 1.00000
23.27290 9.62600 1.00000
23.25960 9.59260 1.00000
23.23400 9.74170 1.00000
23.35090 8.98680 1.00000
23.28240 10.38440 1.00000
23.29980 9.73670 1.00000
23.29580 9.64700 1.00000
23.25430 9.91530 1.00000
23.21600 10.78130 1.00000
23.21430 11.25520 1.00000
23.24220 10.61690 1.00000
23.32920 9.88530 1.00000
23.21160 11.80130 1.00000
23.24390 11.23810 1.00000
23.20180 12.24170 1.00000
23.14340 13.98670 1.01260
22.97120 16.01570 1.32500
23.20640 11.86650 1.00000
23.22440 11.15840 1.00000
23.26830 10.93050 1.00000
