22.80060 16.15150
22.68190 18.01140
22.64490 18.14270
22.68860 17.59720
22.78010 16.03820
22.81010 16.18640
22.77560 16.50390
22.78020 16.15610
22.74530 17.11580
22.69820 18.48990
22.77030 17.21480
22.75270 17.19340
22.72040 17.40900
22.73870 17.58270
22.76050 18.65510
22.79540 17.63620
22.79290 17.43840
22.73240 17.87090
22.66360 19.16850
22.65290 20.16750
22.69810 19.26980
22.69100 19.39920
22.63240 21.35530
22.68500 20.44840
22.61240 22.48280
22.56630 24.79050
22.58490 23.85030
22.62380 21.47310
22.65900 19.99700
22.71980 19.60800
