21.27140 6.50590
21.27050 6.49270
21.26020 6.49730
21.26220 6.36820
21.26540 6.49980
21.26030 6.68450
21.25110 6.71870
21.26110 6.58850
21.26920 6.50800
21.27090 6.39150
21.27270 6.54120
21.27220 6.56780
21.26820 6.52070
21.27150 6.41450
21.27010 6.48760
21.27590 6.43220
21.27730 6.25630
21.27270 6.16660
21.27870 6.16810
21.27970 6.14120
21.26770 6.14840
21.27720 6.06830
21.28090 6.07800
21.27970 6.10250
21.28300 6.12960
21.27790 6.21950
21.27420 6.27260
21.27430 6.39090
21.27370 6.29480
21.26270 6.33120
