21.72010 18.76370
21.75280 18.36160
21.74190 18.17190
21.73920 18.29160
21.79930 17.08780
21.78030 17.21490
21.77960 17.27110
21.76900 17.33290
21.78790 17.02030
21.69520 18.99250
21.72920 18.35590
21.74450 17.88720
21.80600 16.78650
21.74090 18.01860
21.71590 18.61820
21.73520 18.12690
21.77330 17.04250
21.72620 17.93610
21.75220 17.18310
21.78390 16.44640
21.81560 16.20910
21.75160 17.60230
21.71490 19.07000
21.76910 17.06000
21.75680 17.03710
21.66710 19.21880
21.65140 19.85000
21.69450 18.69200
21.69250 18.75540
21.70730 18.43930
