22.19140 6.98450 1.27680
22.20060 6.81670 1.24370
22.20460 6.71480 1.23080
22.20590 6.74830 1.24550
22.22840 6.48420 1.20380
22.21820 6.52580 1.21390
22.22320 6.58850 1.20590
22.21700 6.61060 1.21880
22.22570 6.57030 1.19150
22.19860 6.96360 1.28870
22.20960 6.83570 1.26030
22.21450 6.77350 1.26540
22.23440 6.53440 1.19650
22.21530 6.81690 1.28270
22.20520 6.91310 1.28870
22.20890 6.80670 1.28020
22.21270 6.58850 1.24690
22.19880 6.81030 1.29490
22.19740 6.63080 1.26280
22.20760 6.44240 1.23400
22.22660 6.33840 1.20420
22.20990 6.64090 1.27130
22.19760 6.79960 1.29900
22.21000 6.53490 1.23780
22.19890 6.54780 1.25280
22.16880 7.04170 1.34440
22.17110 7.13280 1.35100
22.18410 6.93070 1.32860
22.18240 6.93350 1.32110
22.18930 6.86870 1.30930
