22.78960 19.77070
22.83530 18.55770
22.82520 18.48860
22.86650 15.83300
22.84700 17.25770
22.80070 19.53210
22.82880 18.17850
22.91410 14.70110
23.01840 12.66960
22.94650 14.54050
22.92060 14.21000
22.89320 15.14140
22.90610 15.44760
22.90170 15.64060
22.84380 16.91480
22.87700 16.72410
22.91100 15.74280
22.86320 17.70450
22.93410 15.21750
22.92510 15.10490
22.91530 15.83280
22.99520 13.71680
22.90040 17.86290
23.04050 13.11790
22.89990 18.10810
22.87260 18.81390
22.95960 15.35650
23.02570 14.18870
23.07000 13.10830
23.02740 13.68210
