23.23210 14.08390 1.00000
23.48600 11.64520 1.00000
23.25900 13.43120 1.00000
23.20080 12.14020 1.00000
23.27670 12.39090 1.00000
23.25260 13.64060 1.00000
23.27340 12.78900 1.00000
23.23840 11.40870 1.00000
17.20700 0.06130 4.00000
23.27280 11.49980 1.00000
23.23690 11.02300 1.00000
23.29210 11.39540 1.00000
23.23390 11.98490 1.00000
23.29810 12.11620 1.00000
23.20380 12.55960 1.00000
23.23260 12.42070 1.00000
23.30850 12.12120 1.00000
23.28260 13.13610 1.00000
23.26940 11.89310 1.00000
23.31670 11.85110 1.00000
23.31360 12.20350 1.00000
18.02670 0.07840 4.00000
23.32290 13.17770 1.00000
19.21030 0.11820 4.00000
23.32730 13.17880 1.00000
23.30700 13.54020 1.00000
21.23130 0.01370 4.00000
20.86220 0.01420 4.00000
20.16950 0.17930 4.00000
20.32170 0.01510 4.00000
