22.04180 8.91480 2.31430
22.03060 9.06040 2.34610
22.11480 8.03720 2.17990
22.09970 8.15770 2.19680
22.10270 8.15360 2.19220
22.04650 8.93060 2.34950
21.94290 10.29250 2.54940
21.99890 9.61490 2.47210
21.99630 9.75300 2.48860
21.98680 9.95110 2.50740
22.01210 9.60700 2.44300
22.03180 9.32440 2.40890
22.08190 8.67110 2.28350
22.15690 7.79880 2.12670
22.16030 7.66380 2.09400
22.06480 8.62350 2.25080
22.07380 8.62360 2.25170
22.08090 8.48920 2.23000
22.03520 8.99670 2.33200
22.05780 8.75940 2.29940
22.07900 8.41450 2.22420
22.08970 8.34400 2.20770
22.09980 8.19080 2.18180
22.11330 8.06740 2.16970
22.13610 7.79010 2.10390
22.15580 7.54370 2.02380
22.18610 7.19790 1.95920
22.16540 7.41380 2.00260
22.19710 7.08720 1.92330
22.18400 7.28740 1.96240
