21.51310 20.63430
21.51610 20.48470
21.57490 19.20740
21.55750 19.42720
21.56040 19.46760
21.53420 20.14800
21.47500 21.32090
21.51330 20.70580
21.51460 20.89060
21.50710 21.25160
21.51640 21.09550
21.52890 20.72330
21.55150 20.31490
21.60310 19.29800
21.60040 19.16380
21.52230 20.54040
21.53190 20.55730
21.53290 20.43650
21.50830 20.75010
21.53000 20.31060
21.53580 20.07870
21.54440 20.06610
21.55280 19.81400
21.57050 19.43220
21.57750 19.36490
21.57580 19.69080
21.59920 19.12850
21.59050 19.07210
21.61700 18.60230
21.60540 18.90500
