22.47550 7.14440
22.45590 7.14440
22.45370 7.14440
22.45420 7.14440
22.44750 7.14440
22.45910 7.14440
22.46220 7.14440
22.46350 7.14440
22.43980 7.14440
22.46870 7.14440
22.46330 7.14440
22.46710 7.14440
22.47350 7.14440
22.48340 7.14440
22.48220 7.14440
22.47200 7.14440
22.49350 7.14440
22.46370 7.14440
22.44810 7.14440
22.46220 7.14440
22.43620 7.14440
22.42070 7.14440
22.41050 7.14440
22.39810 7.14440
22.39820 7.14440
22.42190 7.14440
22.42960 7.14440
22.40750 7.14440
22.39590 7.14440
22.39620 7.14440
