21.85360 15.19710
21.87000 14.86330
21.89090 14.64230
21.89620 14.58760
21.91530 14.19300
21.91970 14.13430
21.90690 14.54600
21.88880 14.87330
21.88640 14.87680
21.89990 14.76280
21.88540 14.90930
21.90050 14.20110
21.88060 14.47220
21.88870 14.33680
21.86870 14.37370
21.87840 14.24020
21.87980 14.41740
21.87360 14.39680
21.86930 14.49260
21.88080 14.40570
21.85670 14.55340
21.86620 14.58930
21.84590 15.12330
21.76680 17.60450
21.74280 18.15270
21.75620 17.99820
21.75580 17.91590
21.74280 18.22120
21.69590 19.08960
21.68970 19.34780
