22.18050 11.38410 1.00000
22.27560 10.91740 1.00000
22.29260 10.82920 1.00000
22.21270 11.06180 1.00000
22.30970 10.60810 1.00000
22.22700 10.85570 1.00000
22.30490 10.83570 1.00000
22.20720 11.21560 1.00000
22.20490 11.20510 1.00000
22.21650 11.19410 1.00000
22.28820 10.95550 1.00000
22.20950 10.88960 1.00000
22.19600 11.02300 1.00000
22.20080 10.97260 1.00000
22.18250 11.01370 1.00000
22.27140 10.70140 1.00000
22.19420 11.02080 1.00000
22.27030 10.78540 1.00000
22.26790 10.85440 1.00000
22.28030 10.82930 1.00000
22.25550 10.88210 1.00000
22.26890 10.89420 1.00000
22.17450 11.23600 1.00000
22.13390 12.17170 1.00000
22.11560 12.48860 1.00000
22.19840 12.15140 1.00000
22.12230 12.46130 1.00000
22.12160 12.33720 1.00000
22.15170 12.57500 1.00000
22.14990 12.65940 1.00000
