22.03210 5.40750 1.00000
22.02680 5.50150 1.00000
22.02660 5.44500 1.00000
22.03050 5.48710 1.00000
22.04310 5.44480 1.00000
22.03180 5.50940 1.00000
22.02530 5.65080 1.00000
22.03740 5.61500 1.00000
22.03380 5.66860 1.00000
22.03360 5.49990 1.00000
22.04070 5.45160 1.00000
22.01630 5.51560 1.00000
22.03280 5.44720 1.00000
22.02030 5.51740 1.00000
22.02560 5.45920 1.00000
22.02660 5.45070 1.00000
22.02290 5.41840 1.00000
22.03250 5.43750 1.00000
22.03610 5.34340 1.00000
22.03290 5.45920 1.00000
22.04550 5.36460 1.00000
22.04400 5.33920 1.00000
22.03540 5.41050 1.00000
22.02890 5.41180 1.00000
22.00530 5.60170 1.00000
22.02280 5.54780 1.00000
22.01110 5.65210 1.00000
22.01990 5.70540 1.00000
22.01800 5.73300 1.00660
22.02520 5.59860 1.00000
