21.75400 13.58870
21.73680 14.18060
21.74620 13.80800
21.75420 13.63200
21.76780 14.06410
21.74640 13.74650
21.69850 14.31720
21.71870 14.18700
21.68820 15.17560
21.74650 13.62020
21.76290 14.04410
21.70510 13.91920
21.74470 14.27530
21.71550 14.19440
21.75630 13.57780
21.74840 14.06630
21.75460 13.59590
21.74680 13.65290
21.77450 13.06000
21.75470 13.53820
21.79200 13.81870
21.81140 12.99790
21.76400 13.39440
21.76130 13.11580
21.68590 14.48850
21.71790 14.41800
21.67830 14.95770
21.68570 14.72740
21.68020 14.84830
21.72050 14.13980
