22.82070 19.74060
22.70800 22.57800
22.74630 21.41280
22.83290 19.29590
22.83980 19.04160
22.98650 16.56940
23.03130 15.84030
22.96780 16.47180
23.03470 15.87030
22.99840 16.13950
22.99060 16.79030
22.98980 16.84310
22.93230 18.44720
23.05340 16.01000
23.04000 16.05650
22.79680 21.43830
22.94430 18.66710
23.00670 17.58460
23.05690 16.65900
23.04430 17.14460
23.03270 17.31480
22.85610 20.20660
22.97810 18.49850
22.96630 18.56310
22.88050 20.31890
23.04220 17.55940
23.11720 16.30190
23.17880 15.26060
23.19520 14.97630
23.14600 15.71440
