23.35300 11.56580 1.00000
23.14910 14.19170 1.22270
23.31240 12.06010 1.00000
23.36570 11.24740 1.00000
23.37170 11.17440 1.00000
23.46170 9.83030 1.00000
23.53050 8.09730 1.00000
23.44920 9.65040 1.00000
23.49430 9.40110 1.00000
23.47040 9.46080 1.00000
23.46820 9.80410 1.00000
23.46770 9.76500 1.00000
23.43250 11.19080 1.00000
23.51210 9.38010 1.00000
23.50180 9.43370 1.00000
22.97660 17.59010 1.67930
23.32670 12.47410 1.23710
23.28930 12.92410 1.43180
23.30030 12.71670 1.50490
23.35850 12.17950 1.35360
23.39260 11.82580 1.25490
23.00030 17.19090 1.73850
23.27890 13.33330 1.40490
23.16910 14.78690 1.61170
22.92250 19.37270 1.92410
23.51730 11.04880 1.00000
23.57030 10.09920 1.00000
23.62200 9.52820 1.00000
23.63540 9.25910 1.00000
23.58880 9.79760 1.00000
