#iter           logP0016       logPprior       dS              accept          acceptance      weight          l0000p00spemd    l0000p01spemd    l0000p02spemd    l0000p03spemd    l0000p04spemd    l0000p06spemd    e00001lb01t03p02  e00001lb01t03p03  e00001lb01t03p04  e00001lb01t03p05  e00001lb01t03p06  e00001lb02t01p00  e00001lb02t01p01  e00001lb02t01p02  e00001lb03t01p00  e00001lb03t01p01  e00001lb03t01p02 
#pname          --------       ---------       --              ------          ----------      ------          x-coord          y-coord          b/a              theta            theta_e          gam              unknown          unknown          unknown          unknown          unknown          unknown          unknown          unknown          unknown          unknown          unknown         
0              4.242160e+03    5.641729e+00    5.000000e-02    1               1.000000        1.000000e+00    +3.94000000e+00  +3.94000000e+00  +6.50000000e-01  -1.17300000e+00  +1.63000000e+00  +6.00000000e-01  +9.00000000e-01  +2.09000000e+00  +1.14808000e-01  +1.95000000e+00  +5.00000000e+00  +1.92000000e+00  +3.04000000e+00  +1.00000000e+03  +4.96000000e+00  +4.48000000e+00  +2.90000000e+03 
1              4.449911e+03    5.639091e+00    5.000000e-02    1               1.000000        1.000000e+00    +3.93478758e+00  +3.94256792e+00  +6.49021888e-01  -1.18183742e+00  +1.62541036e+00  +6.00325428e-01  +8.98635228e-01  +2.08929537e+00  +1.18711218e-01  +1.95289640e+00  +5.00983831e+00  +1.91999780e+00  +3.04130285e+00  +1.00029283e+03  +4.95965159e+00  +4.48007513e+00  +2.89741009e+03 
8              4.500922e+03    5.639530e+00    5.000000e-02    1               0.333333        7.000000e+00    +3.93480993e+00  +3.94109471e+00  +6.48159139e-01  -1.18290686e+00  +1.63819742e+00  +5.99589036e-01  +8.98160086e-01  +2.08563774e+00  +1.09448828e-01  +1.95258955e+00  +5.00386984e+00  +1.92108715e+00  +3.04118485e+00  +1.00030588e+03  +4.95910370e+00  +4.48071028e+00  +2.89743363e+03 
11             4.596838e+03    5.635141e+00    5.000000e-02    1               0.333333        3.000000e+00    +3.93972944e+00  +3.94917841e+00  +6.48898297e-01  -1.18334031e+00  +1.64122027e+00  +5.99355491e-01  +9.00641179e-01  +2.08460885e+00  +1.09763349e-01  +1.95188959e+00  +5.00864037e+00  +1.92187032e+00  +3.04128619e+00  +1.00104560e+03  +4.95904587e+00  +4.48109444e+00  +2.89503291e+03 
13             4.667742e+03    5.629406e+00    5.000000e-02    1               0.357143        2.000000e+00    +3.93721473e+00  +3.95224612e+00  +6.46608220e-01  -1.18716086e+00  +1.63755717e+00  +5.99189627e-01  +9.03461694e-01  +2.08228525e+00  +1.12055787e-01  +1.95000641e+00  +5.00318163e+00  +1.92249511e+00  +3.04175405e+00  +1.00122411e+03  +4.95774848e+00  +4.48120082e+00  +2.89423053e+03 
14             4.699401e+03    5.632388e+00    5.000000e-02    1               0.400000        1.000000e+00    +3.93562081e+00  +3.95001902e+00  +6.45646892e-01  -1.19418509e+00  +1.64080374e+00  +5.98278637e-01  +9.04066937e-01  +2.07823751e+00  +1.09898043e-01  +1.95214919e+00  +5.00674742e+00  +1.92249850e+00  +3.04126527e+00  +1.00019427e+03  +4.95794847e+00  +4.48129157e+00  +2.89263507e+03 
17             4.820584e+03    5.639840e+00    5.000000e-02    1               0.388889        3.000000e+00    +3.93569910e+00  +3.94238297e+00  +6.47024914e-01  -1.19782787e+00  +1.64505662e+00  +5.98291919e-01  +9.02386404e-01  +2.07499551e+00  +1.10896762e-01  +1.95577232e+00  +5.00752307e+00  +1.92219438e+00  +3.04167400e+00  +9.99303390e+02  +4.95842309e+00  +4.48076969e+00  +2.89286241e+03 
19             4.868373e+03    5.631085e+00    5.000000e-02    1               0.400000        2.000000e+00    +3.93147033e+00  +3.94796792e+00  +6.45993195e-01  -1.19189614e+00  +1.64706837e+00  +5.98033600e-01  +9.00615269e-01  +2.07299759e+00  +1.12793139e-01  +1.95527572e+00  +5.00707772e+00  +1.92143337e+00  +3.04218191e+00  +9.99451477e+02  +4.95824977e+00  +4.47986176e+00  +2.89294127e+03 
20             4.878258e+03    5.620875e+00    5.000000e-02    1               0.428571        1.000000e+00    +3.93279736e+00  +3.95466437e+00  +6.43989126e-01  -1.18906616e+00  +1.64786845e+00  +5.98050370e-01  +9.00759301e-01  +2.07058198e+00  +1.13175646e-01  +1.95644006e+00  +4.99966581e+00  +1.92243402e+00  +3.04226314e+00  +9.99274020e+02  +4.95834513e+00  +4.47956762e+00  +2.89158508e+03 
21             4.884281e+03    5.603959e+00    5.000000e-02    1               0.454545        1.000000e+00    +3.92955333e+00  +3.95934724e+00  +6.41678652e-01  -1.18894687e+00  +1.64608516e+00  +5.98651552e-01  +9.00403640e-01  +2.07396169e+00  +1.15584795e-01  +1.95679958e+00  +5.00980852e+00  +1.92236532e+00  +3.04292114e+00  +9.99165535e+02  +4.95827467e+00  +4.47966180e+00  +2.89056444e+03 
24             5.024438e+03    5.611106e+00    5.000000e-02    1               0.440000        3.000000e+00    +3.92978105e+00  +3.95695709e+00  +6.42416285e-01  -1.18744499e+00  +1.64659659e+00  +5.98066259e-01  +9.00356963e-01  +2.07566597e+00  +1.20200492e-01  +1.95466383e+00  +5.01982219e+00  +1.92255098e+00  +3.04295981e+00  +1.00069527e+03  +4.95854979e+00  +4.47992830e+00  +2.89164579e+03 
27             5.141252e+03    5.622927e+00    5.000000e-02    1               0.428571        3.000000e+00    +3.92793895e+00  +3.94975650e+00  +6.41954831e-01  -1.18916995e+00  +1.64180164e+00  +5.97973286e-01  +8.99602895e-01  +2.06829669e+00  +1.25237307e-01  +1.95519728e+00  +5.02107828e+00  +1.92236701e+00  +3.04229059e+00  +9.99688890e+02  +4.95835704e+00  +4.48025007e+00  +2.89178399e+03 
31             5.295009e+03    5.613535e+00    5.000000e-02    1               0.406250        4.000000e+00    +3.92389130e+00  +3.95006936e+00  +6.42227203e-01  -1.19461880e+00  +1.65479831e+00  +5.97038070e-01  +8.98759518e-01  +2.07109246e+00  +1.24866456e-01  +1.95088384e+00  +5.01589899e+00  +1.92220067e+00  +3.04277148e+00  +1.00056594e+03  +4.95813413e+00  +4.48055480e+00  +2.89236188e+03 
36             5.364317e+03    5.601446e+00    5.000000e-02    1               0.378378        5.000000e+00    +3.91995023e+00  +3.95065972e+00  +6.43153481e-01  -1.18541644e+00  +1.65373441e+00  +5.96560008e-01  +8.97788119e-01  +2.06181222e+00  +1.26959048e-01  +1.95168229e+00  +5.02222485e+00  +1.92164985e+00  +3.04366974e+00  +1.00052030e+03  +4.95784179e+00  +4.48120636e+00  +2.89102418e+03 
42             5.396818e+03    5.587085e+00    5.000000e-02    1               0.348837        6.000000e+00    +3.91476370e+00  +3.94791026e+00  +6.41437975e-01  -1.19044579e+00  +1.65142450e+00  +5.96598215e-01  +8.99844286e-01  +2.05923314e+00  +1.29967728e-01  +1.95621867e+00  +5.01741704e+00  +1.92155757e+00  +3.04403407e+00  +1.00037119e+03  +4.95730058e+00  +4.48091123e+00  +2.88952876e+03 
43             5.415375e+03    5.619572e+00    5.000000e-02    1               0.363636        1.000000e+00    +3.92326596e+00  +3.94188969e+00  +6.40443138e-01  -1.18372434e+00  +1.66443258e+00  +5.96488530e-01  +9.00592356e-01  +2.04973759e+00  +1.24127134e-01  +1.95730848e+00  +5.02291933e+00  +1.92147847e+00  +3.04241091e+00  +1.00048571e+03  +4.95783997e+00  +4.48205566e+00  +2.88763478e+03 
49             5.549911e+03    5.600517e+00    5.000000e-02    1               0.340000        6.000000e+00    +3.91765454e+00  +3.94530955e+00  +6.42270946e-01  -1.18523338e+00  +1.66665909e+00  +5.96726212e-01  +9.00629785e-01  +2.05554781e+00  +1.24787148e-01  +1.95999559e+00  +5.02200804e+00  +1.92068333e+00  +3.04202957e+00  +1.00088567e+03  +4.95746209e+00  +4.48182928e+00  +2.88726313e+03 
51             5.566771e+03    5.598809e+00    5.000000e-02    1               0.346154        2.000000e+00    +3.91984352e+00  +3.95196170e+00  +6.41970730e-01  -1.18599907e+00  +1.66319750e+00  +5.96748646e-01  +8.98214232e-01  +2.06174785e+00  +1.32860891e-01  +1.96100738e+00  +5.01511987e+00  +1.91997518e+00  +3.04248200e+00  +1.00039662e+03  +4.95766493e+00  +4.48216018e+00  +2.88728642e+03 
52             5.614781e+03    5.567943e+00    5.000000e-02    1               0.358491        1.000000e+00    +3.91162316e+00  +3.95179883e+00  +6.42042716e-01  -1.18209956e+00  +1.66410458e+00  +5.96569933e-01  +8.98395591e-01  +2.05359201e+00  +1.33464737e-01  +1.96237243e+00  +5.01706925e+00  +1.91960879e+00  +3.04286281e+00  +9.99904978e+02  +4.95678978e+00  +4.48142799e+00  +2.88721020e+03 
55             5.726380e+03    5.590489e+00    5.000000e-02    1               0.357143        3.000000e+00    +3.91601508e+00  +3.94897735e+00  +6.42520946e-01  -1.19296872e+00  +1.67292107e+00  +5.97146699e-01  +8.97551221e-01  +2.05022371e+00  +1.32779990e-01  +1.96408130e+00  +5.00601202e+00  +1.92022026e+00  +3.04300615e+00  +1.00073387e+03  +4.95698326e+00  +4.48186463e+00  +2.88767593e+03 
60             5.744448e+03    5.584195e+00    5.000000e-02    1               0.344262        5.000000e+00    +3.91366725e+00  +3.94655849e+00  +6.42116072e-01  -1.20211520e+00  +1.67874142e+00  +5.97336894e-01  +8.96511339e-01  +2.05124287e+00  +1.33816694e-01  +1.96274072e+00  +5.00676475e+00  +1.92034801e+00  +3.04276209e+00  +1.00089175e+03  +4.95705299e+00  +4.48228183e+00  +2.88928378e+03 
62             5.781985e+03    5.569968e+00    5.000000e-02    1               0.349206        2.000000e+00    +3.91024637e+00  +3.94576659e+00  +6.40493737e-01  -1.20042008e+00  +1.67813133e+00  +5.96870385e-01  +8.94993570e-01  +2.06022747e+00  +1.38908188e-01  +1.96155783e+00  +5.01564357e+00  +1.92004949e+00  +3.04347277e+00  +1.00066757e+03  +4.95601384e+00  +4.48230547e+00  +2.88873295e+03 
64             5.821452e+03    5.551925e+00    5.000000e-02    1               0.353846        2.000000e+00    +3.90651366e+00  +3.94530593e+00  +6.39279608e-01  -1.19424266e+00  +1.67913516e+00  +5.96966679e-01  +8.98166466e-01  +2.06218826e+00  +1.40909766e-01  +1.95688673e+00  +5.01425716e+00  +1.92064955e+00  +3.04349695e+00  +1.00080643e+03  +4.95547696e+00  +4.48255012e+00  +2.88957605e+03 
