21.59140 15.22570
21.63890 14.54300
21.65700 14.01790
21.65780 14.11150
21.65740 14.01300
21.66790 14.16000
21.68110 13.87540
21.66490 14.09370
21.68880 13.76330
21.68550 13.60020
21.68440 13.76770
21.69240 13.57410
21.70970 13.28610
21.69350 13.77030
21.72090 13.36130
21.69000 13.72590
21.67720 13.79040
21.68190 13.82740
21.68940 13.66020
21.66190 13.84860
21.71100 13.28800
21.71690 13.49500
21.73190 13.36800
21.74170 13.22870
21.68520 14.09190
21.68930 13.83840
21.66980 14.09260
21.63960 14.88270
21.63180 14.99310
21.66980 14.54130
