23.04600 7.32140 1.00000
23.04880 7.40840 1.00000
23.05830 7.25080 1.00000
23.07670 7.23420 1.00000
23.06860 7.40360 1.00000
23.06840 7.46870 1.00000
23.05300 7.81090 1.00000
23.06270 7.80060 1.00000
23.13920 7.69440 1.00000
23.14340 7.71430 1.00000
23.09280 7.74340 1.00000
23.18350 7.76630 1.00000
23.16100 7.73750 1.00000
23.07400 7.62280 1.00000
23.08930 7.70060 1.00000
23.11070 7.77580 1.00000
23.09980 7.77490 1.00000
23.16630 8.74020 1.00000
23.14150 7.66670 1.00000
23.16450 8.63580 1.00000
23.17250 9.55190 1.00000
23.10760 10.07630 1.00000
23.13990 10.09140 1.00000
23.10050 11.62930 1.00000
23.10120 11.29410 1.00000
23.16370 9.17970 1.00000
23.11690 11.16650 1.00000
23.09000 10.81280 1.00000
23.12210 9.97120 1.00000
23.16350 8.52180 1.00000
