22.79370 7.84750
22.79980 8.03820
22.81600 7.74830
22.82700 7.64180
22.81580 8.00840
22.82120 8.10630
22.79830 8.74070
22.80470 8.73680
22.79190 8.62270
22.79680 8.65160
22.81990 8.59150
22.83660 8.77890
22.81150 8.77750
22.81920 8.47480
22.83010 8.64230
22.84040 8.84440
22.82830 8.85430
22.84360 10.61380
22.79450 8.59880
22.80670 10.54110
22.77900 12.41200
22.75030 12.89120
22.72610 13.63320
22.64080 16.89040
22.64750 16.19450
22.83040 11.55330
22.65470 16.16090
22.64680 15.71430
22.75730 13.02530
22.79210 10.47380
