21.97440 26.25230
21.91860 27.99260
21.96080 26.45690
21.95890 26.50420
21.93930 27.04620
21.94430 27.36900
21.93070 27.78360
21.94020 27.61300
21.96350 26.92590
21.95920 27.23690
21.99300 25.98350
21.96690 26.93480
21.98360 26.60680
21.96870 27.28390
21.96420 27.45910
21.95900 27.27500
22.00620 25.86410
21.98660 26.62420
21.95590 27.36250
21.94500 27.67450
21.94430 27.70130
21.95370 27.39550
21.96480 26.70390
21.96780 26.51210
21.99160 25.60770
21.98590 25.94620
21.96570 26.36540
21.96140 26.15940
21.97160 25.72240
21.97050 25.85420
