22.29970 8.34520
22.31580 7.97470
22.30970 8.06770
22.29580 8.18340
22.30760 7.99980
22.28720 8.30340
22.23090 8.83450
22.25150 8.50380
22.27670 8.10710
22.25540 8.45310
22.26090 8.49930
22.26180 8.38610
22.23930 8.67810
22.22740 8.62720
22.25260 8.38760
22.24490 8.60140
22.26170 8.46150
22.25290 8.79630
22.26630 8.43200
22.27030 8.34970
22.27760 8.32650
22.27230 8.22140
22.24720 8.51910
22.24960 8.43080
22.24700 8.62360
22.26210 8.41030
22.23600 8.53490
22.25130 8.61440
22.22840 9.03760
22.25490 8.56450
