24.06590 9.02950 1.00000
24.04710 10.02520 1.00000
24.04880 9.62630 1.00000
24.08710 9.06700 1.00000
24.09680 9.13240 1.00000
24.07980 8.99910 1.00000
24.10090 9.11900 1.00000
24.11920 8.98840 1.00000
24.10490 8.89020 1.00000
24.04860 8.49600 1.00000
24.03460 8.31450 1.00000
24.13710 8.20440 1.00000
24.03750 8.37410 1.00000
23.99380 9.00760 1.00000
24.06890 8.78490 1.00000
24.03920 8.15460 1.00000
23.97500 7.99230 1.00000
23.94840 7.66020 1.00000
23.93870 7.67380 1.00000
23.99110 7.81980 1.00000
23.98120 7.74690 1.00000
23.98400 7.62960 1.00000
24.02560 7.58310 1.00000
24.02020 7.86800 1.00000
24.00150 7.93490 1.00000
23.98540 8.18370 1.00000
23.95300 7.82420 1.00000
23.93160 7.91450 1.00000
24.03620 7.66170 1.00000
24.05910 7.69050 1.00000
