21.48920 6.86670 1.00610
21.48770 6.84470 1.00330
21.48030 6.86590 1.00080
21.48670 6.78650 1.00000
21.48710 6.84490 1.00000
21.47880 6.95530 1.00830
21.47180 6.99860 1.01090
21.48190 6.91170 1.00000
21.48850 6.84140 1.00000
21.49200 6.80090 1.00000
21.49280 6.87140 1.00000
21.49290 6.88640 1.00000
21.49160 6.86640 1.00000
21.49550 6.80860 1.00000
21.49060 6.83140 1.00000
21.49680 6.79050 1.00000
21.50210 6.70040 1.00000
21.50130 6.65970 1.00000
21.50140 6.67490 1.00000
21.50100 6.65490 1.00000
21.49700 6.65570 1.00000
21.50350 6.62580 1.00000
21.50920 6.60850 1.00000
21.50640 6.62110 1.00000
21.50750 6.62390 1.00000
21.50190 6.67210 1.00000
21.49390 6.70730 1.00000
21.49490 6.76050 1.00000
21.49960 6.72200 1.00000
21.48910 6.77470 1.00000
