22.35510 8.27160
22.36710 7.80490
22.35820 7.99310
22.34700 7.93630
22.34490 7.77850
22.32980 7.83630
22.30360 7.85170
22.30840 7.94100
22.32140 7.83030
22.30380 8.08070
22.32390 7.88870
22.29440 7.69390
22.29750 8.27680
22.30150 8.10010
22.31330 7.60660
22.30300 7.86690
22.25260 8.41840
22.26350 8.15110
22.27310 8.24270
22.26320 8.03980
22.26350 7.96820
22.28080 7.44310
22.29100 7.38650
22.28630 7.26500
22.30000 7.31560
22.29650 7.12480
22.29050 7.20940
22.28840 7.25750
22.30070 7.14140
22.28680 7.37080
