22.78850 54.91350
22.59620 68.33710
22.62980 64.30710
22.71850 61.36890
22.72240 62.30710
22.72000 60.57420
22.73830 61.05110
22.77900 58.09380
22.76120 58.06720
22.89520 47.42940
22.93240 45.71250
22.92400 48.12320
22.90940 47.15450
22.74940 55.84080
22.74750 56.82530
22.81300 49.77350
22.87340 44.28310
22.85600 42.50500
22.86050 42.04480
22.74840 48.22860
22.76080 47.08630
22.78050 46.11460
22.82330 45.44590
22.79090 48.24240
22.77150 49.18520
22.68720 53.12250
22.84510 43.93710
22.81530 44.33240
22.86370 45.11640
22.89170 45.35220
