 24 52 1
 24 53 0
 24 54 0
 24 55 1
 25 56 9
 26 58 9
 27 59 9
 28 60 -1
 29 61 9
 30 62 9
 31 63 9
 32 64 -1
 33 65 9
 34 65 9
 35 66 9
 36 66 9
 37 67 9
 38 67 9
 39 68 9
 40 68 9
 41 69 -1
 42 69 9
 43 70 9
 44 70 9
 45 70 9
 46 71 9
 47 71 9
 48 71 9
 49 72 9
 50 72 9
 51 72 9
 52 73 9
 53 73 9
 54 73 9
 55 74 9
 56 74 -1
 57 74 9
 58 73 9
 59 73 9
 60 73 9
 61 72 9
 62 72 9
 63 72 9
 64 71 9
 65 71 -1
 66 70 9
 67 69 9
 68 68 9
 69 67 9
 70 66 9
 71 65 -1
 72 64 9
 73 62 9
 74 61 9
 75 59 9
 76 58 1
 75 47 -1
 74 45 9
 73 42 9
 72 40 -1
 71 39 9
 70 38 9
 69 37 9
 68 36 9
 67 35 9
 66 34 9
 65 33 9
 64 32 -1
 63 32 9
 62 31 9
 61 31 9
 60 30 -1
 59 30 9
 58 30 9
 57 30 9
 56 30 9
 55 30 9
 54 31 9
 53 31 9
 52 31 9
 51 31 9
 50 31 9
 49 31 9
 48 31 -1
 47 31 9
 46 31 9
 45 31 9
 44 31 9
 43 32 9
 42 32 9
 41 32 9
 40 32 9
 39 32 9
 38 32 1
 39 34 9
 40 35 9
 41 37 9
 42 39 9
 43 40 9
 44 42 -1
 45 41 -1
 46 41 9
 47 41 9
 48 41 9
 49 41 -1
 50 41 9
 51 42 9
 52 42 9
 53 43 9
 54 43 -1
 55 45 9
 56 46 9
 57 48 1
 56 54 -1
 55 54 9
 54 55 9
 53 55 9
 52 56 9
 51 56 -1
 50 56 9
 49 55 9
 48 55 9
 47 55 9
 46 54 9
 45 54 -1
 44 52 9
 43 51 9
 42 49 1
 43 41 1
 42 39 9
 41 37 9
 40 36 9
 39 34 9
 38 32 -1
 37 33 9
 36 33 9
 35 34 9
 34 34 9
 33 35 9
 32 36 9
 31 36 9
 30 37 9
 29 38 9
 28 38 9
 27 39 9
 26 39 9
 25 40 -1
