 32.103848 63.758942 
 41.309666 68.927116 
 55.522156 73.772285 
 65.374001 70.542175 
 71.188194 65.050987 
 75.871857 57.621731 
 75.064331 47.446877 
 71.672714 40.017620 
 63.597435 32.265350 
 59.537609 30.349472 
 47.635300 30.677214 
 38.408340 31.787979 
 43.923500 41.534618 
 44.943542 41.040489 
 49.384945 41.040489 
 54.230110 43.328484 
 57.191048 47.904476 
 56.329685 54.068607 
 51.000000 55.845165 
 45.347305 54.391617 
 42.117191 49.223438 
 43.086227 40.986652 
 38.008522 31.933369 
 24.836096 39.856113 
 23.705557 51.646023 
 24.351580 54.553123 
 28.066208 59.559795 
