23.17090 9.25480
23.16190 9.25480
23.14610 9.25480
23.14750 9.25480
23.16460 9.25480
23.15180 9.25480
23.15610 9.25480
23.16720 9.25480
23.15580 9.25480
23.15780 9.25480
23.17060 9.25480
23.19050 9.25480
23.19050 9.25480
23.17310 9.25480
23.18360 9.25480
23.19940 9.25480
23.20360 9.25480
23.21950 9.25480
23.23320 9.25480
23.24100 9.25480
23.25320 9.25480
23.24520 9.25480
23.24840 9.25480
23.23460 9.25480
23.25380 9.25480
23.22920 9.25480
23.22530 9.25480
23.21950 9.25480
23.20330 9.25480
23.20480 9.25480
