21.70690 24.05400
21.73800 23.11950
21.75550 22.53200
21.75130 22.56660
21.75730 22.95390
21.76010 22.42200
21.79200 21.74590
21.77810 21.72280
21.76270 21.69490
21.71600 23.08880
21.72870 23.42050
21.71070 23.81950
21.76630 22.04720
21.70430 23.80950
21.69420 24.43680
21.71940 23.49200
21.74660 22.24500
21.68930 24.00760
21.71460 23.21290
21.76790 20.80490
21.78960 20.75510
21.80320 20.52630
21.77060 21.03740
21.74790 21.27900
21.73800 21.31040
21.68800 22.99980
21.67090 23.67100
21.64810 24.82070
21.69920 23.18820
21.72630 22.38280
