22.47440 7.73200 1.59080
22.45830 7.73740 1.59600
22.47500 7.47010 1.51050
22.45030 7.67770 1.57500
22.43310 7.82880 1.61270
22.45120 7.74520 1.61600
22.46480 7.63860 1.57440
22.43070 8.01290 1.65750
22.38630 8.55500 1.78150
22.36540 8.93300 1.84140
22.34880 9.01970 1.86040
22.30480 9.26810 1.92880
22.33940 8.96850 1.84450
22.27980 9.72840 1.99810
22.21810 10.59540 2.19010
22.29390 9.41810 1.94290
22.30280 9.25160 1.90480
22.30810 9.38330 1.93140
22.25860 10.31990 2.03520
22.20200 11.28080 2.17310
22.29520 10.16790 1.99540
22.30110 10.00490 2.01440
22.32180 9.89520 1.93740
22.32110 9.87730 1.93460
22.22650 10.59700 2.07870
22.29020 10.09320 1.98200
22.31080 10.06760 1.98290
22.37280 9.33460 1.83880
22.37590 9.38470 1.84470
22.34880 9.45780 1.84530
