21.83420 127.50200
21.84070 124.68400
21.78720 131.62400
21.66100 148.54100
21.92740 117.77400
21.82850 127.54300
21.89400 117.33400
21.91260 115.93100
21.95600 112.96900
21.86440 123.53400
21.95180 117.35500
21.92940 122.61400
21.86500 128.87800
21.90070 126.23900
21.81850 138.56000
21.77030 148.28200
21.63030 175.47300
21.73160 153.79700
21.68480 165.30500
21.75410 157.20000
21.43590 210.17500
21.63160 179.16500
21.57640 194.37500
21.30520 246.00000
21.65910 166.91600
21.75120 154.85200
21.67960 165.26800
21.77280 150.72500
21.77550 146.17200
21.79230 146.89300
