22.39870 34.31470
22.51290 30.28940
22.49140 30.78170
22.56750 26.96530
22.53520 28.81990
22.40620 34.29520
22.46520 31.98460
22.67600 23.79100
22.79430 22.28690
22.68980 24.46150
22.66280 24.18230
22.54750 28.25740
22.51360 30.55730
22.50080 30.89740
22.40880 33.60570
22.47250 32.04490
22.58940 27.70260
22.44840 33.10080
22.60300 27.71040
22.58980 27.68960
22.55900 29.31750
22.67270 25.62990
22.57350 29.65080
22.70360 25.50760
22.55790 30.50480
22.52760 31.30920
22.53670 31.01630
22.66020 27.32400
22.74470 24.98090
22.69180 25.75930
