21.79910 13.20990
21.80810 13.04440
21.79460 13.25470
21.78240 13.35690
21.77910 13.27110
21.78250 13.25210
21.78240 13.26290
21.79160 12.94200
21.79040 12.96620
21.79320 12.94790
21.78910 13.11290
21.79480 13.09760
21.79600 13.11790
21.80090 13.03510
21.79140 13.16940
21.80950 13.00930
21.81500 12.93910
21.81990 12.95610
21.82250 12.76060
21.82590 12.87400
21.85750 12.33250
21.86400 12.24450
21.86950 12.20340
21.87270 12.09450
21.86990 12.22770
21.85850 12.37020
21.84650 12.50480
21.84490 12.55140
21.84550 12.60890
21.83660 12.63850
