21.42190 13.47390
21.40660 13.47150
21.40420 13.54360
21.42290 13.28840
21.41600 13.34300
21.38760 13.70890
21.38500 13.60950
21.38290 13.67110
21.35970 13.94450
21.35230 13.96790
21.36990 13.73950
21.34560 13.84790
21.36670 13.69170
21.36230 13.79300
21.36330 13.90270
21.35120 14.00060
21.32750 14.18790
21.32520 14.36390
21.33710 14.33890
21.33080 14.37740
21.33490 14.22640
21.36530 13.89060
21.38130 13.75180
21.35440 14.16460
21.35420 14.08110
21.35000 14.05780
21.36210 13.98000
21.38440 13.83170
21.37980 13.84060
21.36950 14.03140
