22.37320 16.32510
22.34030 16.86630
22.31930 17.33310
22.31480 19.19470
22.31350 18.70530
22.26900 20.01150
22.18790 22.29810
22.21840 22.13940
22.31340 17.47760
22.34050 19.76920
22.35660 18.90390
22.40420 15.88280
22.38230 16.32840
22.32120 17.66170
22.32980 19.91340
22.30440 20.17880
22.20420 27.37820
22.36660 18.29470
22.39890 18.32510
22.37210 18.60240
22.35580 18.63510
22.35680 19.30650
22.38960 19.05150
22.40920 19.28510
22.42910 19.01350
22.30540 26.14450
22.44180 17.90820
22.32480 26.07960
22.36900 26.53750
22.31380 27.34910
