22.22340 14.38740
22.19060 15.25350
22.11440 16.20980
22.10710 16.44840
22.11120 16.32890
22.18100 15.66450
22.06000 17.97610
22.06360 18.09410
22.13810 16.25870
22.14820 16.14550
22.13290 16.28380
22.14440 16.10130
22.11400 16.47320
22.13310 16.08800
22.20210 15.06690
22.06710 17.35320
22.14870 15.47710
22.18420 14.77190
22.11300 16.01890
22.04780 17.23240
22.15030 15.59080
22.06000 17.44800
22.06550 17.52440
22.06430 17.41520
22.09320 17.13570
22.10030 17.03560
22.13240 16.11040
22.15210 15.97120
21.93950 19.78180
21.96450 19.47290
