21.68510 20.63470
21.70450 20.16460
21.72690 20.04030
21.72640 20.22870
21.74660 19.83870
21.74990 19.91340
21.72790 20.57110
21.71850 20.55860
21.71600 20.44630
21.73110 20.31750
21.71560 20.41790
21.74270 19.74300
21.72470 19.96170
21.73020 19.93920
21.71480 19.91690
21.71770 20.02800
21.71710 20.06360
21.71300 20.06470
21.70810 20.21600
21.71180 20.30190
21.69610 20.27540
21.69530 20.54850
21.67720 20.51140
21.61260 22.18120
21.59320 22.52920
21.60560 22.32720
21.60370 22.37900
21.59340 22.60140
21.55670 23.13110
21.55120 23.32230
