22.18230 10.70540 1.00000
22.19480 10.53870 1.00000
22.21310 10.47700 1.00000
22.21770 10.49280 1.00000
22.22950 10.35100 1.00000
22.23260 10.36250 1.00000
22.22290 10.58630 1.00000
22.21310 10.62690 1.00000
22.20900 10.60510 1.00000
22.22100 10.55430 1.00000
22.20860 10.60360 1.00000
22.22010 10.36230 1.00000
22.20770 10.46050 1.00000
22.21240 10.44280 1.00000
22.19620 10.46460 1.00000
22.20260 10.45050 1.00000
22.20280 10.47810 1.00000
22.19860 10.48500 1.00000
22.19620 10.55250 1.00000
22.20210 10.55110 1.00000
22.18570 10.58200 1.00000
22.19240 10.62300 1.00000
22.17450 10.72070 1.00000
22.13640 11.36970 1.00000
22.12310 11.51650 1.00000
22.13250 11.41300 1.00000
22.13200 11.41690 1.00000
22.12490 11.49750 1.00000
22.09710 11.73260 1.00000
22.09580 11.79850 1.00000
