22.22940 15.55180
22.21290 16.20220
22.22350 16.12880
22.11760 18.01240
22.10230 17.95140
22.04130 19.00940
22.05930 18.97090
22.18540 16.31270
22.15110 16.63200
22.06440 18.75190
22.11830 17.97050
22.18730 16.13170
22.17970 15.98380
22.20300 15.60730
22.20410 15.75990
22.17690 16.11020
22.18020 16.12910
22.20530 15.86190
22.07930 18.09550
22.05200 18.52270
21.81850 25.02980
22.04940 19.48060
22.10080 18.23050
22.15140 17.10040
22.06510 19.68540
22.07370 19.69790
22.07280 18.90400
22.11310 17.73720
22.12460 18.04750
22.04490 19.70340
