22.35760 8.33110
22.33840 8.33110
22.35120 8.33110
22.34790 8.33110
22.34570 8.33110
22.35580 8.33110
22.36030 8.33110
22.37600 8.33110
22.36510 8.33110
22.36590 8.33110
22.34330 8.33110
22.37340 8.33110
22.36800 8.33110
22.37440 8.33110
22.39070 8.33110
22.39150 8.33110
22.40000 8.33110
22.38180 8.33110
22.40220 8.33110
22.40410 8.33110
22.38580 8.33110
22.39070 8.33110
22.37300 8.33110
22.35370 8.33110
22.32480 8.33110
22.31490 8.33110
22.31460 8.33110
22.33910 8.33110
22.34510 8.33110
22.31150 8.33110
