21.72060 10.22310 2.14120
21.74190 9.75360 2.04330
21.70450 10.23040 2.13080
21.70430 10.49110 2.16650
21.69820 10.33370 2.15120
21.69060 10.65180 2.18220
21.72540 10.25620 2.10320
21.71890 10.46600 2.12360
21.73230 10.14580 2.06860
21.72590 10.38060 2.09730
21.71880 10.50810 2.12660
21.71900 10.56350 2.12160
21.70390 10.64250 2.15300
21.70360 10.81000 2.16060
21.69170 10.79960 2.17910
21.72290 10.52980 2.15730
21.69440 10.84410 2.21660
21.67660 11.17940 2.25780
21.67120 11.62220 2.33110
21.66320 11.82370 2.37080
21.67840 11.36540 2.30560
21.62020 12.16320 2.40020
21.60630 12.14640 2.37590
21.58310 13.17980 2.53660
21.62020 12.57720 2.44580
21.53970 13.78770 2.59130
21.61900 11.79270 2.32820
21.66140 11.05290 2.21820
21.68860 10.75720 2.16770
21.71270 10.09840 2.08400
