21.17170 24.72960
21.17460 24.41480
21.15490 24.80570
21.15190 25.39110
21.15490 24.81580
21.13810 25.81680
21.15210 25.70350
21.13620 26.48360
21.15830 25.37570
21.13930 26.38690
21.14730 26.01900
21.13570 26.59650
21.13620 26.25190
21.12550 26.89630
21.12390 26.65500
21.16250 25.71470
21.15230 25.76310
21.14560 25.84970
21.14260 26.85470
21.15240 26.56060
21.15780 26.02850
21.10910 27.30960
21.08520 27.66080
21.10670 27.75740
21.11020 27.89040
21.07070 28.53000
21.08830 27.22330
21.11340 26.30110
21.12580 26.25120
21.14810 24.94670
