21.69770 6.04260
21.70840 6.04560
21.69720 5.96000
21.68620 6.02270
21.69910 6.00110
21.69260 6.00040
21.68410 6.05800
21.69520 6.12900
21.70790 6.10060
21.70890 6.14400
21.69810 6.19460
21.70890 6.19100
21.70610 6.16400
21.70270 6.24020
21.69730 6.16600
21.70000 6.18690
21.69450 6.21200
21.69620 6.18830
21.71060 6.19230
21.68900 6.16130
21.69760 6.23900
21.69820 6.18990
21.69380 6.26400
21.71470 6.23330
21.71160 6.18510
21.71070 6.13060
21.70150 6.16240
21.68950 6.34950
21.69390 6.21030
21.70860 6.22870
