21.21310 34.38240
21.14110 37.00170
21.14440 36.95310
21.15150 36.66910
21.09140 39.70740
21.06960 41.21850
21.06310 41.33980
21.10050 39.82240
21.03350 42.61800
21.09110 39.60790
21.10730 38.87600
21.05270 41.21380
21.06350 40.55250
21.15560 36.15490
21.11990 37.69020
21.16020 36.03870
21.09010 39.13930
21.12180 37.83350
21.09470 39.27890
21.02420 42.40350
21.12330 37.61810
21.13880 37.23760
21.02260 42.09630
21.06600 40.30490
20.98070 44.30730
20.96180 45.41210
21.00180 43.95340
20.98310 44.84840
21.01450 43.50120
21.06330 41.25670
