22.85120 17.27030
22.86870 17.27030
22.85720 17.27030
22.83860 17.27030
22.85200 17.27030
22.86390 17.27030
22.86130 17.27030
22.86410 17.27030
22.93400 17.27030
22.89610 17.27030
22.86370 17.27030
22.85300 17.27030
22.87810 17.27030
22.87720 17.27030
22.85100 17.27030
22.87410 17.27030
22.88040 17.27030
22.87540 17.27030
22.89170 17.27030
22.88270 17.27030
22.89040 17.27030
22.91100 17.27030
22.91820 17.27030
22.94030 17.27030
22.92560 17.27030
22.91750 17.27030
22.91850 17.27030
22.94730 17.27030
22.96730 17.27030
22.93800 17.27030
