21.92140 14.67940
21.92340 14.61790
21.92620 14.69260
21.93560 14.72370
21.91620 14.94630
21.94160 14.69570
21.93600 14.74320
21.91790 14.94150
21.94650 14.64220
21.95060 14.61510
21.90670 15.20020
21.91360 14.96520
21.89320 15.17640
21.91970 14.84570
21.92810 14.78830
21.90450 15.12620
21.92230 15.03650
21.93340 14.92610
21.97430 14.45510
21.98600 14.32110
21.94620 14.80830
21.93450 14.89870
21.91530 15.47670
21.93890 14.91780
21.94320 14.74710
21.97030 14.40020
21.94710 14.95120
21.95420 14.75100
21.98170 14.09410
22.01340 13.75470
