22.76520 8.11920
22.81360 8.11920
22.80670 8.11920
22.82460 8.11920
22.77140 8.11920
22.76950 8.11920
22.78200 8.11920
22.79550 8.11920
22.74090 8.11920
22.75400 8.11920
22.68150 8.11920
22.67470 8.11920
22.77470 8.11920
22.64520 8.11920
22.63710 8.11920
22.63540 8.11920
22.61140 8.11920
22.70660 8.11920
22.74880 8.11920
22.62200 8.11920
22.64790 8.11920
22.73410 8.11920
22.70060 8.11920
22.70620 8.11920
22.73890 8.11920
22.74160 8.11920
22.78350 8.11920
22.78500 8.11920
22.78680 8.11920
22.78930 8.11920
