20.80410 12.46780
20.79560 12.52560
20.79630 12.52360
20.80250 12.45140
20.80500 12.40250
20.80250 12.45200
20.81290 12.35390
20.80910 12.38030
20.80660 12.40660
20.80120 12.49710
20.80120 12.50750
20.79300 12.60310
20.79650 12.57160
20.79800 12.54570
20.79510 12.58620
20.79360 12.61190
20.78680 12.68410
20.78600 12.65410
20.80000 12.49580
20.80080 12.48270
20.80770 12.41440
20.79940 12.49260
20.80110 12.49680
20.80970 12.39910
20.80940 12.38880
20.80450 12.45220
20.79830 12.55110
20.79560 12.60250
20.79770 12.54870
20.79480 12.54030
