21.09810 8.55800 1.05680
21.09090 8.58850 1.05920
21.09160 8.58910 1.05700
21.09690 8.54990 1.05520
21.09930 8.51710 1.05360
21.09670 8.54700 1.05710
21.10700 8.47490 1.04360
21.10440 8.48430 1.04380
21.10230 8.49350 1.04230
21.09710 8.55500 1.05120
21.09710 8.56360 1.04920
21.08870 8.62960 1.05780
21.09240 8.60480 1.05450
21.09330 8.59250 1.05350
21.09080 8.61870 1.05520
21.08900 8.63850 1.05800
21.08220 8.68800 1.06410
21.08140 8.67320 1.06430
21.09490 8.56180 1.05000
21.09440 8.56340 1.05950
21.10040 8.52410 1.05680
21.09400 8.56350 1.05400
21.09570 8.55890 1.05040
21.10520 8.48840 1.04160
21.10440 8.48830 1.04270
21.09860 8.54060 1.04950
21.09260 8.60100 1.05680
21.08910 8.63580 1.06050
21.09140 8.60120 1.05730
21.08890 8.59410 1.05790
