22.68380 15.44300
22.67810 15.72210
22.70260 15.31800
22.71900 15.16430
22.69780 15.61480
22.69210 15.81830
22.63930 16.67840
22.64340 16.62720
22.62500 16.43720
22.63280 16.48230
22.65470 16.38370
22.67180 16.64770
22.64080 16.64720
22.66790 16.29120
22.66540 16.43000
22.66150 16.58490
22.64920 16.55940
22.59970 17.82170
22.63000 16.43740
22.57820 18.33700
22.52010 19.68860
22.48350 20.01650
22.46210 20.33990
22.34110 24.31630
22.33920 23.96690
22.57190 19.01240
22.37160 22.34770
22.43100 20.16160
22.47200 20.24030
22.52120 18.38690
