22.66990 11.57570 1.00000
22.65190 11.59850 1.00000
22.64160 11.79620 1.00000
22.64200 11.87910 1.00000
22.64820 11.89940 1.00000
22.63190 12.03880 1.00000
22.59590 12.55000 1.00000
22.60380 12.28190 1.00000
22.63630 11.77420 1.00000
22.67530 11.79290 1.00000
22.66810 11.58540 1.00000
22.68010 11.58070 1.00000
22.67160 11.62950 1.00000
22.63750 11.94810 1.00000
22.67390 11.67430 1.00000
22.65370 11.90010 1.00000
22.66300 11.98490 1.00000
22.68010 11.68540 1.00000
22.69440 11.54890 1.00000
22.68080 11.72620 1.00000
22.67680 11.68660 1.00000
22.68440 11.67690 1.00000
22.70900 11.75350 1.00000
22.72170 11.80370 1.00000
22.72300 11.79820 1.00000
22.71730 11.83470 1.00000
22.72790 11.60710 1.00000
22.72590 11.64200 1.00000
22.76570 11.42150 1.00000
22.73690 11.41030 1.00000
