22.09690 23.68100
22.07860 23.64400
22.06280 24.12300
22.06530 24.10010
22.08340 23.58440
22.06190 23.97390
21.99750 25.45600
21.99830 25.55510
22.05930 23.98720
22.12290 23.11160
22.11200 23.17790
22.11190 23.63110
22.10670 23.61110
22.06240 24.24560
22.12990 22.72430
22.09530 23.42340
22.09740 23.60460
22.12480 23.03400
22.14990 22.47100
22.12380 23.04870
22.12580 22.77130
22.14140 22.53530
22.16020 22.72860
22.17060 22.87750
22.16410 23.14100
22.15680 23.17420
22.17860 22.72790
22.17560 22.72150
22.22770 22.10740
22.20790 21.82770
