23.03300 11.49990
23.04340 11.02480
23.03000 10.81020
23.03120 10.96580
23.04150 10.98590
23.02310 10.82600
23.02920 10.99100
23.04230 10.85350
23.03240 10.72880
23.02420 11.10210
23.04330 10.88980
23.05650 11.28410
23.06190 11.16080
23.04350 10.89860
23.05770 10.82000
23.08150 10.56360
23.08420 10.84200
23.09350 10.97980
23.10020 11.36580
23.10930 11.53460
23.13090 11.31470
23.11180 11.65910
23.11440 11.66700
23.09630 11.61420
23.11820 11.66780
23.10340 11.39520
23.09100 11.62930
23.08580 11.71410
23.07260 11.55120
23.08590 11.49600
