21.44620 50.55300
21.59140 41.83330
21.62250 41.40900
21.52750 46.50950
21.45320 51.30590
21.41700 52.34340
21.36220 56.25130
21.32650 57.49220
21.33150 56.71310
21.40920 52.84460
21.48220 48.58470
21.48200 48.72140
21.54850 44.42770
21.55490 44.09890
21.59510 42.62550
21.62480 42.25940
21.49450 47.82340
21.53200 45.67650
21.47050 48.66550
21.46560 48.52680
21.46280 48.23590
21.45540 48.99650
21.41660 50.22970
21.45890 47.95480
21.40190 51.46450
21.39160 50.25470
21.45970 47.64010
21.44100 49.85030
21.39350 52.71570
21.41180 52.11620
