21.94140 28.05810
21.92760 28.25890
21.97100 27.65080
21.98660 27.45080
22.02510 26.87340
21.96620 27.80300
21.95030 28.70100
21.98930 27.62240
21.94710 28.32000
22.00930 27.34270
21.98250 27.85930
21.91710 29.68540
21.94180 28.78640
21.93400 28.45430
21.95660 28.15630
21.94180 28.11090
22.02340 26.50940
22.05480 25.69180
22.01350 26.72840
22.00770 26.57820
22.00120 26.89470
21.95730 27.74510
21.90590 29.20310
21.87440 29.62610
21.92840 28.36680
22.00600 26.29730
21.98010 27.19370
21.98580 27.47610
21.94880 28.39570
22.00360 26.44540
