21.77870 78.62940 1.00000
17.04860 3185.40000 3.37620
21.79630 51.91160 1.00000
21.56130 91.44110 1.00000
16.47880 5116.85000 3.61800
17.08860 3584.39000 3.56270
21.39830 95.61380 1.00000
16.93300 3873.81000 3.60350
17.71490 2048.61000 3.31750
17.07860 3976.67000 4.00000
17.89470 2553.82000 4.00000
16.94150 4648.20000 4.00000
17.40610 3350.44000 4.00000
17.41230 3271.48000 4.00000
15.88300 7574.49000 4.00000
16.88440 4429.83000 4.00000
17.24770 2612.54000 3.49120
17.74260 1349.47000 2.74590
16.79910 4598.53000 4.00000
17.74640 2556.54000 4.00000
18.36560 1776.08000 4.00000
17.67160 2625.59000 4.00000
18.77280 937.88700 3.21530
19.18220 585.59600 2.60120
21.03470 111.21900 1.00000
18.94950 571.32600 2.29710
18.47860 814.77500 2.45730
20.51100 166.48100 1.50380
17.48400 2336.38000 3.36100
20.48060 132.22000 1.25540
