20.09510 283.94100
19.45440 412.31500
19.05700 497.01600
19.72320 360.33400
19.22740 475.32800
19.49940 416.52900
19.34570 453.75300
19.41850 419.81500
19.69940 344.98200
20.06680 264.39900
20.39300 227.85800
20.36350 239.08400
20.66950 191.75800
20.69500 184.55700
20.38660 218.89600
20.31080 227.17100
19.52420 336.88400
18.76500 523.53200
20.36830 224.74300
20.82840 164.62400
21.31300 124.51500
20.89160 156.22700
20.57500 188.64200
20.09390 262.50800
18.57760 621.85800
19.42910 379.59300
19.21440 432.02000
18.91010 517.81200
19.65830 340.31900
18.25370 760.57600
