22.33340 12.36080
22.38360 11.56000
22.40850 11.24990
22.40110 11.63530
22.36740 11.68990
22.36780 11.55780
22.36330 11.87460
22.36610 11.78830
22.37170 11.84740
22.36230 11.61700
22.34290 11.86520
22.33910 11.55840
22.33970 11.79630
22.34500 11.55840
22.35290 11.14360
22.38600 11.00780
22.39380 11.12320
22.37430 11.36010
22.37100 11.44590
22.36540 11.56350
22.36730 11.48950
22.35850 11.62550
22.36850 11.35100
22.36360 11.70020
22.35880 11.83480
22.37210 11.63680
22.35190 11.58850
22.35610 11.61840
22.31790 12.14280
22.30850 12.40700
