22.62190 9.94720 1.00000
22.70030 9.32160 1.00000
22.71510 9.19220 1.00000
22.71700 9.37140 1.00000
22.68520 9.41530 1.00000
22.68340 9.36660 1.00000
22.68520 9.60620 1.00000
22.68740 9.56810 1.00000
22.69240 9.58580 1.00000
22.67990 9.49150 1.00000
22.66740 9.63680 1.00000
22.65670 9.48130 1.00000
22.65720 9.55490 1.00000
22.65980 9.45280 1.00000
22.65470 9.24670 1.00000
22.68410 9.10320 1.00000
22.69480 9.13940 1.00000
22.68220 9.34370 1.00000
22.68170 9.38100 1.00000
22.67860 9.44990 1.00000
22.67890 9.42900 1.00000
22.67530 9.49940 1.00000
22.68070 9.36880 1.00000
22.68560 9.57720 1.00000
22.68400 9.62800 1.00000
22.68970 9.51800 1.00000
22.67270 9.52340 1.00000
22.67840 9.53730 1.00000
22.65080 9.77050 1.00000
22.60550 10.00830 1.00000
