21.31110 8.37680
21.31880 8.30130
21.31600 8.36550
21.30640 8.46750
21.31620 8.41100
21.31090 8.44450
21.31460 8.38980
21.33080 8.29700
21.32370 8.37070
21.32270 8.40370
21.33470 8.31310
21.31930 8.44270
21.33740 8.28250
21.33740 8.28940
21.32470 8.36420
21.31860 8.45480
21.32340 8.40540
21.31580 8.43290
21.30880 8.48320
21.29710 8.55140
21.32110 8.35910
21.32390 8.32190
21.32320 8.31500
21.30690 8.44270
21.30890 8.41660
21.31550 8.41920
21.30420 8.52000
21.30200 8.50520
21.28760 8.57860
21.29850 8.50020
