21.45430 6.81580 1.50960
21.46250 6.74540 1.50290
21.45740 6.82060 1.51400
21.44380 6.94650 1.53550
21.45720 6.86140 1.51630
21.44980 6.91090 1.52570
21.45540 6.84580 1.51640
21.47730 6.71120 1.48890
21.46660 6.81130 1.51040
21.46440 6.85280 1.51750
21.48000 6.73830 1.49690
21.45850 6.91050 1.52940
21.48380 6.70040 1.49000
21.48250 6.71680 1.49460
21.46490 6.83250 1.51940
21.45540 6.94160 1.53650
21.46440 6.85560 1.51750
21.45630 6.88580 1.52390
21.44770 6.94670 1.53270
21.43350 7.02980 1.54380
21.46540 6.78450 1.50290
21.47010 6.73560 1.49460
21.46890 6.73640 1.49690
21.44420 6.93230 1.53720
21.44870 6.88510 1.52670
21.45660 6.87230 1.52160
21.44070 7.00530 1.54450
21.43790 6.99640 1.54420
21.42130 7.09210 1.55710
21.43640 6.97530 1.53840
