22.99750 9.89890 1.00000
23.01710 9.67620 1.00000
23.04090 9.77470 1.00000
23.03350 9.65200 1.00000
23.01210 10.00710 1.00000
23.02660 10.12480 1.00000
23.01990 10.23990 1.00000
23.02130 10.35660 1.00000
23.02920 10.36770 1.00000
23.04080 10.51420 1.00000
23.04150 10.34010 1.00000
23.01340 10.49840 1.00000
23.04350 10.53880 1.00000
23.05360 10.64130 1.00000
23.06800 11.37490 1.00000
23.07800 11.67910 1.00000
23.07760 10.59270 1.00000
23.06290 10.55140 1.00000
23.04440 11.63360 1.00000
23.04390 10.98310 1.00000
23.03910 10.90910 1.00000
23.05920 10.13320 1.00000
23.03010 10.25130 1.00000
23.01990 10.71200 1.00000
23.01010 10.43220 1.00000
23.01750 10.38800 1.00000
22.99680 10.14880 1.00000
23.00460 9.59410 1.00000
22.99570 9.82260 1.00000
22.99620 9.83610 1.00000
