22.04620 40.72730
22.12720 37.75370
22.15260 37.17470
22.16330 36.41810
22.08460 38.91290
22.08590 39.40140
22.05700 40.51370
22.05020 41.07240
22.06200 40.83430
22.05470 42.15430
22.08480 40.63610
22.02480 42.19210
22.05660 42.26280
22.05680 42.97150
22.01580 47.15660
22.01660 47.73370
22.06980 43.80070
22.07620 42.00550
21.92310 51.86030
22.01170 44.96310
22.01330 44.30420
22.12750 38.81270
22.07460 40.05740
22.00350 43.71760
22.02020 42.08620
22.03370 41.77650
22.01390 41.60920
22.04320 39.23630
22.01310 40.33160
22.02170 39.98810
