22.30920 7.68860
22.29680 8.17980
22.24990 8.88370
22.25160 9.06670
22.25270 8.95860
22.30310 8.50740
22.24480 10.05600
22.25400 10.15480
22.28290 8.93170
22.28900 8.77860
22.28860 8.35350
22.29620 8.29810
22.26430 8.85730
22.26900 8.65960
22.31980 7.65750
22.24290 8.99570
22.26690 8.20920
22.28710 7.76580
22.24580 8.64870
22.20820 9.38120
22.26690 8.32630
22.22150 9.58620
22.23510 9.72660
22.23750 9.67090
22.27210 9.00760
22.27540 8.96040
22.28550 8.37940
22.29770 8.30630
22.17430 10.89050
22.18290 10.86960
