20.77880 27.15360
20.78700 26.93420
20.77940 27.16980
20.76200 27.65420
20.75920 27.55830
20.76280 27.51260
20.77910 27.07910
20.78520 26.87080
20.77670 27.18960
20.77810 27.12630
20.77570 27.28640
20.77680 27.06240
20.76770 27.34330
20.74740 28.02520
20.76300 27.47500
20.74570 28.06900
20.75330 27.82730
20.75330 27.87130
20.75320 27.97110
20.74960 28.04950
20.75510 27.93430
20.75590 27.93950
20.73640 28.62440
20.73420 28.76090
20.73840 28.54850
20.73680 28.61200
20.72150 29.26280
20.71500 29.40190
20.72070 29.16830
20.72010 29.32760
