21.35290 11.25470 2.32100
21.37100 10.97220 2.28070
21.36580 11.03760 2.28640
21.33120 11.57790 2.35410
21.33560 11.41820 2.33040
21.33800 11.41400 2.33120
21.36330 11.04540 2.28760
21.38120 10.74410 2.24020
21.36050 11.10120 2.29110
21.36030 11.11210 2.29200
21.35510 11.21400 2.30670
21.36740 10.92910 2.26330
21.35050 11.19430 2.29890
21.30890 11.90120 2.38640
21.34120 11.34240 2.31920
21.30680 11.93700 2.39120
21.32810 11.57090 2.34000
21.31670 11.79530 2.37670
21.31080 11.94140 2.39250
21.30190 12.08300 2.41460
21.31180 11.94060 2.39760
21.30140 12.15150 2.43270
21.25840 12.94770 2.52360
21.24680 13.19640 2.55310
21.26530 12.80960 2.50730
21.26040 12.91120 2.51670
21.22250 13.69360 2.59850
21.20990 13.89940 2.61880
21.22650 13.55150 2.58100
21.20610 14.04960 2.64430
