21.04010 8.18420 1.39550
21.03420 8.21600 1.39850
21.02160 8.28110 1.40630
21.04610 8.09550 1.37870
21.03680 8.16050 1.39090
21.02950 8.22740 1.40090
21.03780 8.17050 1.39250
21.04960 8.07100 1.38060
21.02690 8.25390 1.40600
21.05000 8.08230 1.38190
21.06700 7.94370 1.36470
21.02710 8.25690 1.40680
21.03780 8.17330 1.39480
21.06350 7.94640 1.36100
21.04350 8.12640 1.38780
21.05050 8.05360 1.37290
21.04780 8.06260 1.37830
21.04520 8.07380 1.37800
21.05220 8.03430 1.37000
21.05060 8.05140 1.37170
21.04930 8.06640 1.37260
21.04770 8.11430 1.37910
21.02350 8.32770 1.41040
21.00990 8.45740 1.42420
20.99270 8.60800 1.44020
21.01810 8.42030 1.41630
21.01200 8.47460 1.42080
21.03610 8.27750 1.40270
21.04910 8.18420 1.39690
21.05640 8.08340 1.38310
