20.80280 10.95260
20.79790 10.98310
20.78670 11.04160
20.80390 10.89950
20.79810 10.93570
20.79410 10.98020
20.80000 10.93890
20.80940 10.84220
20.79340 10.99270
20.81010 10.85380
20.82330 10.72840
20.79350 11.00020
20.80110 10.92850
20.81830 10.75190
20.80460 10.90360
20.80790 10.85610
20.80700 10.84880
20.80410 10.85940
20.80900 10.84160
20.80790 10.85800
20.80630 10.88000
20.80630 10.92260
20.79040 11.08810
20.78040 11.20750
20.76760 11.34430
20.78610 11.19430
20.78150 11.24710
20.80100 11.05330
20.81330 10.94490
20.81650 10.86600
