21.77430 9.66450
21.78260 9.61950
21.78290 9.59640
21.77000 9.66910
21.77330 9.67480
21.76990 9.68360
21.76080 9.69660
21.76540 9.74410
21.77460 9.70060
21.76940 9.78300
21.75800 9.84000
21.76800 9.81790
21.76890 9.77910
21.75840 9.87140
21.76130 9.80270
21.76010 9.84220
21.75150 9.84740
21.75580 9.82850
21.76730 9.81570
21.74920 9.83500
21.75830 9.90180
21.76090 9.84780
21.75010 9.90640
21.76750 9.80550
21.76940 9.80860
21.77630 9.77560
21.76570 9.79470
21.74000 9.91530
21.75630 9.81190
21.76590 9.83880
