22.21380 68.51500
22.20070 68.66230
22.19780 67.47480
22.05880 77.71590
22.08320 73.54870
22.07560 71.82830
22.07570 74.07570
22.22090 63.79050
22.26190 60.92140
22.24330 63.10090
22.15350 76.10980
22.22740 73.14320
22.15710 81.02940
22.02680 90.17110
21.98320 94.95430
21.98000 95.88600
22.01190 96.34210
21.98200 96.71150
22.00180 95.89750
22.09540 85.80650
22.13210 80.02210
22.27820 67.91450
22.31250 65.96690
22.33740 63.68320
22.15330 72.11970
22.36260 59.57820
22.34230 60.06770
22.22990 65.67650
22.15770 69.32620
22.32860 62.36630
