22.04370 12.79300
22.06670 12.76420
22.05770 13.11340
22.00250 13.87980
22.05650 13.17090
21.97980 13.75800
22.01030 13.58910
22.01870 13.20600
22.01860 13.51350
22.00690 13.60910
21.93510 14.50600
21.97160 14.31530
21.95510 14.09730
21.94280 14.37860
21.97920 13.83610
21.95390 14.38430
21.94290 14.24180
21.89440 14.78210
21.94260 14.06100
21.96180 13.81040
21.98450 13.73170
21.94670 14.22220
22.02230 13.34270
22.04360 13.11990
21.96830 14.02960
21.93450 14.39180
22.01120 13.50880
22.01330 13.50150
22.03500 13.31080
22.01920 13.62900
