22.09910 8.20580 3.59530
22.07240 8.73590 3.79130
22.08050 8.80750 3.82550
21.72390 18.65380 4.00000
21.94710 11.11910 4.00000
21.36610 36.81690 4.00000
21.83890 13.70640 4.00000
21.32380 39.15690 4.00000
21.34350 38.29730 4.00000
21.96360 10.82880 4.00000
21.96410 10.94080 4.00000
21.99630 10.15820 4.00000
21.97910 10.34970 4.00000
21.88180 12.48800 4.00000
22.10510 7.99530 3.54040
22.13240 7.73160 3.48050
22.15050 7.40660 3.37630
22.09360 8.24830 3.57210
22.09740 8.36590 3.63610
22.08970 8.28860 3.66160
21.99850 9.77470 3.98710
22.00070 9.71640 3.92300
22.00450 9.74930 3.95950
21.98260 9.84950 4.00000
21.92800 10.82300 4.00000
21.78560 15.06670 4.00000
21.99320 9.59510 3.93170
21.94720 10.41900 4.00000
21.56320 22.58490 4.00000
21.68570 17.24980 4.00000
