22.02950 9.38900
22.03610 9.37750
22.05040 9.32490
21.99140 10.13170
21.99460 10.07930
21.99110 10.19890
21.98360 10.24830
21.96420 10.74950
21.97350 10.58320
21.99370 10.14520
22.00450 10.04000
22.01910 9.70770
21.99330 9.96920
21.99460 9.87690
22.02470 9.36600
22.04580 9.15950
22.04820 9.07060
22.02290 9.35580
22.03550 9.45100
22.03080 9.39280
21.99820 9.72040
21.98780 9.89840
21.99910 9.78730
21.99110 9.73960
21.94660 10.44180
21.93490 10.55790
21.98070 9.80650
21.96390 10.03170
21.94750 10.32230
21.94640 10.27040
