20.78620 15.50770
20.80840 15.20130
20.80600 15.20910
20.81220 15.03350
20.80320 15.15080
20.80480 15.13890
20.79470 15.27760
20.80880 15.03350
20.81680 14.89170
20.80780 14.98880
20.80950 14.95600
20.80760 15.01660
20.79800 15.11020
20.81140 14.97530
20.80230 15.08450
20.82060 14.79470
20.80040 15.06970
20.79630 15.10210
20.79630 15.12700
20.79380 15.15750
20.79390 15.12040
20.78740 15.21580
20.79390 15.14180
20.78850 15.25620
20.78590 15.27210
20.77730 15.43130
20.78240 15.33930
20.76620 15.53940
20.78920 15.24590
20.79150 15.22180
