20.88680 12.99950 3.59240
20.94440 11.93650 3.43910
20.93940 12.00010 3.44920
20.95900 11.57720 3.38940
20.94130 11.85330 3.42900
20.94120 11.87760 3.43670
20.92300 12.16800 3.47350
20.95630 11.55730 3.38550
20.97980 11.12770 3.31570
20.96000 11.42720 3.36510
20.96430 11.34970 3.35410
20.96080 11.42950 3.36180
20.94240 11.69160 3.40240
20.97270 11.23170 3.32540
20.96130 11.36840 3.33840
21.00110 10.71250 3.23640
20.95080 11.53590 3.37580
20.94030 11.69380 3.40400
20.93590 11.80460 3.42290
20.93710 11.75410 3.40900
20.93750 11.71710 3.40660
20.91640 12.10650 3.47050
20.93280 11.84180 3.42750
20.91920 12.10550 3.46460
20.91600 12.13740 3.46720
20.88930 12.66260 3.54560
20.90170 12.42240 3.51410
20.86210 13.12600 3.61400
20.91250 12.25550 3.49500
20.91310 12.27120 3.50130
