21.53950 8.74360
21.54990 8.74360
21.54730 8.74360
21.54080 8.74360
21.54570 8.74360
21.56060 8.74360
21.55020 8.74360
21.56380 8.74360
21.56080 8.74360
21.56430 8.74360
21.57320 8.74360
21.58530 8.74360
21.57660 8.74360
21.56660 8.74360
21.56900 8.74360
21.56820 8.74360
21.56620 8.74360
21.55170 8.74360
21.56680 8.74360
21.55650 8.74360
21.55880 8.74360
21.56020 8.74360
21.55580 8.74360
21.56100 8.74360
21.55570 8.74360
21.55560 8.74360
21.54450 8.74360
21.54440 8.74360
21.55350 8.74360
21.54530 8.74360
