22.51950 3.65050 1.01490
22.52000 3.62940 1.01630
24.55360 0.06480 4.00000
22.51450 3.61760 1.01450
24.46060 0.08430 4.00000
22.53470 3.58320 1.00540
22.54140 3.55200 1.00640
24.28020 0.07510 4.00000
24.65910 0.01000 4.00000
22.52720 3.54390 1.01970
24.80220 0.07160 4.00000
22.54540 3.51460 1.01620
24.61350 0.01000 2.47080
22.53980 3.59840 1.04470
22.54000 3.57080 1.03730
22.52680 3.60900 1.03320
22.53390 3.57060 1.02420
22.56110 3.50990 1.02140
0.00000 0.00000 0.00000
22.54160 3.58550 1.03310
25.10390 0.00650 2.64450
22.52040 3.65250 1.04200
22.54200 3.55320 1.02490
22.53210 3.54410 1.01960
22.55030 3.51050 1.01770
24.83930 0.00540 3.94460
0.00000 0.00000 0.00000
22.54430 3.51360 1.01820
0.00000 0.00000 0.00000
24.88310 0.07750 4.00000
