22.73990 5.02330
22.74910 4.87080
22.78890 4.64000
22.75090 4.72240
22.75330 4.81300
22.78970 4.68530
22.79960 4.49860
22.77290 4.42350
22.75150 4.50180
22.76150 4.49480
22.76000 4.52830
22.78450 4.56280
22.75960 4.83270
22.74760 4.91240
22.74820 4.94260
22.72810 4.91440
22.74670 4.78070
22.80120 4.60500
22.79520 4.65770
22.75550 4.89270
22.77760 4.78060
22.70640 5.42180
22.78230 4.60160
22.76730 4.86130
22.78940 4.66360
22.74660 4.71140
22.75960 4.82570
22.79060 4.53070
22.74550 4.87840
22.77590 4.52150
