22.25630 7.34630 1.45200
22.24080 7.44930 1.47000
22.24180 7.43680 1.46820
22.21680 7.70540 1.55580
22.22570 7.61260 1.54560
22.23260 7.52770 1.49930
22.25240 7.32610 1.44400
22.23490 7.52550 1.49530
22.19560 7.99710 1.59060
22.19010 7.99850 1.56990
22.19050 8.03230 1.58210
22.15510 8.38550 1.64950
22.23890 7.66640 1.52390
22.22480 7.79500 1.54740
22.18530 8.09680 1.58740
22.21590 7.77060 1.53590
22.22260 7.70940 1.52430
22.23480 7.59970 1.50690
22.24300 7.49910 1.48420
22.15380 8.30900 1.62860
22.14130 8.40290 1.63860
22.17560 8.08460 1.57930
22.15540 8.23990 1.59420
22.19600 7.82710 1.51070
22.18340 7.97890 1.55470
22.19500 7.84850 1.51430
22.21070 7.65030 1.47930
22.23650 7.37930 1.42010
22.23360 7.41180 1.41520
22.22490 7.41970 1.41740
