21.61730 22.15210
21.60140 22.34970
21.60870 22.20370
21.58520 22.68290
21.59100 22.43330
21.59350 22.48010
21.61270 21.92970
21.58300 22.92530
21.54110 24.07300
21.52370 24.40960
21.53310 24.28240
21.48410 25.28560
21.58590 23.05580
21.57080 23.46570
21.52350 24.34950
21.56540 23.17100
21.56420 23.46080
21.57250 23.29400
21.59110 22.67770
21.48200 25.14500
21.46860 25.35890
21.50480 24.42040
21.48220 24.81530
21.52850 23.81680
21.51060 24.31910
21.51620 24.17150
21.52730 23.81990
21.56670 22.75080
21.56480 22.76620
21.55380 22.95880
