21.22500 11.36740
21.22480 11.42140
21.22790 11.36380
21.23450 11.24690
21.24020 11.14620
21.25040 11.00040
21.25660 10.92840
21.25420 10.93700
21.25050 10.99500
21.24090 11.03840
21.24250 11.03370
21.22910 11.16670
21.23980 11.02070
21.23660 11.07050
21.23770 11.01440
21.24600 10.97840
21.25560 10.80230
21.25070 10.90850
21.24460 10.97220
21.26940 10.67090
21.27450 10.56570
21.27740 10.56470
21.28470 10.52000
21.28190 10.58060
21.28400 10.56230
21.29420 10.48060
21.29030 10.59060
21.28790 10.49860
21.28950 10.52360
21.28260 10.53540
