22.69070 0.01340 4.00000
22.52920 0.01350 4.00000
22.49120 0.01370 4.00000
22.48120 0.01360 4.00000
22.41930 0.01360 4.00000
22.48240 0.01360 4.00000
22.51490 0.01360 4.00000
22.52080 0.01370 4.00000
22.42880 0.01360 4.00000
22.62210 0.01360 4.00000
22.60000 0.01340 4.00000
22.65960 0.01340 4.00000
22.51510 0.01390 4.00000
22.51180 0.01400 4.00000
22.43710 0.01410 4.00000
22.53700 0.01360 4.00000
22.33740 0.01380 4.00000
22.39930 0.01370 4.00000
22.30750 0.01380 4.00000
22.43430 0.01370 4.00000
22.33090 0.01380 4.00000
22.35540 0.01390 4.00000
22.65810 0.01330 4.00000
22.31030 0.01390 4.00000
21.50160 0.01490 4.00000
18.58630 0.08280 4.00000
18.23970 0.07400 4.00000
17.87760 0.06610 4.00000
17.81300 0.06480 4.00000
18.76040 0.08740 4.00000
