21.77620 26.97300
21.75020 27.62110
21.75670 28.24190
21.78760 26.31540
21.79620 27.54270
21.81770 25.29830
21.78020 24.81560
21.74970 25.13720
21.74500 26.26410
21.74960 25.92270
21.76910 24.90400
21.74990 25.17610
21.74430 24.84930
21.72280 26.28270
21.69730 26.76520
21.69850 26.64920
21.69930 25.81390
21.69950 25.63960
21.73470 25.41470
21.73450 26.11370
21.76740 25.10490
21.77070 24.49220
21.73790 24.92390
21.74020 26.10210
21.76680 26.21750
21.77990 25.68670
21.72710 27.75320
21.73550 27.64300
21.74820 25.14210
21.76330 25.52100
