22.59810 7.30190 1.07740
22.57670 7.43970 1.15450
22.59630 7.42860 1.13240
22.58490 7.32240 1.14100
22.61600 7.37140 1.10080
22.58820 7.23010 1.14670
22.54380 7.30430 1.20250
22.51430 7.44250 1.26960
22.53600 7.48780 1.23350
22.50270 7.81460 1.41170
22.49290 7.76820 1.45600
22.49840 7.63390 1.38670
22.50170 7.42330 1.30770
22.51030 7.58700 1.30300
22.49760 7.65500 1.29660
22.50240 7.58440 1.26430
22.46550 7.75690 1.38620
22.47800 7.56470 1.30650
22.50030 7.58810 1.32380
22.49420 7.85040 1.41610
22.51470 7.62050 1.36840
22.50750 7.53850 1.35520
22.49440 7.51400 1.32570
22.50470 7.78710 1.38640
22.52490 7.83810 1.40530
22.53450 7.67610 1.36660
22.53510 7.79700 1.32630
22.54190 7.75550 1.30030
22.49500 7.67110 1.39240
22.52250 7.63620 1.35340
