21.92060 8.79530 1.00000
21.91820 8.78480 1.00000
21.93370 8.54470 1.00000
21.92610 8.59380 1.00000
21.88300 9.04390 1.00000
21.87100 9.20530 1.00000
21.91750 8.81810 1.00000
21.87100 9.34800 1.00000
21.94090 8.53570 1.00000
21.85440 9.57100 1.00000
21.87830 9.17220 1.00000
21.85860 9.59200 1.00000
21.85580 9.86080 1.00000
21.88630 9.62370 1.00000
21.88880 9.08100 1.00000
21.88620 9.09000 1.00000
21.87860 9.22770 1.00000
21.87050 9.45460 1.00000
21.85590 9.59540 1.00000
21.83890 10.12470 1.00000
21.85180 10.30770 1.00000
21.83200 10.76700 1.00000
21.83650 10.58470 1.00000
21.83850 10.26940 1.00000
21.86500 9.75790 1.00000
21.83910 10.11640 1.00000
21.83980 10.12720 1.00000
21.84950 10.08590 1.00000
21.84280 10.09060 1.00000
21.83690 9.79920 1.00000
