21.43920 15.84470
21.43830 15.79190
21.46610 15.31560
21.45900 15.28020
21.43980 15.81460
21.41200 16.31180
21.43360 15.94060
21.39220 17.06230
21.45480 15.68190
21.37230 17.26000
21.41860 16.29740
21.37180 17.32550
21.35610 18.20620
21.36850 17.52930
21.43640 16.04610
21.43400 16.06810
21.41890 16.37980
21.39500 16.96710
21.37800 17.24720
21.32220 18.91390
21.29660 19.09440
21.25660 19.84960
21.24080 20.73050
21.27700 19.33170
21.31000 18.92520
21.28430 19.13540
21.28550 19.13270
21.28820 19.14830
21.28170 19.18050
21.34250 18.00180
