22.06170 10.43570 1.00000
21.99400 11.48660 1.00000
22.01280 11.30100 1.00000
22.00040 11.38630 1.00000
22.04770 11.01310 1.00000
22.07690 10.28130 1.00000
22.05700 10.71770 1.00000
22.00810 12.04760 1.00000
21.99740 13.01830 1.00000
21.96790 12.94580 1.00000
21.97530 12.67740 1.00000
22.00660 12.85990 1.00000
21.98770 12.67420 1.00000
21.98130 12.73660 1.00000
22.00030 11.67700 1.00000
21.95050 13.69690 1.00000
22.02480 12.30830 1.00000
21.98970 11.60000 1.00000
22.04750 11.31300 1.00000
21.97270 12.15680 1.00000
22.05080 11.27250 1.00000
22.07820 10.58220 1.00000
22.08120 10.44180 1.00000
22.06280 10.79300 1.00000
22.07270 10.52170 1.00000
22.08540 9.80720 1.00000
22.05730 10.32610 1.00000
22.08210 9.77470 1.00000
22.08190 9.88180 1.00000
22.09360 9.81850 1.00000
