21.65690 13.79320
21.61540 15.46670
21.62680 15.30350
21.61920 15.40100
21.62220 14.98660
21.67570 13.38060
21.64070 14.34040
21.54750 17.23590
21.50730 19.27120
21.52400 18.63010
21.54330 18.03600
21.52170 18.87810
21.55300 18.01060
21.54470 18.20690
21.60280 16.08130
21.50280 19.65410
21.56200 17.55540
21.60030 15.88950
21.61400 15.53260
21.58140 16.52450
21.61790 15.47590
21.66830 13.95030
21.67640 13.64060
21.64560 14.44370
21.66560 13.83580
21.70240 12.34870
21.65720 13.43100
21.70050 12.28410
21.69730 12.49830
21.70990 12.35990
