21.07890 8.58500
21.08300 8.53030
21.06540 8.63210
21.06530 8.63870
21.07230 8.66440
21.07510 8.58880
21.07740 8.54260
21.06450 8.63280
21.07160 8.61240
21.06370 8.59080
21.05800 8.63060
21.06060 8.72310
21.05630 8.62770
21.06330 8.55270
21.07250 8.42820
21.07460 8.53250
21.07090 8.57910
21.06610 8.58150
21.08080 8.50660
21.06200 8.68060
21.07460 8.43120
21.06960 8.54440
21.07830 8.42540
21.07530 8.48040
21.08250 8.42130
21.08740 8.35600
21.09680 8.28930
21.09270 8.26220
21.07420 8.46740
21.06930 8.51940
