22.81600 4.47350
22.82440 4.03870
22.83050 3.78590
22.82160 4.11700
22.84100 5.03070
22.84260 5.04880
22.84110 5.22370
22.82240 5.63470
22.82540 5.66020
22.83470 5.20190
22.82250 5.12690
22.82430 6.20890
22.81950 6.32660
22.82910 6.12840
22.84630 5.56410
22.85040 5.38680
22.84180 5.19640
22.84840 5.81090
22.84510 5.21910
22.84570 4.85800
22.83830 4.59800
22.83200 4.49800
22.83890 4.27390
22.83700 4.67980
22.83250 5.00670
22.83360 5.39880
22.82630 4.67060
22.82690 5.09960
22.82670 4.98390
22.82180 5.41760
