21.44520 18.50440
21.41470 19.50760
21.43110 19.44470
21.44680 18.78830
21.43840 18.61810
21.44220 18.71920
21.41120 19.38800
21.41360 19.48050
21.42890 18.98200
21.45560 18.51690
21.45720 18.01710
21.45750 18.63970
21.44610 18.59840
21.44400 18.39870
21.42600 19.03870
21.42730 18.74920
21.40500 19.48440
21.42440 19.11530
21.40560 18.87800
21.38200 19.20670
21.40040 18.76330
21.43360 18.45660
21.42690 18.98560
21.45770 18.17300
21.47320 18.16140
21.50240 17.91100
21.49190 17.78080
21.48260 18.12130
21.47510 18.40370
21.47740 18.10000
