22.34200 15.79860
22.31350 16.39310
22.33590 15.33230
22.35280 14.83170
22.32410 15.70180
22.34620 15.14790
22.33280 15.50600
22.33690 16.08960
22.34590 16.10910
22.34170 16.81390
22.38160 15.21690
22.36380 15.71530
22.37870 15.46010
22.37190 15.42760
22.37420 15.31590
22.35860 15.28500
22.39120 14.41020
22.37010 15.04930
22.35390 14.93320
22.34750 14.88550
22.33680 14.98620
22.35000 14.75220
22.35940 14.51940
22.36320 14.20820
22.37900 13.65020
22.38410 13.85100
22.38130 13.93200
22.37010 13.98500
22.39290 13.61950
22.39140 14.20740
