22.76480 11.87340 1.00000
22.74220 12.08680 1.00000
22.75270 11.63190 1.00000
22.76300 11.36870 1.00000
22.74230 11.81760 1.00000
22.75330 11.56950 1.00000
22.74640 11.68230 1.00000
22.75560 12.00960 1.00000
22.77060 12.03920 1.00000
22.77400 12.36730 1.00000
22.79550 11.61610 1.00000
22.78370 11.84470 1.00000
22.79400 11.73610 1.00000
22.76690 11.47110 1.00000
22.78500 11.60460 1.00000
22.76940 11.60960 1.00000
22.79270 11.21630 1.00000
22.77580 11.52660 1.00000
22.75860 11.44670 1.00000
22.71340 11.77370 1.00000
22.70850 11.58890 1.00000
22.71700 11.57560 1.00000
22.71120 11.52890 1.00000
22.76550 11.08410 1.00000
22.72960 10.75600 1.00000
22.74000 10.83180 1.00000
22.78290 10.93620 1.00000
22.77300 10.95660 1.00000
22.79240 10.75870 1.00000
22.76430 11.11970 1.00000
