22.84470 7.82730
22.86020 7.52370
22.85170 7.83900
22.81350 8.47560
22.90240 7.55400
22.91380 7.36290
22.88620 7.62610
22.87770 7.52920
22.85800 7.65640
22.83180 8.51430
22.86390 7.67580
22.87760 7.67910
22.88520 7.74440
22.84180 8.00990
22.81510 7.96980
22.81290 7.77760
22.86790 7.59000
22.84550 7.62580
22.88790 7.45780
22.85550 7.66170
22.85340 7.59030
22.79320 8.18660
22.80140 7.99610
22.82600 7.84990
22.77510 8.46270
22.82430 7.70040
22.83340 7.64270
22.83920 7.64570
22.83370 7.55960
22.82670 8.04620
