22.69010 11.15200
22.69430 11.02200
22.69380 11.11080
22.66730 11.50870
22.63280 11.60810
22.67140 11.42530
22.66170 11.44220
22.64070 11.77890
22.63650 11.77880
22.63100 11.63980
22.61750 11.75970
22.63360 11.70300
22.63490 11.70100
22.62680 11.77800
22.64010 11.72100
22.64880 11.62730
22.65390 11.60890
22.66920 11.49490
22.66440 11.66310
22.71240 11.12510
22.70150 11.42060
22.69520 11.37600
22.68480 11.44720
22.71230 11.30350
22.71020 11.21570
22.71760 11.12300
22.68220 11.41560
22.69770 11.36150
22.67280 11.89240
22.68260 11.88640
