22.40390 8.20080
22.34020 8.20080
22.56160 8.20080
22.54080 8.20080
22.59730 8.20080
22.37360 8.20080
22.38670 8.20080
22.36950 8.20080
22.49630 8.20080
22.22930 8.20080
22.56950 8.20080
22.45080 8.20080
22.62200 8.20080
22.55560 8.20080
22.37510 8.20080
22.35270 8.20080
22.36670 8.20080
22.57030 8.20080
22.34040 8.20080
22.70410 8.20080
22.65900 8.20080
22.35790 8.20080
22.54510 8.20080
22.47130 8.20080
22.58180 8.20080
22.48580 8.20080
22.38110 8.20080
22.50870 8.20080
22.30180 8.20080
22.32310 8.20080
