21.04660 24.79630
21.03450 25.19210
21.06320 24.17590
21.03290 24.42790
21.03320 24.32540
21.03500 24.28670
21.02180 24.99030
21.01840 25.01210
21.02010 25.50350
21.00340 26.23520
21.00850 25.71780
21.00310 26.15690
20.98260 25.89410
20.96910 26.11710
20.96860 26.02690
20.96550 25.73810
20.94590 26.23500
20.93680 26.44350
20.93150 26.56410
20.92530 26.67610
20.93230 26.29470
20.91590 26.50820
20.94600 26.23550
20.92310 26.75410
20.90960 27.13390
20.91560 26.82870
20.91020 27.04570
20.92920 27.25140
20.93730 26.68600
20.93160 27.06500
