21.75900 7.89510 1.62530
21.75320 7.95130 1.63930
21.78960 7.47920 1.53580
21.75590 7.69600 1.57810
21.73860 7.90020 1.63650
21.75980 7.61000 1.55820
21.74970 7.78560 1.58700
21.74280 7.87850 1.60540
21.74980 7.91620 1.60740
21.73390 8.19680 1.65810
21.72330 8.23350 1.68840
21.72240 8.31810 1.70270
21.69050 8.49430 1.74320
21.66940 8.72550 1.79840
21.66740 8.70630 1.79050
21.66020 8.67140 1.78710
21.63380 9.02320 1.85160
21.62590 9.13100 1.85960
21.61820 9.20630 1.88460
21.61320 9.25810 1.88710
21.61710 9.19240 1.87610
21.60920 9.14650 1.86590
21.62520 9.16720 1.87000
21.61820 9.15870 1.85390
21.60370 9.36180 1.87860
21.59550 9.43100 1.90870
21.60700 9.27120 1.85890
21.69540 8.32280 1.61560
21.63740 9.05720 1.82280
21.65070 8.87270 1.78490
