22.80990 39.19520
22.88840 34.49890
22.90580 32.74550
22.93350 33.03410
22.97900 32.55230
22.93450 37.96560
22.91540 37.21180
22.88130 40.12800
22.94730 36.92700
22.90320 38.76000
22.85490 38.63350
22.77080 41.94260
22.87610 37.10520
22.84770 39.23900
22.83770 41.67970
22.81020 41.36210
22.86860 38.58290
22.83240 38.34390
22.79440 39.18060
22.80290 39.38840
22.76000 39.75830
22.79570 40.76210
22.78420 40.42720
22.77860 40.57100
22.79780 39.63950
22.83140 36.20940
22.81980 37.62020
22.80130 39.56730
22.80620 39.37500
22.79480 37.72550
