23.23740 6.79450 1.06740
23.24890 6.70570 1.01760
23.26410 6.60150 1.00000
23.26020 6.63810 1.00040
23.25890 6.63090 1.00000
23.25400 6.66110 1.01450
23.25070 6.66800 1.01820
23.26050 6.59370 1.00000
23.22640 6.80530 1.07290
23.23450 6.76190 1.04760
23.22040 6.86390 1.06880
23.24090 6.76930 1.05680
23.25330 6.69490 1.02710
23.25670 6.69090 1.01040
23.24940 6.76490 1.02640
23.23210 6.84660 1.04880
23.23610 6.79000 1.05460
23.25170 6.74130 1.03220
23.22950 6.80660 1.08430
23.20900 7.01460 1.14890
23.20720 6.97420 1.12790
23.19610 7.06280 1.15430
23.18140 7.19440 1.19550
23.23770 6.75620 1.03510
23.24210 6.72510 1.03110
23.21640 6.89450 1.10420
23.17880 7.19480 1.18330
23.19460 7.02940 1.11720
23.17680 7.19910 1.17620
23.18360 7.14740 1.16570
