22.51400 22.76310
22.53590 22.09080
22.57260 21.47930
22.55530 21.81170
22.55760 21.76510
22.54540 21.92620
22.54480 21.95950
22.56220 21.58680
22.48880 22.99350
22.50510 22.60570
22.46890 23.50510
22.51130 22.82070
22.53570 22.32680
22.54150 22.09040
22.52160 22.68090
22.48860 23.31910
22.50330 22.81280
22.52530 22.62840
22.49400 22.96680
22.45370 24.17140
22.45140 23.96150
22.43000 24.55830
22.40410 25.24920
22.50710 22.66360
22.51360 22.47090
22.46780 23.49420
22.39550 25.43400
22.42460 24.46470
22.39460 25.33020
22.41020 24.92730
