22.22130 15.62080
22.19050 16.47040
22.11490 17.47790
22.10800 17.74870
22.11580 17.58500
22.18510 16.92180
22.06150 19.55020
22.07220 19.61980
22.14690 17.55830
22.15590 17.43140
22.13840 17.29410
22.14630 17.13830
22.12110 17.70870
22.14160 17.22600
22.20650 15.95250
22.06650 18.42810
22.15140 16.63230
22.17910 15.96040
22.11370 17.18440
22.04940 18.47750
22.14580 16.76080
22.05400 18.81370
22.06350 18.93240
22.06720 18.79580
22.09420 18.23050
22.09890 18.18860
22.13020 17.20640
22.14590 17.14740
21.94010 20.95830
21.95550 20.87020
