23.31600 11.00310 1.00000
23.28850 11.73220 1.00000
23.26910 12.20810 1.00000
23.26540 10.39670 1.00000
23.26610 10.95720 1.00000
23.20520 12.08480 1.00000
23.28530 10.65860 1.00000
23.02420 17.06840 1.00000
23.31020 12.24900 1.00000
23.15070 16.03200 1.00000
23.31320 11.71820 1.00000
23.28890 11.37110 1.00000
23.31240 10.32570 1.00000
23.31390 10.47200 1.00000
23.31170 10.20760 1.00000
23.28150 10.46090 1.00000
23.27350 10.32840 1.00000
23.26030 10.01440 1.00000
23.21560 11.54770 1.00000
23.23320 10.19260 1.00000
23.16370 12.43020 1.00000
23.12390 12.83450 1.00000
23.19570 10.44430 1.00000
23.14720 12.85080 1.00000
23.19310 11.98220 1.00000
23.11950 14.47100 1.00000
23.09370 15.15600 1.00000
23.22750 11.93970 1.00000
23.11640 13.72180 1.00000
23.17620 12.01140 1.00000
