22.37350 27.95540
22.32960 30.28910
22.28900 32.50800
22.36240 24.88060
22.32520 27.84130
22.12850 37.84050
22.36000 26.46940
21.75610 67.53280
22.31380 33.59450
21.83390 67.49330
22.31780 32.33470
22.27020 32.50900
22.42640 24.21460
22.38760 26.30170
22.41220 24.56210
22.34190 26.77030
22.37790 24.58380
22.39140 22.96290
22.16220 34.59620
22.34020 24.24860
22.01680 41.65740
21.92630 46.00460
22.31450 23.98890
21.93930 46.68970
22.24240 30.59890
21.93330 50.88510
21.98020 48.91330
22.26360 31.18540
21.99810 44.92270
22.19630 32.14070
