23.43630 9.95720
23.36970 11.86360
23.37510 10.85540
23.44230 9.34730
23.45950 9.68090
23.42530 9.34570
23.45200 9.18640
23.47340 9.27930
23.43970 8.81850
23.43130 6.69310
23.41140 6.02140
23.46250 6.71720
23.41690 6.17400
23.38780 7.37950
23.39740 8.37340
23.35370 6.47690
23.35510 5.49710
23.32330 4.94550
23.31280 4.89290
23.30100 5.83460
23.28540 5.56640
23.28780 5.50540
23.33190 5.44280
23.32390 5.87290
23.31140 5.95270
23.30380 6.49080
23.33070 5.22930
23.29320 5.22730
23.32460 5.30950
23.35480 5.31430
