24.06590 9.02950 1.00000
23.99530 9.06760 1.00000
24.04880 9.62630 1.00000
24.08710 9.06700 1.00000
24.09680 9.13240 1.00000
22.05240 0.01310 4.00000
24.10090 9.11900 1.00000
24.11920 8.98840 1.00000
21.91420 0.01330 4.00000
21.76690 0.01400 4.00000
21.69680 0.01420 4.00000
21.75550 0.01390 4.00000
21.47170 0.01450 4.00000
21.32980 0.01450 4.00000
21.81940 0.01360 4.00000
21.25210 0.01490 4.00000
21.83020 0.01430 4.00000
21.79300 0.01450 4.00000
21.82030 0.01450 4.00000
18.92720 0.09390 4.00000
21.54910 0.29890 4.00000
18.75640 0.08930 4.00000
18.73100 0.08510 4.00000
18.87300 0.08910 4.00000
18.65200 0.08430 4.00000
18.46170 0.07810 4.00000
21.80170 0.01450 4.00000
19.70440 0.12280 4.00000
19.38690 0.10810 4.00000
18.82050 0.08920 4.00000
