22.32050 13.07720
22.34080 12.96470
22.37250 12.74820
22.40570 12.45580
22.41500 12.33600
22.41210 12.35090
22.38530 12.61080
22.40140 12.39320
22.41250 12.42540
22.36340 12.92350
22.34870 12.98040
22.37390 12.74490
22.35150 12.93810
22.36650 12.77070
22.35310 12.91770
22.32690 13.18800
22.30350 13.38180
22.36340 12.90890
22.35080 13.02430
22.34700 13.03880
22.34940 13.01920
22.35250 13.03150
22.36850 12.92040
22.37500 12.81230
22.36750 12.87980
22.38440 12.72230
22.39470 12.65410
22.39640 12.51880
22.40540 12.51600
22.40340 12.55080
