21.99470 5.74330
21.98970 5.76170
22.00950 5.63440
22.01360 5.79870
22.02540 5.40630
22.02970 5.78730
22.03790 6.05170
22.05180 6.85140
22.05470 6.96280
22.05420 7.04060
22.05890 6.60760
22.04980 7.11810
22.03540 6.96160
22.04710 5.78830
22.04260 5.20890
22.02710 5.31530
22.02740 5.30560
22.02620 5.41410
22.04010 5.67740
22.03240 5.42040
22.01680 5.46700
22.00840 5.04360
22.03240 5.56180
22.01100 5.18770
22.03410 6.28730
22.01720 10.03760
22.00460 8.83320
22.04230 7.23210
22.01640 6.95120
22.00880 6.83150
