22.56570 7.29890 1.00000
22.57550 7.43860 1.00000
22.59380 7.35870 1.00000
22.59500 7.39340 1.00000
22.61020 7.23420 1.00000
22.60810 7.34770 1.00000
22.62630 7.56800 1.00000
22.65990 7.85430 1.00000
22.66340 7.90130 1.00000
22.66430 7.95370 1.00000
22.67200 7.79260 1.00000
22.66590 8.06980 1.00000
22.64800 7.96090 1.00000
22.62090 7.29070 1.00000
22.62590 7.07250 1.00000
22.60880 7.13450 1.00000
22.61150 7.15060 1.00000
22.60950 7.21790 1.00000
22.61700 7.27350 1.00000
22.60950 7.14560 1.00000
22.63960 7.36620 1.00000
22.59310 7.00340 1.00000
22.65940 7.43670 1.00000
22.59540 7.09870 1.00000
22.61840 7.62850 1.00000
22.51550 9.10790 1.37970
22.63110 8.73020 1.00000
22.62310 8.01840 1.00000
22.59100 7.80870 1.00000
22.58590 7.79880 1.00000
