22.37920 33.18290
22.39910 32.70160
22.40320 32.81410
22.37980 33.74350
22.45920 31.41860
22.45970 29.44580
22.39860 30.77180
22.35660 32.04640
22.47940 28.32560
22.36870 32.59600
22.22560 37.60900
22.30030 33.94380
22.33800 32.77270
22.44190 29.20550
22.39440 30.41580
22.39980 30.35760
22.46900 28.04950
22.35800 31.41230
22.35840 30.68760
22.32800 31.49850
22.31280 32.34200
22.30620 33.04060
22.47090 27.64020
22.46950 27.27800
22.47900 28.69480
22.38480 31.25040
22.29200 33.50820
22.36170 30.34680
22.28750 32.50500
22.36920 29.78400
