26.41480 3.71970
26.42370 10.34400
26.41070 9.43780
26.87940 8.23680
26.93260 0.01780
26.20890 2.83600
27.80160 0.00550
25.82780 4.02570
25.60250 5.11270
25.63640 5.08440
25.79750 4.74750
26.17030 4.14530
26.00810 4.05520
25.88880 4.38580
26.01970 3.44660
25.88330 3.83250
25.83480 4.02570
25.70360 4.63370
25.62690 4.53720
25.83660 3.67110
25.62650 5.03120
25.88110 4.16640
25.23120 5.46650
25.18360 5.57730
25.30850 5.97990
25.39790 5.69550
25.41340 5.56790
25.55490 4.37730
25.42780 5.49640
25.41210 6.03760
