23.67030 341.91000 1.00000
27.70510 6.94790 1.00000
26.50530 7.69900 1.00000
25.93180 463.49600 4.00000
0.00000 0.00000 0.00000
0.00000 0.00000 0.00000
40.95810 102267.00000 2.86790
22.61190 1481.25000 4.00000
26.17910 8.97700 1.00000
26.24110 8.73250 1.01770
24.64470 223.92500 4.00000
23.37910 1636.51000 2.90740
23.28980 972.33400 4.00000
23.13220 896.47700 4.00000
26.32460 38.64540 1.00000
23.09300 933.44600 4.00000
24.00890 423.22100 3.28580
23.36270 788.98100 4.00000
23.22470 682.50200 4.00000
24.93460 137.04300 4.00000
24.02070 357.65500 4.00000
25.09520 0.01090 4.00000
25.18140 5.36560 1.00000
25.13000 5.37050 1.00000
22.96940 609.99500 4.00000
18.57960 13122.50000 3.39870
23.04580 648.20600 4.00000
22.71740 1137.45000 4.00000
22.76370 806.48800 4.00000
22.52490 1010.12000 4.00000
