21.89730 6.79400
21.88400 6.79400
21.92130 6.79400
21.90310 6.79400
21.87760 6.79400
21.90190 6.79400
21.89410 6.79400
21.89090 6.79400
21.90410 6.79400
21.84180 6.79400
21.88380 6.79400
21.89240 6.79400
21.88760 6.79400
21.87900 6.79400
21.88990 6.79400
21.83840 6.79400
21.88150 6.79400
21.85430 6.79400
21.82890 6.79400
21.88540 6.79400
21.88300 6.79400
21.87760 6.79400
21.88310 6.79400
21.89530 6.79400
21.88320 6.79400
21.88790 6.79400
21.88900 6.79400
21.89290 6.79400
21.87070 6.79400
21.85200 6.79400
