20.75440 10.62800
20.74560 10.72140
20.73860 10.76710
20.73290 10.81120
20.72230 10.91420
20.72490 10.90090
20.71170 11.01870
20.70580 11.11550
20.69470 11.20810
20.69240 11.25440
20.68750 11.25870
20.68760 11.28730
20.69680 11.20860
20.69520 11.21890
20.70690 11.10620
20.70390 11.13950
20.71460 11.04730
20.70130 11.15230
20.69920 11.18200
20.71410 11.03850
20.71340 11.04470
20.71790 11.00480
20.69800 11.18450
20.68990 11.27270
20.69120 11.27140
20.69630 11.23610
20.70920 11.06690
20.72700 10.90370
20.71960 10.99790
20.72440 10.92140
