22.11080 49.51970
22.13020 49.58430
22.25340 44.12430
22.12360 52.80390
22.08810 55.15630
22.16960 50.74760
22.13400 53.21240
22.16490 50.50640
22.14610 49.63750
22.12720 52.98550
22.12470 54.89080
22.26970 44.65280
22.12410 54.26400
22.11750 54.62440
22.21950 46.96100
22.12140 53.60460
22.08900 53.36630
22.24200 44.64210
22.10040 53.99800
22.15000 49.34150
22.05010 56.45190
22.10610 52.24320
22.12260 51.03370
22.13530 50.82770
22.12060 53.61430
22.13720 52.58020
22.07610 53.69420
22.27150 44.37930
22.24720 45.32110
22.20020 46.16330
