22.14820 8.72870
22.14900 8.82620
22.15720 8.31970
22.15260 8.53750
22.16630 7.97210
22.14970 8.31300
22.13340 8.54330
22.13150 8.62850
22.14720 8.51310
22.16850 8.62110
22.14210 8.59950
22.15190 8.74610
22.17380 8.65060
22.16590 8.56260
22.17650 8.36230
22.15200 8.53970
22.16790 7.45950
22.16720 8.16160
22.18040 7.80800
22.12340 8.20640
22.15760 7.48160
22.13660 8.30480
22.16440 8.25120
22.16910 8.28750
22.11830 8.92060
22.10330 8.48600
22.08810 8.75040
22.09240 8.77160
22.08090 8.82220
22.08940 8.84770
