20.82620 7.17780
20.82720 7.18180
20.83080 7.17820
20.82760 7.20220
20.82340 7.21180
20.82820 7.20300
20.84000 7.16310
20.85030 7.10690
20.85170 7.09550
20.84610 7.11350
20.84530 7.11580
20.83110 7.17150
20.85620 7.09850
20.85510 7.11080
20.84880 7.12980
20.83610 7.17300
20.83630 7.16890
20.84320 7.14300
20.84570 7.13500
20.84240 7.13460
20.84350 7.12660
20.84880 7.10300
20.85000 7.10660
20.84730 7.10900
20.84290 7.12550
20.84600 7.11010
20.83940 7.12490
20.84280 7.10600
20.83150 7.15940
20.83150 7.16320
