21.74710 15.37900
21.74970 15.37900
21.75480 15.37900
21.79300 15.37900
21.78440 15.37900
21.77650 15.37900
21.75190 15.37900
21.75020 15.37900
21.75910 15.37900
21.76940 15.37900
21.72470 15.37900
21.74770 15.37900
21.75780 15.37900
21.74400 15.37900
21.74350 15.37900
21.72560 15.37900
21.73480 15.37900
21.71730 15.37900
21.72360 15.37900
21.72160 15.37900
21.72570 15.37900
21.71970 15.37900
21.72200 15.37900
21.72320 15.37900
21.69290 15.37900
21.70360 15.37900
21.69830 15.37900
21.73280 15.37900
21.73150 15.37900
21.72620 15.37900
