23.69600 7.44810
23.69510 7.44810
23.67780 7.44810
23.72590 7.44810
23.76810 7.44810
23.77630 7.44810
23.75820 7.44810
23.80870 7.44810
23.82790 7.44810
23.83470 7.44810
23.72710 7.44810
23.75490 7.44810
23.72440 7.44810
23.79800 7.44810
23.80660 7.44810
23.77660 7.44810
23.79310 7.44810
23.74770 7.44810
23.72650 7.44810
23.73590 7.44810
23.73020 7.44810
23.75550 7.44810
23.75810 7.44810
23.75930 7.44810
23.73280 7.44810
23.67670 7.44810
23.73640 7.44810
23.74470 7.44810
23.75780 7.44810
23.72260 7.44810
