22.81170 14.61170
22.82720 14.61170
22.81860 14.61170
22.78300 14.61170
22.87910 14.61170
22.88430 14.61170
22.84380 14.61170
22.83840 14.61170
22.82830 14.61170
22.80320 14.61170
22.81770 14.61170
22.84630 14.61170
22.84380 14.61170
22.80240 14.61170
22.77270 14.61170
22.77060 14.61170
22.82700 14.61170
22.80440 14.61170
22.84940 14.61170
22.80980 14.61170
22.80940 14.61170
22.75290 14.61170
22.75700 14.61170
22.78440 14.61170
22.74120 14.61170
22.77940 14.61170
22.78870 14.61170
22.79590 14.61170
22.78440 14.61170
22.78670 14.61170
