21.23840 26.56190
21.23430 26.44090
21.20700 27.04900
21.21480 26.84910
21.23120 26.57050
21.23170 26.65520
21.24020 26.57750
21.24360 26.18410
21.22740 26.92490
21.18520 28.50590
21.22110 27.20890
21.20530 27.42590
21.16120 29.09010
21.19870 27.93890
21.19710 27.75710
21.20280 28.38930
21.23910 26.95110
21.22150 27.25630
21.21740 27.28750
21.18270 28.14620
21.17990 28.24980
21.18870 28.54840
21.21340 27.94960
21.16190 30.10400
21.10720 31.80140
21.11350 30.52640
21.13960 29.21190
21.13380 28.35340
21.14490 28.33700
21.19320 27.34600
