21.99540 8.33990 1.58400
21.99080 8.22640 1.57400
21.95610 8.61850 1.64080
21.97220 8.43400 1.59160
21.99320 8.25500 1.55470
22.00480 8.15630 1.51800
22.01430 8.14910 1.52350
22.00950 8.08970 1.52540
21.98760 8.44560 1.59070
21.95980 8.82160 1.65970
21.97510 8.65190 1.65590
21.96450 8.67790 1.63990
21.92120 9.30890 1.74650
21.96690 8.78080 1.66340
21.94760 8.93710 1.71370
21.95920 9.10190 1.73570
21.98980 8.59960 1.66610
21.97850 8.65640 1.66590
21.94130 9.09130 1.77500
21.89870 9.54890 1.84390
21.93760 9.02190 1.71230
21.95030 9.08680 1.72050
21.99220 8.64420 1.63750
21.92340 9.70370 1.80680
21.85780 10.51780 1.91240
21.88410 9.75090 1.78580
21.91950 9.14980 1.69230
21.90540 8.93000 1.68020
21.92370 8.80560 1.64260
21.97900 8.32750 1.55220
