21.50790 24.45610
21.52890 24.18250
21.49020 25.06510
21.40890 26.60890
21.40930 26.10410
21.45590 25.50060
21.54090 23.93080
21.52120 24.52850
21.55310 23.92830
21.53180 23.64140
21.46500 25.02080
21.47150 25.04650
21.46510 24.84740
21.49700 23.91630
21.51830 23.16400
21.47570 24.79570
21.46310 25.23450
21.53540 23.40950
21.51170 24.00380
21.51500 23.77320
21.43900 26.23260
21.44810 25.71490
21.43550 26.30940
21.45220 26.29620
21.45550 26.05690
21.43790 26.81240
21.40820 27.27530
21.40810 26.58670
21.41330 27.09890
21.40590 27.43380
