22.25610 13.85500
22.29860 13.37580
22.31980 13.28810
22.30570 13.59190
22.27580 13.81710
22.27340 13.94910
22.28840 13.85530
22.29400 13.67410
22.30030 13.62490
22.29310 13.61110
22.26920 13.91230
22.26840 13.81530
22.26880 13.82830
22.27500 13.66290
22.28900 13.43940
22.29620 13.47430
22.30260 13.33750
22.30210 13.32990
22.29930 13.33260
22.29240 13.46900
22.29270 13.48340
22.28390 13.49690
22.29910 13.27140
22.28550 13.61310
22.28500 13.54140
22.30110 13.53790
22.28800 13.40940
22.29560 13.38670
22.25200 13.82420
22.24110 14.05900
