21.16690 10.95030
21.15580 11.07450
21.15270 11.13070
21.15640 11.10730
21.15610 11.08510
21.14630 11.25700
21.16810 10.92780
21.15880 11.06040
21.19770 10.46990
21.20340 10.41930
21.19300 10.51110
21.19200 10.42960
21.19680 10.34280
21.18390 10.61370
21.18260 10.54350
21.18250 10.57940
21.18270 10.47770
21.18740 10.42440
21.18420 10.30860
21.17370 10.52690
21.17800 10.42720
21.17120 10.60740
21.18740 10.38940
21.16580 10.69310
21.16840 10.59330
21.15960 10.71100
21.14610 10.87240
21.14900 10.80720
21.13720 11.06010
21.16030 10.66060
