21.04830 9.31250 3.16880
21.03610 9.49180 3.20290
21.03640 9.50740 3.21270
21.03140 9.62850 3.23210
21.02690 9.68370 3.23680
21.04020 9.49260 3.20460
20.98160 10.50700 3.49700
21.04010 9.48810 3.20590
21.04610 9.39510 3.19550
21.04160 9.48090 3.20490
21.01830 9.85250 3.28600
21.02040 9.82130 3.28220
21.04380 9.44330 3.20090
21.02950 9.66350 3.24890
21.01140 9.95820 3.30350
21.01350 9.96600 3.30480
21.02510 9.73080 3.25030
21.00480 10.07060 3.32730
21.03110 9.61730 3.22370
21.02730 9.65460 3.22760
21.02360 9.74310 3.24480
21.02220 9.77950 3.25240
21.01590 9.84240 3.26270
21.01270 9.86790 3.26930
21.03960 9.50540 3.20420
21.03500 9.57190 3.21600
21.04270 9.49000 3.20180
21.03390 9.61070 3.22070
21.02670 9.67290 3.23020
21.03180 9.66280 3.23220
