20.84850 13.35980
20.84160 13.46600
20.84880 13.33470
20.84740 13.39800
20.84310 13.47010
20.85030 13.36110
20.85540 13.28730
20.84980 13.36240
20.85550 13.24900
20.85270 13.30980
20.84600 13.42920
20.84900 13.35990
20.85550 13.24740
20.84960 13.37270
20.84420 13.44330
20.84680 13.43730
20.84480 13.45280
20.84110 13.50580
20.84260 13.41490
20.83970 13.42320
20.83950 13.48110
20.83910 13.57300
20.83510 13.54120
20.83390 13.53200
20.84030 13.62930
20.84350 13.49410
20.84030 13.45160
20.84450 13.41060
20.83840 13.47300
20.84390 13.53820
