21.79150 6.28330 1.33910
21.78200 6.25980 1.33740
21.78950 6.27920 1.34500
21.79680 6.29490 1.35130
21.78920 6.29380 1.34860
21.79140 6.30570 1.35820
21.77890 6.37540 1.38460
21.78580 6.37720 1.39580
21.78930 6.36790 1.38540
21.79030 6.23930 1.34490
21.78680 6.22240 1.32890
21.78760 6.21140 1.32430
21.78630 6.25140 1.34990
21.78660 6.25080 1.34870
21.78500 6.32640 1.36930
21.78890 6.34920 1.38100
21.77910 6.39270 1.38050
21.78160 6.31010 1.34840
21.77430 6.42520 1.41250
21.76280 6.48510 1.42680
21.76710 6.39970 1.40460
21.77850 6.26080 1.34480
21.77740 6.29380 1.35710
21.78490 6.21580 1.32440
21.79460 6.16480 1.29780
21.80030 6.06010 1.27160
21.79480 6.10190 1.27970
21.79420 6.09450 1.26980
21.79370 6.12470 1.29010
21.79660 6.13060 1.28970
