21.42700 16.40190
21.41900 15.83910
21.43210 15.69710
21.43890 15.60780
21.41800 16.24810
21.43090 15.82130
21.39430 16.35870
21.40110 16.14300
21.40410 16.80940
21.44170 15.62430
21.44220 15.89310
21.44160 15.64820
21.43040 15.65880
21.43530 16.17850
21.41800 15.87220
21.41250 16.00350
21.40170 16.09390
21.41410 15.86200
21.38850 16.15950
21.36460 16.30880
21.38240 16.05460
21.41620 15.67860
21.40550 16.60670
21.43380 16.24650
21.45440 15.50730
21.48500 15.48940
21.45950 16.04850
21.46210 15.97040
21.47230 15.56890
21.46910 15.70910
