22.65960 30.92290
22.68730 28.37570
22.67850 27.75370
22.51850 37.27460
22.60320 29.23950
22.59660 28.72510
22.61850 28.93200
22.68670 26.06130
22.72970 24.09160
22.70030 26.00980
22.82240 19.99640
22.85920 20.27100
22.81580 23.91730
22.28920 61.77810
22.20370 69.63280
22.12980 77.71490
22.13170 81.51120
22.08970 83.11140
22.03230 90.91800
22.23630 71.05120
22.26460 65.14550
22.62200 36.69870
22.88290 19.49660
22.88450 19.00010
22.62920 31.24120
22.82310 22.30890
22.80220 22.54320
22.67250 27.91140
22.57100 33.01480
22.88060 17.88720
