23.56350 13.05440 1.00000
23.55880 12.60290 1.00000
23.54070 12.47070 1.00000
23.50170 13.95620 1.00000
23.48780 12.54060 1.00000
23.44720 12.63820 1.00000
23.50000 12.68910 1.00000
23.49050 12.38450 1.00000
23.50510 11.98160 1.00000
23.50260 12.41110 1.00000
23.55270 10.89720 1.00000
23.58900 10.98860 1.00000
23.59980 11.73820 1.00000
23.49840 16.54280 1.00000
23.44190 17.67890 1.00000
23.34790 20.81930 1.00000
23.48840 18.40600 1.00000
23.46230 18.42450 1.00000
23.45380 19.10020 1.00000
23.45480 18.85050 1.00000
23.48340 17.56690 1.00000
23.56230 14.46460 1.00000
23.58990 11.01720 1.00000
23.58070 10.77220 1.00000
23.51350 12.94910 1.00000
23.53310 11.60520 1.00000
23.52490 11.87610 1.00000
23.46840 12.72620 1.00000
23.48280 12.81700 1.00000
23.50040 10.43890 1.00000
