22.64030 10.12470 1.00000
22.65710 9.69210 1.00000
22.63830 9.83020 1.00000
22.66940 9.46980 1.00000
22.64490 10.27810 1.00000
22.63820 10.19920 1.00000
22.64960 10.07450 1.00000
22.63720 9.75430 1.00000
22.65680 10.31130 1.00000
22.67230 10.37520 1.00000
22.61800 11.06130 1.00000
22.66870 10.40360 1.00000
22.65430 10.41730 1.00000
22.67310 9.42490 1.00000
22.65510 9.49350 1.00000
22.65190 9.70210 1.00000
22.63000 9.44840 1.00000
22.64790 9.44440 1.00000
22.63330 9.44820 1.00000
22.62240 9.72900 1.00000
22.56790 10.43400 1.00000
22.56310 10.56510 1.00000
22.57950 10.34510 1.00000
22.59280 10.39370 1.00000
22.53600 11.34940 1.00000
22.60630 10.21880 1.00000
22.59610 10.45960 1.00000
22.59130 10.54200 1.00000
22.59410 10.67740 1.00000
22.58900 10.30130 1.00000
