22.29330 14.09020
22.32320 13.26370
22.30330 13.27350
22.34590 12.70060
22.30820 13.87640
22.30290 13.70890
22.32430 13.10550
22.30050 13.22860
22.33590 13.59170
22.34350 13.87870
22.28740 14.87540
22.34880 13.82740
22.32860 13.90630
22.35010 12.72810
22.32650 12.93730
22.32120 12.91420
22.29630 12.91420
22.31830 12.80210
22.30510 12.78340
22.28770 13.40130
22.22160 14.26120
22.21990 14.66530
22.24540 14.11300
22.25740 14.27820
22.18370 15.85360
22.27330 14.00620
22.26490 14.33030
22.25010 14.37900
22.24490 14.81380
22.24960 14.22290
