22.96260 10.99430
22.90490 11.38920
22.88920 11.46570
22.91000 11.55370
22.87100 11.88450
22.91190 11.53850
22.95500 11.54850
22.91710 11.84110
22.97390 11.48860
23.01130 11.12490
22.97620 11.29660
22.94780 11.45000
22.91220 11.57100
22.93240 11.57270
22.90870 11.69070
22.91940 11.70180
22.88640 11.99820
22.91110 11.81970
22.82810 12.42120
22.79670 12.76440
22.81220 12.66730
22.87670 12.21410
22.89260 11.94360
22.81230 12.56410
22.78010 12.76350
22.80350 12.68750
22.83850 12.45630
22.85920 12.33260
22.88290 11.99540
22.89380 11.86510
