20.36150 6.80030 1.80250
20.37180 6.72040 1.78820
20.38380 6.62230 1.76390
20.39990 6.51570 1.74070
20.39630 6.56170 1.75050
20.40220 6.53520 1.74710
20.40170 6.52520 1.74480
20.39690 6.52810 1.74810
20.39310 6.57630 1.75630
20.38350 6.63250 1.77530
20.38530 6.60790 1.77020
20.39030 6.53470 1.75580
20.39070 6.57270 1.76290
20.38500 6.58550 1.77310
20.39040 6.55030 1.76430
20.39250 6.52890 1.76170
20.39740 6.51870 1.75770
20.39330 6.54160 1.76340
20.38020 6.63170 1.78350
20.38390 6.60550 1.77510
20.38250 6.59970 1.76730
20.38660 6.55130 1.75820
20.38490 6.55290 1.75770
20.37790 6.60630 1.76850
20.36720 6.69250 1.78710
20.37040 6.62670 1.77420
20.36350 6.67970 1.78700
20.36890 6.66010 1.78480
20.37190 6.63310 1.77450
20.37050 6.66920 1.78110
