21.29630 17.09220
21.28780 17.24380
21.35960 16.15340
21.31320 16.92140
21.27260 17.31960
21.29540 17.00800
21.27370 17.38270
21.28050 17.35650
21.30150 16.78960
21.28650 17.07450
21.30400 16.73660
21.31220 16.60610
21.30730 16.70800
21.29860 16.90150
21.31250 16.76260
21.29640 16.89160
21.25590 17.61200
21.29330 17.01990
21.29260 16.89690
21.26620 17.30900
21.26220 17.45940
21.30030 16.87420
21.28890 17.25750
21.28600 17.03830
21.26540 17.24680
21.26090 17.35640
21.22790 17.95150
21.21630 18.50380
21.26210 17.63380
21.30180 16.80540
