21.46770 17.40820
21.50100 17.04100
21.51650 16.77810
21.51400 16.88400
21.50930 16.94610
21.52140 16.94100
21.52790 16.77020
21.51880 16.81340
21.53960 16.57740
21.53600 16.53210
21.52820 16.73800
21.54440 16.39350
21.55510 16.23420
21.53790 16.53410
21.56050 16.19800
21.53400 16.54670
21.53260 16.48380
21.52960 16.62470
21.53660 16.46310
21.51620 16.61500
21.54970 16.33120
21.55150 16.54520
21.56420 16.46670
21.57700 16.31760
21.53680 16.91870
21.53680 16.87140
21.52150 17.05130
21.50950 17.25170
21.50340 17.37380
21.52940 17.14800
