21.20570 44.33690
21.17070 45.88890
21.16740 46.17530
21.17570 45.25420
21.19410 44.95650
21.21950 45.30490
21.21750 45.10320
21.18820 44.90380
21.18690 45.01840
21.24480 43.24830
21.25440 43.01230
21.25090 42.32690
21.25320 42.91480
21.24370 43.41030
21.21240 44.14790
21.20710 44.43050
21.23440 42.74660
21.27750 40.98120
21.27180 40.85510
21.27000 41.99410
21.25870 42.63630
21.22870 44.35450
21.25380 43.36670
21.20920 45.54950
21.20640 44.85280
21.19430 45.17650
21.20000 45.05320
21.20980 44.53720
21.26480 43.07310
21.28620 41.75050
