21.38600 16.63980
21.36020 16.97720
21.35040 16.97020
21.33210 17.14200
21.32190 17.31380
21.33520 17.07610
21.34080 17.15920
21.35260 16.98590
21.33030 17.32140
21.33050 17.16830
21.34660 16.84410
21.34700 17.12990
21.33330 17.10730
21.31130 17.39150
21.28710 17.67910
21.28690 17.64430
21.27530 17.80470
21.30300 17.26190
21.29790 17.30650
21.32320 17.31910
21.32010 17.28310
21.31100 17.44910
21.31680 17.37020
21.29020 17.47460
21.29580 17.36540
21.30520 17.38870
21.30020 17.27270
21.31180 17.15200
21.32260 17.17450
21.30390 17.27180
