22.58960 31.16860
22.61910 30.11840
22.54550 31.79390
22.54320 32.43090
22.64710 30.17690
22.61210 30.65050
22.51130 33.85090
22.41270 36.64880
22.43660 35.14560
22.36480 37.33910
22.39520 36.43860
22.42990 36.36330
22.55070 31.28190
22.56260 32.65730
22.61630 30.12300
22.67350 27.49370
22.62740 29.16550
22.59020 30.84580
22.60930 30.90130
22.60020 30.26980
22.61110 30.26850
22.58820 30.46820
22.56880 30.63210
22.61570 29.77840
22.58500 31.46710
22.63300 29.73250
22.59630 30.63370
22.55930 32.16540
22.56900 32.33920
22.64990 29.44830
