19.51910 868.97200 4.00000
19.05820 1347.83000 4.00000
18.38320 2265.66000 4.00000
23.33550 22.04670 1.00000
19.21290 1082.39000 4.00000
19.32790 1013.91000 4.00000
22.13660 72.53120 2.10310
19.03140 1316.23000 4.00000
18.98020 1197.32000 4.00000
18.85460 1393.03000 4.00000
19.15390 1147.56000 4.00000
19.15970 1139.78000 4.00000
19.05270 1164.58000 4.00000
19.14030 989.27800 4.00000
19.51050 783.50000 4.00000
18.24290 1925.41000 4.00000
19.08710 1151.17000 4.00000
16.86730 5715.54000 4.00000
19.14820 1049.20000 4.00000
19.59270 675.13800 4.00000
19.30160 992.31500 4.00000
18.97630 1242.30000 4.00000
18.69470 1473.18000 4.00000
19.10600 1238.46000 4.00000
18.95970 1300.40000 4.00000
18.89840 1399.82000 4.00000
18.22200 2062.21000 4.00000
19.34200 1004.70000 4.00000
18.68540 1567.18000 4.00000
19.13290 1174.50000 4.00000
