23.40360 15.71160
23.39260 15.71160
23.36530 15.71160
23.33550 15.71160
23.31050 15.71160
23.32470 15.71160
23.35310 15.71160
23.39610 15.71160
23.37280 15.71160
23.34480 15.71160
23.34160 15.71160
23.32920 15.71160
23.31700 15.71160
23.32320 15.71160
23.33990 15.71160
23.38550 15.71160
23.40480 15.71160
23.34800 15.71160
23.34390 15.71160
23.31810 15.71160
23.32430 15.71160
23.33050 15.71160
23.30260 15.71160
23.37730 15.71160
23.35500 15.71160
23.36360 15.71160
23.37370 15.71160
23.36960 15.71160
23.35640 15.71160
23.38300 15.71160
