22.42860 10.93980
22.42550 11.21230
22.46130 10.37370
22.44940 10.43500
22.46620 10.34790
22.52900 9.33460
22.52820 9.25410
22.49890 9.63680
22.44370 10.20570
22.45280 10.19580
22.44850 10.24670
22.41190 10.69240
22.46630 9.94350
22.43850 10.54520
22.42650 10.58870
22.33940 11.57730
22.32670 11.65440
22.35510 11.47090
22.33390 11.74690
22.31100 12.25230
22.33130 12.09310
22.37510 11.20720
22.34500 11.76510
22.38580 10.76880
22.40250 10.62740
22.45440 10.09710
22.36030 11.28500
22.34420 11.37440
22.34880 11.30140
22.35260 11.28720
