22.20050 16.32190
22.23120 15.76060
22.22040 15.89710
22.20340 16.09470
22.21880 15.94470
22.19080 16.36830
22.10310 17.43400
22.14060 16.80580
22.18320 16.17940
22.14880 16.72350
22.14760 16.86680
22.15710 16.57300
22.11970 17.13820
22.10790 16.95690
22.14730 16.52410
22.12560 16.97870
22.15180 16.69210
22.12260 17.40290
22.15170 16.77110
22.15240 16.73200
22.16910 16.55390
22.17230 16.42790
22.13170 16.88990
22.13000 16.80960
22.11240 17.31070
22.15090 16.66830
22.11340 16.88260
22.13380 16.88880
22.09030 17.78240
22.13150 16.96420
