22.23140 30.94920
22.21340 30.88220
22.25400 29.67810
22.24630 29.99970
22.21750 30.53020
22.14370 32.68720
22.15220 31.57330
22.15790 31.76120
22.12690 32.36080
22.18790 30.27530
22.21040 29.82670
22.24670 29.12750
22.37470 25.11700
22.28190 28.40430
22.27140 27.96550
22.30620 27.19900
22.23690 29.58390
22.27470 28.78950
22.27960 28.31070
22.30460 27.71300
22.29190 28.10110
22.24040 28.97650
22.18590 31.16220
22.25640 29.25330
22.51840 21.93430
22.50060 22.11160
22.49190 22.32020
22.42900 23.85950
22.37040 25.77310
22.29840 27.54830
