21.45320 18.61450
21.55280 15.78940
21.53860 16.11510
21.55170 16.03140
21.56830 15.50360
21.62530 13.87530
21.57090 15.66680
21.52550 17.55590
21.55500 15.94340
21.49650 18.55310
21.55100 16.75230
21.59700 15.74300
21.62050 14.35490
21.64240 14.31710
21.53050 17.41790
21.62290 14.54910
21.59410 15.54140
21.54240 17.38000
21.61550 14.08160
21.56200 15.83550
21.56970 15.77090
21.52270 16.97950
21.51600 17.15460
21.52360 16.44990
21.50990 17.04640
21.51140 16.58580
21.52010 16.61650
21.49440 17.55700
21.47640 17.89430
21.52100 16.45590
