22.24920 31.75100
22.22730 32.19690
22.24440 32.19990
22.28020 30.96840
22.27410 31.00440
22.31060 29.91700
22.27100 31.14270
22.23980 32.03490
22.25420 31.55910
22.31470 29.75370
22.34820 29.46200
22.40700 27.89320
22.46380 26.17160
22.50110 26.69140
22.55990 25.23920
22.59690 25.20940
22.54000 25.58370
22.48390 26.76730
22.47430 27.20530
22.42850 28.18700
22.41460 28.46860
22.40870 28.89940
22.46420 27.53990
22.47590 26.87280
22.48010 26.20460
22.47960 26.96280
22.45860 27.44300
22.53580 25.99000
22.51590 26.39390
22.44600 27.53260
