21.71120 62.58480 1.00000
20.57610 243.98100 3.28740
23.32900 18.78240 1.00000
22.46670 39.82970 1.00000
21.71250 66.92400 1.00000
23.52810 15.35260 1.00000
22.82810 29.46220 1.00000
22.82230 30.89750 1.00000
21.16500 180.56400 4.00000
21.03570 207.82900 4.00000
23.55790 14.44780 1.00000
23.61620 12.58830 1.00000
23.68610 10.18930 1.00000
23.58090 12.87710 1.00000
23.59270 12.57150 1.00000
23.56160 11.47320 1.00000
23.56020 12.60660 1.00000
23.53410 13.19390 1.00000
23.58680 10.88970 1.00000
23.63050 10.54110 1.00000
23.64440 10.60160 1.00000
23.61500 11.81480 1.00000
23.59990 12.08930 1.00000
23.54450 13.39730 1.00000
23.33640 17.62730 1.00000
23.36120 17.16460 1.00000
23.61360 11.62700 1.00000
23.53910 13.63190 1.00000
23.54790 13.99550 1.00000
23.48260 14.38990 1.00000
