18.98870 41.70680
20.20280 260.81400
22.62330 35.11830
21.71530 77.26930
20.36870 230.46600
22.82560 28.57360
21.97470 62.25390
22.22850 51.23900
22.84360 28.00840
22.94530 26.26730
22.96950 24.26200
23.14920 18.76270
23.23780 15.17010
23.09360 19.73410
23.03580 20.62820
23.10180 18.02410
23.00550 20.63810
23.05090 19.93700
23.14330 16.89770
23.16510 16.06910
23.17340 16.28550
23.16430 17.73400
23.04820 20.07480
22.93300 23.20750
22.69930 30.37690
22.56410 35.22150
23.06930 19.43980
22.87660 25.92390
22.89760 25.90650
22.79390 27.26640
