23.35850 15.85400
23.36360 15.85400
23.37250 15.85400
23.41530 15.85400
23.42730 15.85400
23.44310 15.85400
23.43010 15.85400
23.43070 15.85400
23.41640 15.85400
23.47790 15.85400
23.45860 15.85400
23.43890 15.85400
23.44040 15.85400
23.43920 15.85400
23.45020 15.85400
23.42220 15.85400
23.41790 15.85400
23.42280 15.85400
23.42210 15.85400
23.43410 15.85400
23.50300 15.85400
23.48800 15.85400
23.50700 15.85400
23.45370 15.85400
23.46990 15.85400
23.47930 15.85400
23.47670 15.85400
23.46520 15.85400
23.45680 15.85400
23.44240 15.85400
