22.73570 12.46280 1.00000
22.72550 12.45910 1.00000
22.70290 12.84270 1.00000
22.72080 13.52710 1.00000
22.72060 13.16680 1.00000
22.69040 13.56130 1.00000
22.79870 12.39140 1.00000
22.82860 12.29270 1.00000
22.70380 12.79260 1.00000
22.75520 13.50960 1.00000
22.76100 13.08780 1.00000
22.75760 12.35870 1.00000
22.74300 12.57620 1.00000
22.70740 13.01540 1.00000
22.75930 13.16960 1.00000
22.72830 13.52650 1.00000
22.76910 13.87350 1.00000
22.77110 12.92520 1.00000
22.80070 12.82660 1.00000
22.77630 13.05720 1.00000
22.75730 13.09140 1.00000
22.77090 13.12470 1.00000
22.79910 13.02580 1.00000
22.81680 13.12810 1.00000
22.83230 13.05210 1.00000
22.85090 13.23460 1.00000
22.83450 12.67850 1.00000
22.88670 12.78360 1.00000
23.02810 11.13190 1.00000
22.98480 11.54760 1.00000
