23.32470 12.85760 1.00000
23.36080 12.13460 1.00000
23.18590 14.40730 1.00000
23.21650 12.90100 1.00000
23.21220 13.54300 1.00000
23.16560 15.09120 1.00000
23.19440 14.30560 1.00000
23.27430 11.89260 1.00000
23.35340 11.33570 1.00000
23.29800 12.12170 1.00000
23.27390 11.79060 1.00000
23.22410 12.93320 1.00000
23.40550 11.41060 1.00000
23.21420 13.94860 1.00000
23.16110 14.69430 1.00000
23.19980 14.30580 1.00000
23.24300 13.29320 1.00000
23.18370 14.90960 1.00000
23.25370 13.31710 1.00000
23.24650 13.21290 1.00000
23.23940 13.68650 1.00000
23.29800 12.60310 1.00000
23.25060 14.15060 1.00000
23.32730 12.68690 1.00000
23.25700 14.16100 1.00000
23.23820 14.47180 1.00000
23.24810 14.19460 1.00000
23.31360 13.31390 1.00000
23.35980 12.59990 1.00000
23.32290 12.67550 1.00000
