20.96140 15.34800
20.93580 15.54660
20.95580 15.31760
20.93430 15.50410
20.93790 15.49180
20.94380 15.39800
20.97060 15.17710
20.94930 15.37190
20.94270 15.39610
20.96160 15.19510
20.96280 15.27030
20.96460 15.34600
20.94120 15.58040
20.93440 15.62170
20.93140 15.73780
20.91940 15.82610
20.91330 15.88830
20.93510 15.71960
20.92430 15.79290
20.91790 15.94190
20.92960 15.84940
20.90350 16.10560
20.89210 16.23270
20.89880 16.15510
20.93250 15.83280
20.95950 15.60980
20.94740 15.69610
20.93390 15.81110
20.93990 15.74470
20.94980 15.57680
