20.68630 8.24590 2.57490
20.71180 7.97500 2.51780
20.72090 7.86450 2.48830
20.69360 8.14990 2.55210
20.70290 8.06330 2.52930
20.66820 8.40780 2.59780
20.66260 8.49410 2.61730
20.72230 7.85860 2.48950
20.70940 7.98650 2.51710
20.67580 8.27490 2.57340
20.71230 7.90500 2.49160
20.68970 8.13980 2.54620
20.73130 7.67970 2.43950
20.72340 7.75930 2.45860
20.71910 7.79860 2.46380
20.72210 7.77820 2.46150
20.73080 7.67750 2.43660
20.72020 7.77150 2.45660
20.68440 8.13970 2.53380
20.68230 8.14420 2.53470
20.74140 7.57250 2.41210
20.70020 8.00000 2.49500
20.73900 7.60750 2.40160
20.73670 7.62140 2.40730
20.69690 7.99980 2.49860
20.69090 8.05970 2.50720
20.70000 7.98020 2.48790
20.71030 7.85660 2.47200
20.71060 7.84740 2.45860
20.71770 7.76270 2.43930
