20.25750 16.51110
20.26910 16.36100
20.27060 16.33940
20.25850 16.48760
20.26220 16.47470
20.24310 16.71030
20.24360 16.70720
20.27560 16.26120
20.26880 16.34660
20.24770 16.55290
20.26480 16.36310
20.25530 16.46700
20.27130 16.24850
20.26660 16.36570
20.26330 16.36040
20.26720 16.30960
20.26370 16.07960
20.26490 16.31280
20.24610 16.56790
20.24420 16.56960
20.27700 16.16550
20.25140 16.57970
20.26910 16.38330
20.26580 16.41250
20.24580 16.64600
20.24080 16.71310
20.24690 16.62890
20.25560 16.44380
20.25090 16.55130
20.25350 16.50290
