22.21140 9.72490 1.98540
22.13770 11.10570 2.16830
22.13560 11.10620 2.17850
22.09710 12.26810 2.34970
22.15990 10.48120 2.06710
22.20090 9.70580 1.93540
22.13470 10.47200 2.03950
22.19460 9.56080 1.90190
22.21290 9.15100 1.83010
22.23190 9.22800 1.86160
22.32150 7.82340 1.35000
22.30100 8.22420 1.40770
22.30100 8.07470 1.37170
22.26010 8.92750 1.55730
22.30080 8.18020 1.42640
22.26950 8.68210 1.52200
22.29850 8.01830 1.35270
22.31860 7.70470 1.29310
22.28770 7.91310 1.57070
22.31970 7.64670 1.30560
22.29580 8.01480 1.35400
22.32370 7.46980 1.25850
22.29810 7.80470 1.55880
22.30470 7.96170 1.60560
22.34420 7.42190 1.49430
22.29410 8.29640 1.67470
22.33390 8.09180 1.68560
22.32150 7.90950 1.61730
22.34960 7.37470 1.48970
22.35900 7.38770 1.49650
