21.68340 24.57390
21.61570 27.00890
21.61550 26.97000
21.61190 27.77690
21.63650 25.52240
21.63690 26.13380
21.58840 26.54900
21.63790 25.20600
21.64500 25.06200
21.67480 24.74950
21.67630 24.71830
21.64370 26.02920
21.64420 25.63380
21.59030 27.53600
21.65170 25.71740
21.60370 26.82880
21.64140 25.56310
21.68160 24.58090
21.74290 21.81080
21.69300 23.35860
21.64430 25.06460
21.69710 23.41530
21.74480 22.14270
21.76950 21.70470
21.83570 19.98410
21.75530 22.38490
21.82470 21.16660
21.79680 21.41180
21.85260 19.70470
21.86400 19.79050
