22.16860 19.74150
22.17070 20.58350
22.18020 19.45090
22.11690 20.06480
22.15220 19.67690
22.14060 19.73120
22.11470 20.87160
22.12960 21.64650
22.13880 20.50180
22.13280 20.27360
22.10250 20.12820
22.05510 20.16060
22.08380 19.79260
22.02610 20.87780
22.05880 20.38960
22.00820 21.02800
22.04950 20.64710
21.98010 21.90650
21.94530 22.64630
21.93230 23.42260
21.93160 23.54800
21.92780 23.19600
21.93350 23.18200
21.94010 23.20640
21.91470 23.82650
21.95920 23.33850
21.94830 23.50930
21.92470 24.19970
21.90220 24.93930
21.87740 25.91530
