22.22770 11.12910 1.00000
22.24430 10.93380 1.00000
22.25970 10.86020 1.00000
22.26150 10.85700 1.00000
22.26980 10.73090 1.00000
22.27220 10.72980 1.00000
22.26010 10.96880 1.00000
22.25070 11.04520 1.00000
22.24780 10.99650 1.00000
22.26140 10.95100 1.00000
22.24970 10.99690 1.00000
22.25910 10.68100 1.00000
22.24360 10.78590 1.00000
22.25060 10.75880 1.00000
22.23190 10.77840 1.00000
22.23950 10.76010 1.00000
22.24490 10.83120 1.00000
22.23840 10.82710 1.00000
22.23650 10.90630 1.00000
22.24680 10.88360 1.00000
22.22400 10.92260 1.00000
22.23590 10.96710 1.00000
22.21680 11.14570 1.00000
22.17160 11.98330 1.00000
22.16130 12.11290 1.00000
22.16970 12.05270 1.00000
22.16600 12.06100 1.00000
22.16030 12.15740 1.00000
22.12840 12.41100 1.00000
22.12590 12.52460 1.00000
