22.38730 0.01000
22.37230 0.01000
22.37770 0.01000
22.38600 0.01000
22.38170 0.01000
22.38190 0.01000
22.38960 0.01000
22.38940 0.01000
22.35260 0.01000
22.38270 0.01000
22.37760 0.01000
22.37050 0.01000
22.37850 0.01000
22.38620 0.01000
22.20010 5.21110
22.19090 5.22390
22.39470 0.01000
22.36880 0.01180
22.17290 5.25670
22.18780 5.25460
22.16720 5.53790
22.14380 5.70140
22.13740 5.72900
22.13020 5.83260
22.12670 5.70420
22.14670 5.59900
22.15010 5.56620
22.13680 5.76450
22.12820 5.80730
22.12440 5.79260
