22.40650 5.84940 1.00000
22.43940 6.06580 1.00000
22.43810 6.03370 1.00000
22.32970 0.01960 2.19060
22.33110 0.01000 2.17110
22.38650 5.84070 1.00000
22.44860 5.96350 1.00000
22.39850 5.77150 1.00000
22.43270 6.13100 1.00000
22.45230 6.00530 1.00000
22.40970 5.94480 1.00000
22.45460 6.09570 1.00000
22.41300 5.88350 1.00000
22.43410 5.91710 1.00000
22.47480 6.09680 1.00000
22.46680 6.10560 1.00000
22.48150 5.97820 1.00000
22.45770 6.06310 1.00000
22.44850 6.11740 1.00000
22.41270 5.96720 1.00000
22.44120 6.29740 1.00000
22.42560 6.45740 1.00000
22.41880 6.46890 1.00000
22.41590 6.55340 1.00000
22.37430 6.38470 1.00000
22.38920 6.30920 1.00000
22.43330 6.37340 1.00000
22.38340 6.44480 1.00000
22.37350 6.45320 1.00000
22.36400 6.40860 1.00000
