#iter           logP0016       logPprior       dS              accept          acceptance      weight          l0000p00spemd    l0000p01spemd    l0000p02spemd    l0000p03spemd    l0000p04spemd    l0000p06spemd    e00001lb01t03p02  e00001lb01t03p03  e00001lb01t03p04  e00001lb01t03p05  e00001lb01t03p06  e00001lb02t01p00  e00001lb02t01p01  e00001lb02t01p02  e00001lb03t01p00  e00001lb03t01p01  e00001lb03t01p02 
#pname          --------       ---------       --              ------          ----------      ------          x-coord          y-coord          b/a              theta            theta_e          gam              unknown          unknown          unknown          unknown          unknown          unknown          unknown          unknown          unknown          unknown          unknown         
12             7.097616e+03    5.641729e+00    5.000000e-02    1               0.076923        1.300000e+01    +3.94000000e+00  +3.94000000e+00  +6.50000000e-01  -1.17300000e+00  +1.63000000e+00  +6.00000000e-01  +9.00000000e-01  +2.09000000e+00  +1.14808000e-01  +1.95000000e+00  +5.00000000e+00  +1.92000000e+00  +3.04000000e+00  +8.00000000e+02  +4.96000000e+00  +4.48000000e+00  +2.00000000e+03 
13             7.103217e+03    5.638855e+00    5.000000e-02    1               0.142857        1.000000e+00    +3.94505280e+00  +3.93664514e+00  +6.49354521e-01  -1.16865181e+00  +1.62991384e+00  +6.00158856e-01  +8.99049200e-01  +2.09213444e+00  +1.13656246e-01  +1.94881884e+00  +4.99877724e+00  +1.91984072e+00  +3.03973402e+00  +8.00878674e+02  +4.95928611e+00  +4.47928642e+00  +2.00087369e+03 
14             7.135815e+03    5.638360e+00    5.000000e-02    1               0.200000        1.000000e+00    +3.94345888e+00  +3.93441804e+00  +6.48393194e-01  -1.17567604e+00  +1.63316040e+00  +5.99247867e-01  +8.99654442e-01  +2.08808671e+00  +1.11498502e-01  +1.95096161e+00  +5.00234302e+00  +1.91984410e+00  +3.03924524e+00  +7.99848835e+02  +4.95948609e+00  +4.47937716e+00  +1.99927823e+03 
22             7.143011e+03    5.627101e+00    5.000000e-02    1               0.173913        8.000000e+00    +3.94353716e+00  +3.92678198e+00  +6.49771215e-01  -1.17931882e+00  +1.63741328e+00  +5.99261149e-01  +8.97973910e-01  +2.08484470e+00  +1.12497221e-01  +1.95458475e+00  +5.00311868e+00  +1.91953998e+00  +3.03965397e+00  +7.98957956e+02  +4.95996072e+00  +4.47885528e+00  +1.99950557e+03 
23             7.154153e+03    5.639369e+00    5.000000e-02    1               0.208333        1.000000e+00    +3.94267639e+00  +3.93520052e+00  +6.48957732e-01  -1.18305301e+00  +1.63744268e+00  +5.99795967e-01  +8.96536215e-01  +2.07508326e+00  +1.17055117e-01  +1.95309564e+00  +5.00537546e+00  +1.91965124e+00  +3.03876950e+00  +7.99307924e+02  +4.96038334e+00  +4.47805072e+00  +1.99927167e+03 
24             7.161344e+03    5.632367e+00    5.000000e-02    1               0.240000        1.000000e+00    +3.94794870e+00  +3.93247324e+00  +6.50741155e-01  -1.18602412e+00  +1.63388467e+00  +5.99778589e-01  +8.96650395e-01  +2.07475252e+00  +1.10520519e-01  +1.95089257e+00  +5.01018637e+00  +1.91982592e+00  +3.03843662e+00  +7.99494307e+02  +4.95984125e+00  +4.47728505e+00  +1.99929663e+03 
25             7.205628e+03    5.621870e+00    5.000000e-02    1               0.269231        1.000000e+00    +3.94610659e+00  +3.92527265e+00  +6.50279701e-01  -1.18774908e+00  +1.62908972e+00  +5.99685615e-01  +8.95896326e-01  +2.06738324e+00  +1.15557334e-01  +1.95142602e+00  +5.01144246e+00  +1.91964195e+00  +3.03776740e+00  +7.98487931e+02  +4.95964849e+00  +4.47760682e+00  +1.99943482e+03 
26             7.206120e+03    5.602148e+00    5.000000e-02    1               0.296296        1.000000e+00    +3.95089528e+00  +3.92030425e+00  +6.48457271e-01  -1.18664540e+00  +1.63029970e+00  +5.99228099e-01  +8.94241835e-01  +2.07068434e+00  +1.10965433e-01  +1.94859777e+00  +5.01046979e+00  +1.91945455e+00  +3.03749326e+00  +7.98221736e+02  +4.96082091e+00  +4.47752952e+00  +2.00027876e+03 
28             7.246143e+03    5.591821e+00    5.000000e-02    1               0.310345        2.000000e+00    +3.94794243e+00  +3.91600566e+00  +6.48896967e-01  -1.18777232e+00  +1.62647101e+00  +5.98554839e-01  +8.94764673e-01  +2.06861433e+00  +1.10767814e-01  +1.94987087e+00  +5.01094488e+00  +1.91957041e+00  +3.03672880e+00  +7.97083377e+02  +4.96126747e+00  +4.47802197e+00  +2.00018645e+03 
34             7.306929e+03    5.601844e+00    5.000000e-02    1               0.285714        6.000000e+00    +3.94013552e+00  +3.91740565e+00  +6.48074770e-01  -1.18608999e+00  +1.61605224e+00  +5.99054884e-01  +8.95282766e-01  +2.06957461e+00  +1.10786937e-01  +1.94877532e+00  +5.00883935e+00  +1.91851343e+00  +3.03637671e+00  +7.96894664e+02  +4.96054568e+00  +4.47794061e+00  +2.00154673e+03 
39             7.337447e+03    5.595496e+00    5.000000e-02    1               0.275000        5.000000e+00    +3.93613085e+00  +3.91598323e+00  +6.48323917e-01  -1.19714149e+00  +1.61020568e+00  +5.98937958e-01  +8.95600508e-01  +2.06915759e+00  +1.07005185e-01  +1.94886685e+00  +5.00260902e+00  +1.91844861e+00  +3.03535458e+00  +7.96556771e+02  +4.96081160e+00  +4.47797454e+00  +2.00051923e+03 
41             7.344011e+03    5.598652e+00    5.000000e-02    1               0.285714        2.000000e+00    +3.93490084e+00  +3.91707893e+00  +6.43781876e-01  -1.20165865e+00  +1.61370218e+00  +5.99199816e-01  +8.94728473e-01  +2.06351583e+00  +1.06061575e-01  +1.94708028e+00  +4.99856787e+00  +1.91802036e+00  +3.03523381e+00  +7.95715561e+02  +4.96050838e+00  +4.47820605e+00  +2.00078516e+03 
48             7.345942e+03    5.598379e+00    5.000000e-02    1               0.265306        7.000000e+00    +3.93234345e+00  +3.91772327e+00  +6.46183556e-01  -1.19978389e+00  +1.60914286e+00  +5.99603824e-01  +8.93209780e-01  +2.06667635e+00  +1.07744462e-01  +1.94993101e+00  +4.99238093e+00  +1.91788493e+00  +3.03543745e+00  +7.96448213e+02  +4.96006408e+00  +4.47821584e+00  +1.99957402e+03 
55             7.364635e+03    5.576278e+00    5.000000e-02    1               0.250000        7.000000e+00    +3.93206401e+00  +3.91216502e+00  +6.43508745e-01  -1.20174902e+00  +1.60429845e+00  +5.99584680e-01  +8.91902177e-01  +2.06270926e+00  +1.11547302e-01  +1.94845478e+00  +4.99465844e+00  +1.91710167e+00  +3.03541945e+00  +7.96039643e+02  +4.96035668e+00  +4.47764204e+00  +2.00005305e+03 
58             7.366790e+03    5.561959e+00    5.000000e-02    1               0.254237        3.000000e+00    +3.92971619e+00  +3.90974616e+00  +6.43103872e-01  -1.21089551e+00  +1.61011879e+00  +5.99774876e-01  +8.90862295e-01  +2.06372842e+00  +1.12584006e-01  +1.94711420e+00  +4.99541116e+00  +1.91722942e+00  +3.03517539e+00  +7.96197516e+02  +4.96042640e+00  +4.47805924e+00  +2.00166090e+03 
63             7.369440e+03    5.567584e+00    5.000000e-02    1               0.250000        5.000000e+00    +3.92855351e+00  +3.91139882e+00  +6.42392110e-01  -1.20939960e+00  +1.60166554e+00  +6.00209806e-01  +8.91329825e-01  +2.05827540e+00  +1.05993403e-01  +1.95250647e+00  +4.98751900e+00  +1.91694197e+00  +3.03496199e+00  +7.95959603e+02  +4.96038437e+00  +4.47907252e+00  +2.00185204e+03 
64             7.368631e+03    5.521657e+00    5.000000e-02    1               0.261538        1.000000e+00    +3.92591562e+00  +3.90341392e+00  +6.44862129e-01  -1.20770843e+00  +1.59668415e+00  +5.99906477e-01  +8.92456354e-01  +2.05677515e+00  +1.07081835e-01  +1.95216408e+00  +4.98525239e+00  +1.91740213e+00  +3.03504529e+00  +7.96068438e+02  +4.96002833e+00  +4.47928126e+00  +2.00381285e+03 
66             7.369978e+03    5.518088e+00    5.000000e-02    1               0.268657        2.000000e+00    +3.92482022e+00  +3.90322806e+00  +6.44773426e-01  -1.20737455e+00  +1.59925302e+00  +5.99605645e-01  +8.92573658e-01  +2.05643399e+00  +1.05940924e-01  +1.95616490e+00  +4.98072013e+00  +1.91778281e+00  +3.03467132e+00  +7.95716943e+02  +4.96001514e+00  +4.47871096e+00  +2.00419260e+03 
68             7.408001e+03    5.528542e+00    5.000000e-02    1               0.275362        2.000000e+00    +3.93340029e+00  +3.90251366e+00  +6.43135600e-01  -1.20973506e+00  +1.60370847e+00  +5.99311822e-01  +8.91953324e-01  +2.06771870e+00  +1.08289248e-01  +1.95544542e+00  +4.97555305e+00  +1.91779770e+00  +3.03375276e+00  +7.96010694e+02  +4.96075083e+00  +4.47883407e+00  +2.00574031e+03 
69             7.446318e+03    5.534328e+00    5.000000e-02    1               0.285714        1.000000e+00    +3.93817929e+00  +3.90296743e+00  +6.44434688e-01  -1.20985889e+00  +1.60700998e+00  +5.99486350e-01  +8.91608158e-01  +2.06625415e+00  +1.10124432e-01  +1.95583865e+00  +4.97009893e+00  +1.91700978e+00  +3.03310822e+00  +7.96257502e+02  +4.96000168e+00  +4.47807435e+00  +2.00497753e+03 
73             7.473765e+03    5.530925e+00    5.000000e-02    1               0.283784        4.000000e+00    +3.93433048e+00  +3.90276914e+00  +6.45421836e-01  -1.21074377e+00  +1.61164734e+00  +5.99917010e-01  +8.91705447e-01  +2.06434717e+00  +1.13301889e-01  +1.95706580e+00  +4.96975936e+00  +1.91641810e+00  +3.03276437e+00  +7.96690179e+02  +4.95932515e+00  +4.47819371e+00  +2.00505280e+03 
76             7.485079e+03    5.520357e+00    5.000000e-02    1               0.285714        3.000000e+00    +3.93336918e+00  +3.90114659e+00  +6.43703304e-01  -1.20673230e+00  +1.62000405e+00  +5.99529428e-01  +8.93173607e-01  +2.05993017e+00  +1.13902364e-01  +1.95470156e+00  +4.97120178e+00  +1.91643117e+00  +3.03225368e+00  +7.96825456e+02  +4.96011244e+00  +4.47838665e+00  +2.00392700e+03 
82             7.495389e+03    5.551821e+00    5.000000e-02    1               0.277108        6.000000e+00    +3.92919731e+00  +3.90784238e+00  +6.43309735e-01  -1.21185152e+00  +1.61609505e+00  +6.00540316e-01  +8.93144191e-01  +2.06661381e+00  +1.07833787e-01  +1.95384372e+00  +4.97285072e+00  +1.91669134e+00  +3.03174055e+00  +7.96722159e+02  +4.96058300e+00  +4.47811007e+00  +2.00578174e+03 
85             7.496070e+03    5.571349e+00    5.000000e-02    1               0.279070        3.000000e+00    +3.92951595e+00  +3.91187623e+00  +6.42378560e-01  -1.21154513e+00  +1.61712051e+00  +6.00516688e-01  +8.91935404e-01  +2.06658790e+00  +1.08458262e-01  +1.95334913e+00  +4.97053767e+00  +1.91688406e+00  +3.03143634e+00  +7.95893043e+02  +4.96049184e+00  +4.47793988e+00  +2.00560554e+03 
90             7.510651e+03    5.585853e+00    5.000000e-02    1               0.274725        5.000000e+00    +3.92939939e+00  +3.91544725e+00  +6.43693133e-01  -1.21350639e+00  +1.62586492e+00  +5.99853307e-01  +8.91832501e-01  +2.06782909e+00  +1.04419403e-01  +1.95602104e+00  +4.96886169e+00  +1.91606376e+00  +3.03062303e+00  +7.94964290e+02  +4.96025458e+00  +4.47820957e+00  +2.00542841e+03 
97             7.536561e+03    5.593150e+00    5.000000e-02    1               0.265306        7.000000e+00    +3.93049046e+00  +3.91694834e+00  +6.43620215e-01  -1.21030023e+00  +1.62661380e+00  +6.00213461e-01  +8.90657402e-01  +2.06898901e+00  +1.08604731e-01  +1.95704480e+00  +4.96787683e+00  +1.91604694e+00  +3.03035328e+00  +7.94623520e+02  +4.95995738e+00  +4.47809000e+00  +2.00665367e+03 
98             7.553732e+03    5.588616e+00    5.000000e-02    1               0.272727        1.000000e+00    +3.93170749e+00  +3.91528001e+00  +6.41696696e-01  -1.20349856e+00  +1.63224896e+00  +6.00037515e-01  +8.93647265e-01  +2.07570323e+00  +1.05491782e-01  +1.95476929e+00  +4.97203435e+00  +1.91552371e+00  +3.02980800e+00  +7.94739365e+02  +4.95977519e+00  +4.47885488e+00  +2.00599226e+03 
99             7.582151e+03    5.564170e+00    5.000000e-02    1               0.280000        1.000000e+00    +3.93147616e+00  +3.90966687e+00  +6.42113535e-01  -1.18789625e+00  +1.62982370e+00  +5.99535650e-01  +8.95577644e-01  +2.07574503e+00  +1.11285908e-01  +1.95433394e+00  +4.97837055e+00  +1.91528076e+00  +3.02950928e+00  +7.93829742e+02  +4.96080325e+00  +4.47853709e+00  +2.00685578e+03 
103            7.615305e+03    5.583231e+00    5.000000e-02    1               0.278846        4.000000e+00    +3.93293357e+00  +3.91356465e+00  +6.44198099e-01  -1.17729951e+00  +1.63043831e+00  +5.99865772e-01  +8.95423797e-01  +2.07355479e+00  +1.06366304e-01  +1.95289574e+00  +4.98089355e+00  +1.91414961e+00  +3.02831993e+00  +7.94029051e+02  +4.96069380e+00  +4.47848909e+00  +2.00755821e+03 
105            7.636435e+03    5.536091e+00    5.000000e-02    1               0.283019        2.000000e+00    +3.92867095e+00  +3.90501690e+00  +6.43702511e-01  -1.18476386e+00  +1.63570060e+00  +5.99880291e-01  +8.95856913e-01  +2.07532322e+00  +1.07763731e-01  +1.95297056e+00  +4.98219690e+00  +1.91411656e+00  +3.02776697e+00  +7.94251477e+02  +4.96090192e+00  +4.47823146e+00  +2.00875365e+03 
106            7.646102e+03    5.559455e+00    5.000000e-02    1               0.289720        1.000000e+00    +3.93435800e+00  +3.90804273e+00  +6.43833154e-01  -1.17880991e+00  +1.63306196e+00  +6.00757094e-01  +8.93925699e-01  +2.07426234e+00  +1.11416170e-01  +1.95354760e+00  +4.97843940e+00  +1.91471597e+00  +3.02748590e+00  +7.94037705e+02  +4.96101514e+00  +4.47829342e+00  +2.00869692e+03 
110            7.660138e+03    5.573715e+00    5.000000e-02    1               0.288288        4.000000e+00    +3.93289852e+00  +3.91136190e+00  +6.42828663e-01  -1.17781551e+00  +1.62884667e+00  +6.01346579e-01  +8.92464920e-01  +2.06756582e+00  +1.07037963e-01  +1.95716528e+00  +4.97970884e+00  +1.91419436e+00  +3.02672057e+00  +7.94777548e+02  +4.96070491e+00  +4.47838115e+00  +2.00799437e+03 
113            7.668688e+03    5.588990e+00    5.000000e-02    1               0.289474        3.000000e+00    +3.93873834e+00  +3.91404892e+00  +6.46866060e-01  -1.16268220e+00  +1.62307335e+00  +6.00811503e-01  +8.93286069e-01  +2.07203246e+00  +1.10356217e-01  +1.96002556e+00  +4.98428249e+00  +1.91435230e+00  +3.02673241e+00  +7.94628122e+02  +4.96079988e+00  +4.47890215e+00  +2.00999505e+03 
117            7.673584e+03    5.558897e+00    5.000000e-02    1               0.288136        4.000000e+00    +3.93418637e+00  +3.90796182e+00  +6.47147286e-01  -1.16355439e+00  +1.62446893e+00  +6.00617513e-01  +8.95047248e-01  +2.06940091e+00  +1.13817082e-01  +1.95732912e+00  +4.98588017e+00  +1.91390589e+00  +3.02650639e+00  +7.94398061e+02  +4.96084885e+00  +4.47971831e+00  +2.01076623e+03 
118            7.684097e+03    5.549537e+00    5.000000e-02    1               0.294118        1.000000e+00    +3.93588978e+00  +3.90589481e+00  +6.46583774e-01  -1.15988455e+00  +1.62140782e+00  +6.00131878e-01  +8.94171359e-01  +2.07185938e+00  +1.10790951e-01  +1.95800625e+00  +4.98885716e+00  +1.91392040e+00  +3.02622528e+00  +7.94539788e+02  +4.96051022e+00  +4.48033466e+00  +2.01038330e+03 
127            7.700534e+03    5.558869e+00    5.000000e-02    1               0.281250        9.000000e+00    +3.93242682e+00  +3.90832594e+00  +6.44014535e-01  -1.16662201e+00  +1.61877805e+00  +5.99970358e-01  +8.92451232e-01  +2.06843551e+00  +1.07797968e-01  +1.95390416e+00  +4.98345472e+00  +1.91326895e+00  +3.02547816e+00  +7.94684123e+02  +4.96030126e+00  +4.48019245e+00  +2.00969298e+03 
132            7.709961e+03    5.529117e+00    5.000000e-02    1               0.278195        5.000000e+00    +3.92418010e+00  +3.90548685e+00  +6.45018264e-01  -1.17504892e+00  +1.61462190e+00  +5.99977411e-01  +8.92161922e-01  +2.08097904e+00  +1.12327404e-01  +1.95501128e+00  +4.97827621e+00  +1.91276940e+00  +3.02530002e+00  +7.94698357e+02  +4.96056467e+00  +4.48005878e+00  +2.01219494e+03 
135            7.721249e+03    5.501706e+00    5.000000e-02    1               0.279412        3.000000e+00    +3.92729551e+00  +3.89961583e+00  +6.45454434e-01  -1.16723481e+00  +1.61660329e+00  +5.99842402e-01  +8.92921724e-01  +2.08395569e+00  +1.12514358e-01  +1.96087487e+00  +4.97954618e+00  +1.91247676e+00  +3.02520090e+00  +7.95002141e+02  +4.96048059e+00  +4.48069688e+00  +2.01304793e+03 
144            7.732725e+03    5.483872e+00    5.000000e-02    1               0.268966        9.000000e+00    +3.92897990e+00  +3.89642111e+00  +6.43673651e-01  -1.16668031e+00  +1.61433461e+00  +6.00112545e-01  +8.92355820e-01  +2.08350028e+00  +1.13342236e-01  +1.95612875e+00  +4.97672757e+00  +1.91171165e+00  +3.02467105e+00  +7.95064668e+02  +4.96011886e+00  +4.48095623e+00  +2.01367518e+03 
148            7.737122e+03    5.500061e+00    5.000000e-02    1               0.268456        4.000000e+00    +3.93040038e+00  +3.89851271e+00  +6.41922816e-01  -1.17073119e+00  +1.62078051e+00  +6.00616191e-01  +8.91774396e-01  +2.08392969e+00  +1.12624295e-01  +1.95216741e+00  +4.97086385e+00  +1.91181279e+00  +3.02464180e+00  +7.94680451e+02  +4.95984171e+00  +4.48079011e+00  +2.01392008e+03 
149            7.748486e+03    5.510566e+00    5.000000e-02    1               0.273333        1.000000e+00    +3.93603447e+00  +3.89921827e+00  +6.42504543e-01  -1.15976949e+00  +1.62266705e+00  +6.00720561e-01  +8.92554975e-01  +2.08986005e+00  +1.10953456e-01  +1.95177072e+00  +4.97403804e+00  +1.91135425e+00  +3.02394538e+00  +7.94913270e+02  +4.96019346e+00  +4.48027587e+00  +2.01323574e+03 
153            7.753855e+03    5.537885e+00    5.000000e-02    1               0.272727        4.000000e+00    +3.93748240e+00  +3.90362885e+00  +6.43062026e-01  -1.16638530e+00  +1.61903550e+00  +6.01438193e-01  +8.90242744e-01  +2.08745962e+00  +1.16027437e-01  +1.94899700e+00  +4.97070285e+00  +1.91176209e+00  +3.02365189e+00  +7.93390721e+02  +4.96033958e+00  +4.48067326e+00  +2.01539526e+03 
158            7.753642e+03    5.534206e+00    5.000000e-02    1               0.270440        5.000000e+00    +3.93867675e+00  +3.90292531e+00  +6.42707419e-01  -1.17084495e+00  +1.61865703e+00  +6.00307136e-01  +8.90037071e-01  +2.08893559e+00  +1.15220727e-01  +1.94809368e+00  +4.96646232e+00  +1.91181236e+00  +3.02373290e+00  +7.93068388e+02  +4.96037342e+00  +4.48024026e+00  +2.01468383e+03 
163            7.784287e+03    5.521309e+00    5.000000e-02    1               0.268293        5.000000e+00    +3.93352225e+00  +3.90127775e+00  +6.42896920e-01  -1.17488925e+00  +1.62469168e+00  +5.98691406e-01  +8.87517532e-01  +2.08471039e+00  +1.13212796e-01  +1.94522917e+00  +4.96980587e+00  +1.91202071e+00  +3.02243380e+00  +7.92901826e+02  +4.96000129e+00  +4.47938925e+00  +2.01399148e+03 
165            7.795321e+03    5.541832e+00    5.000000e-02    1               0.271084        2.000000e+00    +3.93183972e+00  +3.90518492e+00  +6.42959893e-01  -1.17963819e+00  +1.61512758e+00  +5.98608520e-01  +8.87789872e-01  +2.08614250e+00  +1.16053852e-01  +1.94862750e+00  +4.96406305e+00  +1.91209248e+00  +3.02151643e+00  +7.93038538e+02  +4.96000241e+00  +4.47928475e+00  +2.01323724e+03 
172            7.795504e+03    5.571991e+00    5.000000e-02    1               0.265896        7.000000e+00    +3.93237383e+00  +3.91111261e+00  +6.43296280e-01  -1.18400325e+00  +1.61451709e+00  +5.98249370e-01  +8.84253032e-01  +2.08221775e+00  +1.09294815e-01  +1.95119581e+00  +4.97473824e+00  +1.91294282e+00  +3.02111035e+00  +7.92592933e+02  +4.96054246e+00  +4.47945254e+00  +2.01378591e+03 
174            7.802924e+03    5.608588e+00    5.000000e-02    1               0.268571        2.000000e+00    +3.93630028e+00  +3.91973893e+00  +6.39877050e-01  -1.17359293e+00  +1.62081694e+00  +5.98353179e-01  +8.86968684e-01  +2.08104162e+00  +1.10920839e-01  +1.95137832e+00  +4.97178008e+00  +1.91248177e+00  +3.02115946e+00  +7.92497365e+02  +4.96028539e+00  +4.47984105e+00  +2.01297712e+03 
181            7.805711e+03    5.623137e+00    5.000000e-02    1               0.263736        7.000000e+00    +3.94027812e+00  +3.92457634e+00  +6.38557978e-01  -1.17820034e+00  +1.61759394e+00  +5.98973067e-01  +8.87989553e-01  +2.07235433e+00  +1.11812378e-01  +1.95433556e+00  +4.97655514e+00  +1.91160397e+00  +3.02118929e+00  +7.92308024e+02  +4.96008609e+00  +4.48042610e+00  +2.01330276e+03 
188            7.810655e+03    5.612250e+00    5.000000e-02    1               0.259259        7.000000e+00    +3.93103144e+00  +3.92276937e+00  +6.37856589e-01  -1.17785125e+00  +1.61233659e+00  +5.99938979e-01  +8.86977126e-01  +2.07076238e+00  +1.08500269e-01  +1.95117069e+00  +4.98273410e+00  +1.91150033e+00  +3.02006711e+00  +7.92342334e+02  +4.96011637e+00  +4.47995496e+00  +2.01409423e+03 
189            7.829206e+03    5.623952e+00    5.000000e-02    1               0.263158        1.000000e+00    +3.93326638e+00  +3.92650171e+00  +6.35196459e-01  -1.17417345e+00  +1.61233381e+00  +5.99476758e-01  +8.85004614e-01  +2.06427829e+00  +1.13637881e-01  +1.94596688e+00  +4.97823314e+00  +1.91142424e+00  +3.01970363e+00  +7.93399632e+02  +4.95984558e+00  +4.47949098e+00  +2.01436635e+03 
210            7.836277e+03    5.631967e+00    5.000000e-02    1               0.241706        2.100000e+01    +3.93962853e+00  +3.92882831e+00  +6.33813637e-01  -1.17390878e+00  +1.61219328e+00  +6.00171942e-01  +8.85140271e-01  +2.07237279e+00  +1.11792623e-01  +1.94636654e+00  +4.98611171e+00  +1.91155268e+00  +3.01880691e+00  +7.93052142e+02  +4.95933633e+00  +4.47899360e+00  +2.01469895e+03 
217            7.836294e+03    5.620998e+00    5.000000e-02    1               0.238532        7.000000e+00    +3.93810560e+00  +3.92382085e+00  +6.31754439e-01  -1.17402072e+00  +1.61469209e+00  +5.99415798e-01  +8.86019473e-01  +2.07387973e+00  +1.10708089e-01  +1.94328411e+00  +4.98525898e+00  +1.91137118e+00  +3.01896113e+00  +7.92591704e+02  +4.95884481e+00  +4.47871271e+00  +2.01675451e+03 
224            7.848033e+03    5.627753e+00    5.000000e-02    1               0.235556        7.000000e+00    +3.93997394e+00  +3.92662533e+00  +6.33174622e-01  -1.16894826e+00  +1.61510305e+00  +6.00695844e-01  +8.86041762e-01  +2.07351210e+00  +1.14747410e-01  +1.93852206e+00  +4.97649706e+00  +1.91185801e+00  +3.01791573e+00  +7.92741010e+02  +4.95896817e+00  +4.47875056e+00  +2.01582445e+03 
233            7.849251e+03    5.608950e+00    5.000000e-02    1               0.230769        9.000000e+00    +3.94405259e+00  +3.91992152e+00  +6.36167488e-01  -1.17039737e+00  +1.61471560e+00  +6.00178624e-01  +8.86376114e-01  +2.07123083e+00  +1.14024382e-01  +1.93714797e+00  +4.97183390e+00  +1.91180876e+00  +3.01739749e+00  +7.92095325e+02  +4.95878712e+00  +4.47859292e+00  +2.01560720e+03 
250            7.858568e+03    5.618211e+00    5.000000e-02    1               0.219124        1.700000e+01    +3.94072945e+00  +3.92266516e+00  +6.35154236e-01  -1.16730816e+00  +1.61693093e+00  +5.99852857e-01  +8.85554610e-01  +2.07519705e+00  +1.12833381e-01  +1.93888916e+00  +4.98055929e+00  +1.91084275e+00  +3.01730641e+00  +7.92870738e+02  +4.95875789e+00  +4.47777719e+00  +2.01592370e+03 
266            7.864367e+03    5.624121e+00    5.000000e-02    1               0.209738        1.600000e+01    +3.93730477e+00  +3.92523130e+00  +6.37206516e-01  -1.15804279e+00  +1.60840704e+00  +6.00353584e-01  +8.85989398e-01  +2.07319739e+00  +1.12671527e-01  +1.93885690e+00  +4.98215088e+00  +1.91102767e+00  +3.01711358e+00  +7.93265867e+02  +4.95877959e+00  +4.47797440e+00  +2.01668772e+03 
271            7.875675e+03    5.622934e+00    5.000000e-02    1               0.209559        5.000000e+00    +3.93922582e+00  +3.92450912e+00  +6.37247701e-01  -1.16237715e+00  +1.60719806e+00  +6.00766358e-01  +8.87953080e-01  +2.07725922e+00  +1.14957340e-01  +1.94057677e+00  +4.98308909e+00  +1.91107459e+00  +3.01551673e+00  +7.93903191e+02  +4.95849812e+00  +4.47739046e+00  +2.01729092e+03 
276            7.881479e+03    5.622986e+00    5.000000e-02    1               0.209386        5.000000e+00    +3.93894695e+00  +3.92454712e+00  +6.36921762e-01  -1.16070257e+00  +1.61160037e+00  +6.00810951e-01  +8.88652421e-01  +2.07493406e+00  +1.13130297e-01  +1.93916570e+00  +4.99029380e+00  +1.91118245e+00  +3.01549942e+00  +7.94047646e+02  +4.95921408e+00  +4.47776145e+00  +2.01662743e+03 
277            7.887669e+03    5.632844e+00    5.000000e-02    1               0.212230        1.000000e+00    +3.93430046e+00  +3.93098652e+00  +6.33912309e-01  -1.16470730e+00  +1.60707623e+00  +6.00465754e-01  +8.87758956e-01  +2.08268671e+00  +1.12311306e-01  +1.93928440e+00  +4.99282894e+00  +1.91118163e+00  +3.01511014e+00  +7.93416165e+02  +4.95933982e+00  +4.47904520e+00  +2.01620464e+03 
279            7.889785e+03    5.629212e+00    5.000000e-02    1               0.214286        2.000000e+00    +3.93169797e+00  +3.93044539e+00  +6.32028318e-01  -1.17059281e+00  +1.61980347e+00  +6.00048559e-01  +8.90230175e-01  +2.08061407e+00  +1.12599034e-01  +1.93930493e+00  +4.99047570e+00  +1.91101914e+00  +3.01494959e+00  +7.94350288e+02  +4.95928876e+00  +4.47969365e+00  +2.01803493e+03 
285            7.892708e+03    5.620659e+00    5.000000e-02    1               0.213287        6.000000e+00    +3.93592360e+00  +3.92409160e+00  +6.32053447e-01  -1.17100995e+00  +1.62054638e+00  +5.99345258e-01  +8.90271784e-01  +2.08925598e+00  +1.09684123e-01  +1.94135977e+00  +4.99037279e+00  +1.91056638e+00  +3.01465883e+00  +7.95223253e+02  +4.95907643e+00  +4.48048779e+00  +2.01756351e+03 
286            7.896372e+03    5.629007e+00    5.000000e-02    1               0.216028        1.000000e+00    +3.93448025e+00  +3.92849505e+00  +6.32779361e-01  -1.17060905e+00  +1.62678534e+00  +5.99881111e-01  +8.89080277e-01  +2.08915618e+00  +1.14122274e-01  +1.94030403e+00  +4.99615931e+00  +1.91064774e+00  +3.01435867e+00  +7.95337618e+02  +4.95900920e+00  +4.48020577e+00  +2.01726024e+03 
292            7.899790e+03    5.632250e+00    5.000000e-02    1               0.215017        6.000000e+00    +3.93521203e+00  +3.93008007e+00  +6.34129261e-01  -1.16695089e+00  +1.62827776e+00  +6.00500399e-01  +8.87569171e-01  +2.09015682e+00  +1.12064430e-01  +1.93909058e+00  +4.99683623e+00  +1.91102404e+00  +3.01383719e+00  +7.95686634e+02  +4.95944521e+00  +4.48028632e+00  +2.01731001e+03 
296            7.902053e+03    5.631566e+00    5.000000e-02    1               0.215488        4.000000e+00    +3.94043980e+00  +3.92860345e+00  +6.37533012e-01  -1.16362225e+00  +1.62966786e+00  +6.00999481e-01  +8.86090992e-01  +2.09234888e+00  +1.11193127e-01  +1.94134002e+00  +5.00178106e+00  +1.91049296e+00  +3.01276327e+00  +7.96249014e+02  +4.95946446e+00  +4.48034764e+00  +2.01734536e+03 
301            7.904575e+03    5.626875e+00    5.000000e-02    1               0.215232        5.000000e+00    +3.94088150e+00  +3.92623973e+00  +6.37523405e-01  -1.16040873e+00  +1.62864149e+00  +6.01317866e-01  +8.84454173e-01  +2.09024858e+00  +1.11798387e-01  +1.94235231e+00  +4.99613560e+00  +1.90991855e+00  +3.01314346e+00  +7.96608708e+02  +4.95877524e+00  +4.48010042e+00  +2.01912326e+03 
310            7.909139e+03    5.627819e+00    5.000000e-02    1               0.212219        9.000000e+00    +3.94086610e+00  +3.92668500e+00  +6.39472716e-01  -1.15562414e+00  +1.63730740e+00  +6.00922601e-01  +8.85864725e-01  +2.08386505e+00  +1.11249553e-01  +1.94235859e+00  +5.00769194e+00  +1.90980148e+00  +3.01232358e+00  +7.97346354e+02  +4.95893972e+00  +4.48063600e+00  +2.01853761e+03 
314            7.917445e+03    5.612819e+00    5.000000e-02    1               0.212698        4.000000e+00    +3.94033487e+00  +3.92076655e+00  +6.41176554e-01  -1.15042027e+00  +1.64346960e+00  +6.01215381e-01  +8.85257292e-01  +2.08757870e+00  +1.13593511e-01  +1.94521324e+00  +4.99260075e+00  +1.90985575e+00  +3.01273477e+00  +7.97509548e+02  +4.95880727e+00  +4.48032739e+00  +2.01946138e+03 
326            7.917582e+03    5.607536e+00    5.000000e-02    1               0.207951        1.200000e+01    +3.93973542e+00  +3.91908130e+00  +6.41073025e-01  -1.14552538e+00  +1.63116100e+00  +6.00701196e-01  +8.86055959e-01  +2.08734330e+00  +1.12332277e-01  +1.94361213e+00  +4.99410591e+00  +1.91017760e+00  +3.01218209e+00  +7.98504852e+02  +4.95830899e+00  +4.48021421e+00  +2.01962436e+03 
328            7.917338e+03    5.617501e+00    5.000000e-02    1               0.209726        2.000000e+00    +3.93314298e+00  +3.92377970e+00  +6.43335088e-01  -1.14247537e+00  +1.62690291e+00  +6.00179774e-01  +8.87149707e-01  +2.08388266e+00  +1.11778328e-01  +1.94601332e+00  +4.99436200e+00  +1.90912811e+00  +3.01260316e+00  +7.98179969e+02  +4.95869471e+00  +4.47976805e+00  +2.01809132e+03 
343            7.927550e+03    5.626740e+00    5.000000e-02    1               0.203488        1.500000e+01    +3.93474771e+00  +3.92718351e+00  +6.42428156e-01  -1.13704778e+00  +1.62918854e+00  +5.99527369e-01  +8.87878032e-01  +2.08061878e+00  +1.10129672e-01  +1.94592590e+00  +4.98533066e+00  +1.90782106e+00  +3.01175710e+00  +7.98892675e+02  +4.95903736e+00  +4.48125938e+00  +2.01789016e+03 
357            7.930175e+03    5.625980e+00    5.000000e-02    1               0.198324        1.400000e+01    +3.92859043e+00  +3.93155007e+00  +6.42101171e-01  -1.13889695e+00  +1.63474086e+00  +5.99966193e-01  +8.87547563e-01  +2.07142121e+00  +1.11111833e-01  +1.94802022e+00  +4.98951851e+00  +1.90699093e+00  +3.01133068e+00  +7.99222995e+02  +4.96045833e+00  +4.48122361e+00  +2.01688078e+03 
366            7.927302e+03    5.634787e+00    5.000000e-02    1               0.196185        9.000000e+00    +3.93201067e+00  +3.93499811e+00  +6.44290982e-01  -1.14799969e+00  +1.63041530e+00  +5.99684430e-01  +8.85937660e-01  +2.07182329e+00  +1.11015546e-01  +1.94643831e+00  +4.99321304e+00  +1.90585587e+00  +3.01168110e+00  +7.98937185e+02  +4.96027298e+00  +4.48141599e+00  +2.01611418e+03 
367            7.936449e+03    5.625229e+00    5.000000e-02    1               0.198370        1.000000e+00    +3.93204417e+00  +3.92783844e+00  +6.41851775e-01  -1.14256934e+00  +1.63770361e+00  +5.99420764e-01  +8.86334231e-01  +2.07865994e+00  +1.12545131e-01  +1.94246769e+00  +4.99153314e+00  +1.90517161e+00  +3.01141678e+00  +7.99293955e+02  +4.95982816e+00  +4.48035980e+00  +2.01557612e+03 
378            7.939028e+03    5.632780e+00    5.000000e-02    1               0.195251        1.100000e+01    +3.93088880e+00  +3.93438545e+00  +6.41855976e-01  -1.13834772e+00  +1.63676597e+00  +6.00550088e-01  +8.88452732e-01  +2.08349908e+00  +1.13513816e-01  +1.94567571e+00  +4.99749023e+00  +1.90555993e+00  +3.01079512e+00  +7.99748845e+02  +4.95976550e+00  +4.48052258e+00  +2.01535412e+03 
408            7.939029e+03    5.632379e+00    5.000000e-02    1               0.183374        3.000000e+01    +3.93178228e+00  +3.93277888e+00  +6.42715828e-01  -1.13460126e+00  +1.63164981e+00  +6.01209488e-01  +8.89475966e-01  +2.07996102e+00  +1.11220898e-01  +1.94826353e+00  +4.99757634e+00  +1.90502313e+00  +3.01076044e+00  +7.99516991e+02  +4.95998976e+00  +4.48104261e+00  +2.01559941e+03 
414            7.941304e+03    5.630619e+00    5.000000e-02    1               0.183133        6.000000e+00    +3.93531733e+00  +3.92903297e+00  +6.41483788e-01  -1.13976325e+00  +1.62836816e+00  +6.01434872e-01  +8.92426638e-01  +2.07578254e+00  +1.12122736e-01  +1.94633088e+00  +4.99115687e+00  +1.90515990e+00  +3.01054563e+00  +8.00060826e+02  +4.95972650e+00  +4.48152437e+00  +2.01663035e+03 
