#iter           logP0016       logPprior       dS              accept          acceptance      weight          l0000p00spemd    l0000p01spemd    l0000p02spemd    l0000p03spemd    l0000p04spemd    l0000p06spemd    e00001lb01t03p02  e00001lb01t03p03  e00001lb01t03p04  e00001lb01t03p05  e00001lb01t03p06  e00001lb02t01p00  e00001lb02t01p01  e00001lb02t01p02  e00001lb03t01p00  e00001lb03t01p01  e00001lb03t01p02 
#pname          --------       ---------       --              ------          ----------      ------          x-coord          y-coord          b/a              theta            theta_e          gam              unknown          unknown          unknown          unknown          unknown          unknown          unknown          unknown          unknown          unknown          unknown         
0              8.006074e+03    5.520783e+00    3.500000e-01    1               1.000000        1.000000e+00    +3.92247200e+00  +3.90477400e+00  +6.66326000e-01  -1.21117800e+00  +1.62387100e+00  +5.97396000e-01  +9.51373000e-01  +2.11819100e+00  +1.06435000e-01  +2.02530100e+00  +4.59353000e+00  +1.90426300e+00  +3.00641900e+00  +9.90979266e+02  +4.96019000e+00  +4.48059900e+00  +2.90495457e+03 
1              8.007332e+03    5.513090e+00    3.500000e-01    1               1.000000        1.000000e+00    +3.92008285e+00  +3.90464632e+00  +6.62529582e-01  -1.23940336e+00  +1.62005910e+00  +5.97444049e-01  +9.52642887e-01  +2.11770377e+00  +1.06201243e-01  +2.03819069e+00  +4.56723251e+00  +1.90426832e+00  +3.00718667e+00  +9.88903172e+02  +4.96007163e+00  +4.48059404e+00  +2.90270523e+03 
2              8.006755e+03    5.511115e+00    3.500000e-01    1               1.000000        1.000000e+00    +3.92009310e+00  +3.90428481e+00  +6.60732911e-01  -1.24514954e+00  +1.63510101e+00  +5.96753096e-01  +9.54084367e-01  +2.11416487e+00  +1.05947259e-01  +2.03813924e+00  +4.54962401e+00  +1.90460246e+00  +3.00697452e+00  +9.89677267e+02  +4.95991492e+00  +4.48072820e+00  +2.90165505e+03 
4              8.007124e+03    5.513396e+00    3.500000e-01    1               0.800000        2.000000e+00    +3.91967052e+00  +3.90493764e+00  +6.60092432e-01  -1.26266427e+00  +1.62797128e+00  +5.93858423e-01  +9.64124608e-01  +2.12212479e+00  +1.05496921e-01  +2.04440045e+00  +4.49033482e+00  +1.90486527e+00  +3.00715331e+00  +9.87024881e+02  +4.95984834e+00  +4.48056838e+00  +2.90266192e+03 
6              8.008348e+03    5.518281e+00    3.500000e-01    1               0.714286        2.000000e+00    +3.92189687e+00  +3.90461062e+00  +6.69158432e-01  -1.22782656e+00  +1.62270520e+00  +5.93219628e-01  +9.60388592e-01  +2.12232610e+00  +1.06317457e-01  +2.03333676e+00  +4.52671257e+00  +1.90529428e+00  +3.00705437e+00  +9.89953042e+02  +4.95986863e+00  +4.48056747e+00  +2.90366134e+03 
8              8.009373e+03    5.523807e+00    3.500000e-01    1               0.666667        2.000000e+00    +3.92201596e+00  +3.90556211e+00  +6.69200151e-01  -1.24016197e+00  +1.62035591e+00  +5.93354437e-01  +9.60050244e-01  +2.12148186e+00  +1.06046881e-01  +2.03508847e+00  +4.51334751e+00  +1.90548553e+00  +3.00744212e+00  +9.88825613e+02  +4.95987923e+00  +4.48036015e+00  +2.90480284e+03 
10             8.012241e+03    5.543815e+00    3.500000e-01    1               0.636364        2.000000e+00    +3.92427085e+00  +3.90828434e+00  +6.70755928e-01  -1.24757668e+00  +1.62430903e+00  +5.91513007e-01  +9.67331387e-01  +2.13560840e+00  +1.05949361e-01  +2.03842026e+00  +4.46863735e+00  +1.90579916e+00  +3.00745317e+00  +9.90157264e+02  +4.95997166e+00  +4.48047497e+00  +2.90238845e+03 
13             8.013038e+03    5.550280e+00    3.500000e-01    1               0.571429        3.000000e+00    +3.92503386e+00  +3.90923383e+00  +6.67726395e-01  -1.26967175e+00  +1.62802539e+00  +5.90107591e-01  +9.70091549e-01  +2.13191981e+00  +1.05809070e-01  +2.04935758e+00  +4.40494730e+00  +1.90587442e+00  +3.00736967e+00  +9.88703024e+02  +4.96000184e+00  +4.48045335e+00  +2.90248654e+03 
14             8.010908e+03    5.544708e+00    3.500000e-01    1               0.600000        1.000000e+00    +3.92430328e+00  +3.90844890e+00  +6.65468427e-01  -1.28450538e+00  +1.63174731e+00  +5.88401982e-01  +9.75778104e-01  +2.13516366e+00  +1.05603522e-01  +2.05747060e+00  +4.35925896e+00  +1.90574624e+00  +3.00720988e+00  +9.86316128e+02  +4.96005875e+00  +4.48040459e+00  +2.90115605e+03 
15             8.010362e+03    5.535256e+00    3.500000e-01    1               0.625000        1.000000e+00    +3.92433916e+00  +3.90656960e+00  +6.69879185e-01  -1.26486237e+00  +1.63395821e+00  +5.88828010e-01  +9.69591123e-01  +2.11880631e+00  +1.06654842e-01  +2.04876474e+00  +4.39198036e+00  +1.90544271e+00  +3.00729098e+00  +9.86525140e+02  +4.96014644e+00  +4.48030716e+00  +2.90043819e+03 
16             8.010241e+03    5.536880e+00    3.500000e-01    1               0.647059        1.000000e+00    +3.92407890e+00  +3.90700646e+00  +6.73952533e-01  -1.25911826e+00  +1.63674351e+00  +5.87496997e-01  +9.71003650e-01  +2.13882494e+00  +1.06626732e-01  +2.05124300e+00  +4.36538880e+00  +1.90584973e+00  +3.00709799e+00  +9.87819769e+02  +4.96047718e+00  +4.48016242e+00  +2.89994328e+03 
17             8.010263e+03    5.545337e+00    3.500000e-01    1               0.666667        1.000000e+00    +3.92530273e+00  +3.90809695e+00  +6.69522961e-01  -1.28295713e+00  +1.63953056e+00  +5.87776632e-01  +9.72069685e-01  +2.14608582e+00  +1.06086430e-01  +2.06206784e+00  +4.34231995e+00  +1.90588077e+00  +3.00742451e+00  +9.86432664e+02  +4.96047203e+00  +4.48020096e+00  +2.90014445e+03 
18             8.012604e+03    5.544352e+00    3.500000e-01    1               0.684211        1.000000e+00    +3.92336444e+00  +3.90886041e+00  +6.65352187e-01  -1.29453924e+00  +1.64486424e+00  +5.87575936e-01  +9.72788587e-01  +2.14623661e+00  +1.05807105e-01  +2.06715261e+00  +4.33037496e+00  +1.90551077e+00  +3.00765799e+00  +9.85581169e+02  +4.96041735e+00  +4.47998259e+00  +2.89979554e+03 
19             8.011093e+03    5.537875e+00    3.500000e-01    1               0.700000        1.000000e+00    +3.92219247e+00  +3.90818465e+00  +6.58300696e-01  -1.31670930e+00  +1.64952496e+00  +5.89050883e-01  +9.70871689e-01  +2.13690278e+00  +1.04843168e-01  +2.07144944e+00  +4.36540919e+00  +1.90519344e+00  +3.00776260e+00  +9.83101532e+02  +4.96032154e+00  +4.47999172e+00  +2.90014627e+03 
20             8.010916e+03    5.548479e+00    3.500000e-01    1               0.714286        1.000000e+00    +3.92280072e+00  +3.91003715e+00  +6.52862518e-01  -1.34017226e+00  +1.65307251e+00  +5.89078067e-01  +9.74437708e-01  +2.14114723e+00  +1.04185634e-01  +2.08177962e+00  +4.31913416e+00  +1.90557185e+00  +3.00783570e+00  +9.81341551e+02  +4.96039808e+00  +4.47994985e+00  +2.89963673e+03 
21             8.011251e+03    5.547478e+00    3.500000e-01    1               0.727273        1.000000e+00    +3.92131380e+00  +3.91072149e+00  +6.46036921e-01  -1.36854755e+00  +1.65400218e+00  +5.90577920e-01  +9.75070886e-01  +2.14520380e+00  +1.03394164e-01  +2.09314542e+00  +4.32588390e+00  +1.90564728e+00  +3.00819281e+00  +9.79457353e+02  +4.96035522e+00  +4.47996089e+00  +2.89934456e+03 
22             8.012954e+03    5.545203e+00    3.500000e-01    1               0.739130        1.000000e+00    +3.92141818e+00  +3.91016302e+00  +6.48179800e-01  -1.35589641e+00  +1.65368249e+00  +5.89521046e-01  +9.75677943e-01  +2.14818269e+00  +1.03987881e-01  +2.08809872e+00  +4.34379448e+00  +1.90594140e+00  +3.00808013e+00  +9.82293374e+02  +4.96044325e+00  +4.48003625e+00  +2.89974859e+03 
23             8.012779e+03    5.552876e+00    3.500000e-01    1               0.750000        1.000000e+00    +3.92102364e+00  +3.91212145e+00  +6.44808648e-01  -1.38393337e+00  +1.65598522e+00  +5.89633244e-01  +9.76772293e-01  +2.14007071e+00  +1.03946860e-01  +2.09431128e+00  +4.31454739e+00  +1.90580031e+00  +3.00779102e+00  +9.80673111e+02  +4.96060954e+00  +4.47973806e+00  +2.89937860e+03 
24             8.013157e+03    5.560007e+00    3.500000e-01    1               0.760000        1.000000e+00    +3.92344024e+00  +3.91221844e+00  +6.50532323e-01  -1.36671150e+00  +1.64902449e+00  +5.88782259e-01  +9.75494101e-01  +2.13762089e+00  +1.04220361e-01  +2.08607916e+00  +4.33589269e+00  +1.90603192e+00  +3.00763422e+00  +9.82061917e+02  +4.96045649e+00  +4.47945131e+00  +2.89968528e+03 
