21.45300 12.99500
21.50130 12.31750
21.51030 12.17850
21.47660 12.70380
21.45110 13.13030
21.46800 12.75540
21.48350 12.52100
21.46570 12.77670
21.45790 13.07010
21.44060 13.10310
21.46620 12.88510
21.47180 12.73680
21.47660 12.66160
21.48300 12.70050
21.44100 13.33290
21.40330 14.03160
21.41410 14.06680
21.43140 13.67620
21.42400 13.65310
21.43390 13.37060
21.45870 13.14260
21.44640 13.47570
21.42420 13.66680
21.48950 13.04400
21.47530 13.35860
21.49900 13.06730
21.50820 12.89800
21.46350 13.41470
21.39880 14.25020
21.43600 13.70940
