21.81080 6.81300 2.41300
21.87930 6.10270 2.21070
21.88550 6.08090 2.20230
21.84140 6.53320 2.33320
21.79120 7.15790 2.52710
21.82750 6.64910 2.38050
21.84080 6.54710 2.37770
21.81320 6.83200 2.45160
21.79580 7.13070 2.53670
21.78340 7.10410 2.50940
21.82620 6.69710 2.38690
21.82820 6.68260 2.40330
21.84000 6.52780 2.34720
21.83790 6.65070 2.39130
21.78790 7.15770 2.50730
21.68990 8.47030 2.83960
21.70720 8.40700 2.82460
21.72860 8.06510 2.78230
21.73570 7.85700 2.70330
21.77490 7.27030 2.54360
21.79810 7.12680 2.52230
21.76610 7.62320 2.65100
21.72620 7.98360 2.75170
21.81640 7.23060 2.58170
21.78940 7.57350 2.66770
21.82150 7.25640 2.58750
21.84840 6.88800 2.48650
21.79690 7.32440 2.56750
21.65960 9.01970 2.96110
21.74730 7.85810 2.69860
