22.36450 8.32120
22.36760 8.62050
22.37780 8.56420
22.31190 9.99490
22.29300 9.95450
22.26460 10.72430
22.27200 10.71760
22.34220 8.70500
22.32530 8.86980
22.27050 10.67180
22.30650 9.99350
22.33780 8.70240
22.32350 8.67410
22.33430 8.37390
22.34340 8.41980
22.33020 8.55950
22.34110 8.57360
22.34930 8.49350
22.27690 10.28770
22.27040 10.75700
22.07270 17.17410
22.28560 11.30990
22.30590 10.32680
22.33510 9.61550
22.30520 11.74540
22.30910 11.97340
22.30800 11.22930
22.32100 10.07210
22.33640 10.33480
22.29080 11.48410
