22.70200 7.54410 1.00000
22.70760 7.67600 1.00000
22.71740 7.64640 1.00000
22.60360 8.44020 1.00000
22.58720 8.35730 1.00000
22.63560 8.67890 1.00000
22.64560 8.67340 1.00000
22.68620 7.70810 1.00000
22.66930 7.76830 1.00000
22.64060 8.68100 1.00000
22.60500 8.45870 1.00000
22.68070 7.72440 1.00000
22.66340 7.70930 1.00000
22.60510 7.54790 1.00000
22.61010 7.56330 1.00000
22.59830 7.65060 1.00000
22.60920 7.66730 1.00000
22.61560 7.64270 1.00000
22.64170 8.50100 1.00000
22.59230 8.88100 1.00000
22.56940 11.80560 1.00000
22.66230 9.09570 1.00000
22.61950 8.60320 1.00000
22.62460 8.26390 1.00000
22.65480 9.40090 1.00000
22.66150 9.49770 1.00000
22.68390 9.03960 1.00000
22.62550 8.46440 1.00000
22.65180 8.67190 1.00000
22.67140 9.18640 1.00000
