21.94420 9.12490
21.94280 9.07710
21.94720 9.02270
21.92200 9.11790
21.94200 9.05430
21.93430 9.06430
21.92530 9.30540
21.92160 9.26040
21.92330 9.25540
21.91080 9.46870
21.90720 9.49970
21.90020 9.58360
21.90910 9.59680
21.89250 9.65580
21.89260 9.68240
21.87960 9.73560
21.87960 9.79510
21.87920 9.83610
21.90280 9.55850
21.90610 9.38390
21.90210 9.38260
21.90020 9.33130
21.90260 9.50920
21.89440 9.55000
21.90570 9.47830
21.88520 9.42750
21.90790 9.30040
21.90770 9.22530
21.91470 9.14550
21.88910 9.45670
