22.89050 15.46430
22.89050 15.46430
22.86550 15.46430
22.86090 15.46430
22.88180 15.46430
22.92510 15.46430
22.91730 15.46430
22.90010 15.46430
22.90240 15.46430
22.88260 15.46430
22.88230 15.46430
22.88870 15.46430
22.88980 15.46430
22.90370 15.46430
22.90100 15.46430
22.88360 15.46430
22.89290 15.46430
22.86110 15.46430
22.85150 15.46430
22.85930 15.46430
22.85470 15.46430
22.85310 15.46430
22.86660 15.46430
22.85750 15.46430
22.89240 15.46430
22.89710 15.46430
22.91910 15.46430
22.95450 15.46430
22.92690 15.46430
22.92410 15.46430
