21.07750 9.67110
21.05350 9.82850
21.05870 9.91300
21.05680 9.94120
21.05070 9.98250
21.05530 9.96590
21.06210 9.93480
21.04680 10.02040
21.05190 9.97320
21.05130 9.98380
21.05230 10.07840
21.04750 10.04420
21.06220 9.99120
21.07610 9.85540
21.07320 9.90590
21.08120 9.84210
21.07250 9.90870
21.06220 9.95720
21.05930 10.03490
21.07840 9.94250
21.07850 9.85860
21.07570 9.88770
21.06370 9.97600
21.05500 10.13080
21.05620 10.16050
21.05480 10.10210
21.05840 10.02480
21.06710 9.92350
21.05510 9.96840
21.06280 9.92780
