21.42380 4.82580 2.05650
21.39580 4.98310 2.12230
21.41000 4.94270 2.07670
21.40970 4.93100 2.07190
21.39750 5.02380 2.11390
21.40550 4.97870 2.09070
21.42030 4.87560 2.03870
21.40040 4.98440 2.08580
21.40170 4.98070 2.08560
21.39810 5.02360 2.11070
21.40290 5.03480 2.09890
21.38640 5.13050 2.15540
21.40330 5.05650 2.12120
21.42480 4.89610 2.05200
21.42280 4.91960 2.05820
21.43520 4.83150 2.01650
21.42160 4.93610 2.06840
21.40560 5.03130 2.11560
21.40490 5.05140 2.12450
21.42980 4.91100 2.05150
21.42430 4.92870 2.07630
21.42040 4.95770 2.08700
21.40290 5.07430 2.13950
21.40030 5.10640 2.12790
21.40690 5.06060 2.09820
21.40570 5.02940 2.09240
21.41080 4.99790 2.07760
21.41940 4.91110 2.05690
21.40200 5.00630 2.10410
21.41060 4.97730 2.08750
