22.68520 50.78380
22.62720 53.19340
22.60750 54.43260
22.62120 54.33550
22.66690 51.50080
22.64630 53.67670
22.64660 53.32650
22.67770 52.40330
22.67960 48.83600
22.61120 53.68930
22.72300 45.06180
22.58400 56.50640
22.74820 44.38330
22.55350 56.16640
22.66780 48.19960
22.74150 43.95800
22.65590 48.97080
22.64920 48.64010
22.63490 48.62380
22.59980 50.79160
22.62730 50.53530
22.55110 55.49750
22.55470 54.16300
22.57500 52.67460
22.53420 55.59920
22.47060 57.77130
22.50840 57.32780
22.48880 58.25060
22.39640 63.31750
22.42980 61.50620
