22.70560 6.34610 1.96420
22.69130 6.25420 1.97100
22.62820 6.92350 2.15880
22.62740 7.11270 2.18580
22.67840 6.64860 2.01640
22.65400 6.90720 2.08900
22.70760 6.29850 1.94250
22.67740 6.57410 2.00490
22.69210 6.54210 2.04670
22.57320 7.82750 2.39450
22.60570 7.36530 2.30070
22.56090 7.60570 2.38030
22.65660 6.49460 2.09450
22.66730 6.59500 2.11700
22.68970 6.17890 1.99320
22.71570 5.98780 1.91700
22.72930 6.00550 1.88870
22.66650 6.76750 2.12990
22.69600 6.55600 2.06520
22.69800 6.26680 2.01190
22.65920 6.41450 2.07520
22.62070 6.84470 2.19490
22.62460 6.64750 2.13790
22.60560 6.90990 2.19320
22.62560 6.51450 2.04830
22.73070 5.75150 1.80410
22.71570 5.87550 1.88890
22.68190 6.03810 1.91660
22.69630 5.76020 1.81790
22.70320 5.64910 1.71950
