22.36460 13.29860
22.35330 12.96870
22.28700 13.90810
22.28700 14.27930
22.33170 13.91910
22.30800 14.25060
22.37040 13.20420
22.33390 13.65880
22.35470 13.44980
22.25020 14.81420
22.27780 14.23750
22.23590 14.36870
22.31870 13.05910
22.33350 13.21580
22.35300 12.64090
22.38110 12.39590
22.39720 12.52740
22.33300 13.58950
22.36360 13.36050
22.36530 12.78800
22.32230 12.92490
22.28790 13.42630
22.28500 13.23440
22.26590 13.63520
22.27260 13.30350
22.39380 12.17370
22.37760 12.24890
22.33560 12.55960
22.35380 12.09550
22.36050 12.03900
