22.42850 6.67570
22.41490 6.76050
22.41200 6.13880
22.40840 6.15650
22.39970 6.40020
22.38920 7.07480
22.37490 6.84090
22.38410 6.77300
22.36930 7.15360
22.36290 6.29670
22.36510 6.03690
22.38400 5.91530
22.38280 4.69020
22.39980 5.71890
22.38100 5.64130
22.38930 5.38450
22.40210 6.14470
22.41750 6.01530
22.40120 5.75790
22.40580 5.63210
22.41980 5.81300
22.39860 6.23340
22.39670 6.42370
22.38860 5.58900
22.36990 3.66510
22.35910 3.68280
22.36630 3.71490
22.38100 4.41170
22.39400 4.90630
22.38820 5.50100
