23.06510 10.46190 1.00000
23.08290 10.27750 1.00000
23.13450 10.88270 1.00000
23.12580 10.70780 1.00000
23.10000 11.24150 1.00000
23.12500 11.76490 1.00000
23.12290 12.07360 1.00000
23.11390 12.25880 1.00000
23.12730 12.57850 1.00000
23.07080 13.66010 1.17440
23.14920 12.39940 1.00000
23.10260 12.67830 1.00000
23.13280 12.96540 1.00000
23.14460 13.81920 1.00000
22.90440 17.01450 1.67820
22.81960 19.70540 1.83900
23.03150 14.67860 1.41250
23.15930 13.77170 1.00000
22.89370 17.04780 1.53860
22.97280 15.40730 1.39300
23.12450 14.15840 1.00000
23.17110 12.92230 1.01400
23.13340 12.24680 1.00000
23.10080 12.76600 1.00000
23.09520 12.33160 1.00000
23.10320 12.27020 1.00000
23.08290 11.45240 1.00000
23.09950 10.75560 1.00000
23.08760 11.03630 1.00000
23.08960 11.16580 1.00000
