21.93370 52.64400
22.00260 49.65500
22.08290 46.47330
22.09560 44.77070
22.01370 48.31240
22.00700 51.34410
21.98490 52.92240
21.91110 58.77900
21.91510 59.94290
21.95290 59.56140
22.05310 50.41650
21.87010 61.74440
21.90080 63.11500
21.92040 63.77650
21.94350 63.32230
21.94880 62.88910
22.00060 59.54620
22.00590 56.65010
21.83190 69.58770
21.98330 56.00090
21.97570 55.97950
22.11190 49.02190
21.99600 52.82840
21.92910 56.14970
21.87680 59.25860
21.88180 59.83630
21.95040 51.36990
21.99220 47.49330
21.96190 49.11450
21.94700 50.50420
