22.90200 7.09470 1.00000
22.93850 7.04530 1.00000
22.92440 6.99540 1.00000
22.92560 6.95820 1.00000
22.92260 7.07880 1.00000
22.91230 6.95100 1.00000
22.91470 6.98180 1.00000
22.90220 6.88620 1.00000
22.87860 6.99590 1.00000
22.87660 6.98550 1.00000
22.86620 7.06100 1.00000
22.88910 7.39080 1.00000
22.90590 7.16010 1.00000
22.84200 7.07430 1.00000
22.84370 7.10050 1.00000
22.84710 7.15400 1.00000
22.83880 7.09820 1.00000
22.87240 6.86160 1.00000
22.87020 6.92450 1.00000
22.83910 7.05320 1.00000
22.84840 7.04240 1.00000
22.89470 6.85710 1.00000
22.89800 6.89820 1.00000
22.90030 6.92690 1.00000
22.91560 6.89790 1.00000
22.91410 6.83720 1.00000
22.91020 6.90970 1.00000
22.91280 6.83940 1.00000
22.91970 6.84450 1.00000
22.91790 6.84470 1.00000
