22.18790 26.24140
22.28850 25.57550
22.28870 25.00770
22.29890 25.05400
22.26530 25.93130
22.25930 24.99920
22.28260 25.05370
22.26350 24.62340
22.25550 23.90160
22.26000 23.70930
22.23640 24.08070
22.16740 26.64890
22.22540 25.57000
22.15070 24.77610
22.13060 25.35830
22.11120 26.05610
22.10140 25.89820
22.17740 24.89960
22.16000 25.39930
22.12200 25.49750
22.13220 25.54410
22.21200 24.69420
22.19450 25.49880
22.19260 25.34480
22.21220 25.30070
22.22270 24.93520
22.18770 25.82170
22.20340 25.26170
22.22420 24.43710
22.21880 25.07180
