22.65370 21.39080
22.62840 21.85810
22.66210 21.38090
22.63530 21.71570
22.63840 21.49840
22.71440 20.51840
22.68830 20.54870
22.69650 19.63900
22.61360 21.04960
22.71280 20.03030
22.70280 19.93930
22.72960 19.46770
22.72610 19.44760
22.73260 19.18120
22.69560 20.20620
22.70440 20.01300
22.66450 20.90950
22.59030 22.16060
22.65220 20.25160
22.69060 20.06930
22.70220 20.27500
22.69620 20.25460
22.66770 20.55560
22.67280 20.35230
22.69730 19.87990
22.72130 20.33400
22.76080 18.84160
22.72370 19.30400
22.73810 19.38860
22.74220 19.14710
