22.20430 9.38670
22.25540 7.95100
22.23880 8.08840
22.16520 10.84880
22.24420 8.63270
22.22070 9.31150
22.24500 8.55990
22.27610 7.72690
22.21850 8.62160
22.21740 8.76370
22.20910 9.39120
22.17680 10.48530
22.21370 9.50820
22.20820 9.44150
22.23690 8.95650
22.25830 8.22320
22.22920 8.54110
22.19290 9.21970
22.14750 10.86030
22.21350 9.37000
22.22930 8.80130
22.18800 9.57790
22.20070 9.20750
22.22000 9.10330
22.20930 9.24250
22.20090 9.49420
22.20010 9.61570
22.21800 9.23490
22.22360 9.21900
22.24300 8.82040
