23.25540 14.14210 1.00000
23.33030 12.61670 1.00000
23.45780 10.14590 1.00000
23.46440 10.44290 1.00000
23.04580 21.25930 1.58020
23.03830 21.95570 1.52610
23.28870 17.30590 1.00000
23.41810 11.39730 1.00000
23.54130 10.34990 1.00000
23.37920 14.32400 1.13960
0 432.87200 4.00000
0 258.73400 3.75880
22.91560 23.19710 1.00000
23.03470 17.24010 1.00000
23.10850 17.52780 1.00000
23.11560 14.64260 1.00000
23.10430 14.92010 1.00000
22.88420 22.05560 1.00000
22.95820 20.51280 1.00000
23.20580 15.58730 1.00000
23.22340 16.64580 1.00000
23.19600 15.43430 1.00000
23.24080 13.10010 1.00000
23.23760 12.97210 1.00000
23.24140 11.98160 1.00000
23.19920 13.47900 1.00000
23.16310 15.36910 1.00000
23.20180 12.97370 1.00000
23.13510 14.50660 1.00000
23.16240 16.80570 1.00000
