22.04190 7.06090 1.00000
22.04410 7.08790 1.00000
22.05440 7.10240 1.00000
22.04770 7.12880 1.00000
21.96220 7.24970 1.00000
21.98020 7.17900 1.00000
22.02580 7.22420 1.00000
22.02900 7.24730 1.00000
22.01300 7.60240 1.00000
21.96850 7.61160 1.00000
21.95960 7.72650 1.00000
21.96430 7.64040 1.00000
21.95190 7.70030 1.00000
21.97070 7.64210 1.00000
21.94200 7.93790 1.00000
21.95580 7.78950 1.00000
21.95830 7.63890 1.00000
21.98060 7.59180 1.00000
21.94800 7.70380 1.00000
21.98490 7.93420 1.00000
21.95620 7.68740 1.00000
21.97630 7.45880 1.00000
21.97750 7.37870 1.00000
22.06520 7.16330 1.00000
22.05690 7.15180 1.00000
22.07230 7.14450 1.00000
22.06920 7.10140 1.00000
22.07330 7.22610 1.00000
22.07510 7.25630 1.00000
22.06190 7.28350 1.00000
