21.72740 7.31880
21.72970 7.36870
21.73940 7.38780
21.73260 7.43520
21.70440 7.66570
21.72390 7.50880
21.70960 7.63010
21.71330 7.66530
21.69470 8.23810
21.70460 8.20290
21.69230 8.42870
21.69990 8.25340
21.68460 8.40680
21.70620 8.26260
21.66850 8.85240
21.68780 8.54540
21.69410 8.30910
21.71850 8.20910
21.68110 8.42380
21.66110 8.90780
21.69020 8.38170
21.71520 7.97580
21.71860 7.85930
21.75210 7.47580
21.74450 7.48120
21.76040 7.44720
21.75650 7.37610
21.76110 7.56820
21.76240 7.63510
21.74880 7.68820
