20.88730 6.55540
20.88210 6.56650
20.87790 6.58060
20.89240 6.51230
20.89090 6.52780
20.88800 6.52890
20.89170 6.49580
20.89520 6.47640
20.89810 6.47360
20.88580 6.56050
20.87910 6.56740
20.89590 6.46970
20.88580 6.53980
20.87320 6.58870
20.87500 6.57270
20.88590 6.53200
20.89540 6.47130
20.88410 6.53550
20.88670 6.50960
20.89090 6.48580
20.89660 6.44610
20.88480 6.50760
20.89240 6.48480
20.89410 6.46920
20.89120 6.48720
20.90210 6.42680
20.89620 6.45620
20.88830 6.50860
20.89310 6.47510
20.88830 6.51440
