20.89180 6.50970 1.98120
20.88550 6.53160 1.98550
20.87850 6.57450 1.99750
20.89830 6.45240 1.97510
20.89590 6.47790 1.97910
20.89230 6.48550 1.98210
20.90040 6.40860 1.96350
20.90900 6.33780 1.94120
20.91710 6.28360 1.91870
20.89550 6.46230 1.95940
20.88620 6.49570 1.97070
20.91380 6.29180 1.92410
20.89880 6.40850 1.94550
20.88090 6.51120 1.96840
20.88580 6.46330 1.95510
20.89830 6.40710 1.94800
20.91200 6.30520 1.92950
20.89230 6.45310 1.96590
20.89830 6.39260 1.95110
20.90460 6.34780 1.94170
20.91590 6.25380 1.91730
20.89650 6.38990 1.95080
20.90820 6.32600 1.93280
20.91370 6.27270 1.91600
20.90820 6.31610 1.92670
20.92490 6.20080 1.90210
20.91510 6.26810 1.91960
20.90070 6.38410 1.94800
20.90790 6.32600 1.93700
20.89640 6.43270 1.96610
