21.52370 12.81930
21.49770 13.03080
21.46870 13.34410
21.47510 13.35540
21.47500 13.34160
21.44880 13.55840
21.47580 13.25240
21.47590 13.25110
21.47290 13.28130
21.46810 13.35620
21.48020 13.22720
21.47240 13.24100
21.51860 12.84110
21.53340 12.69050
21.47270 13.24050
21.47650 13.25920
21.50810 12.96810
21.52120 12.82080
21.53490 12.66750
21.48430 13.20620
21.45610 13.51820
21.48870 13.12510
21.46930 13.40120
21.46600 13.43030
21.46190 13.50750
21.47860 13.22500
21.50180 13.08450
21.51000 12.88740
21.52230 12.69200
21.55900 12.30690
