22.53980 8.55160
22.55800 8.55160
22.54930 8.55160
22.54050 8.55160
22.54320 8.55160
22.52790 8.55160
22.50420 8.55160
22.50580 8.55160
22.51870 8.55160
22.50000 8.55160
22.51970 8.55160
22.49600 8.55160
22.48800 8.55160
22.49480 8.55160
22.51580 8.55160
22.50070 8.55160
22.43510 8.55160
22.44870 8.55160
22.45210 8.55160
22.44930 8.55160
22.44460 8.55160
22.48720 8.55160
22.49740 8.55160
22.49640 8.55160
22.50900 8.55160
22.51000 8.55160
22.50590 8.55160
22.50330 8.55160
22.51880 8.55160
22.50410 8.55160
