22.68900 44.70430
22.61710 47.97700
22.56450 48.80580
22.64140 45.89840
22.54940 51.53840
22.66370 47.57930
22.62930 49.20410
22.71930 45.10070
22.80010 45.40150
22.74660 44.61930
22.70310 46.56730
22.80460 43.24610
22.76980 43.92110
22.75350 44.97920
22.56330 54.93990
22.56890 53.95990
22.73130 46.26730
22.64740 52.08800
22.64710 51.89690
22.79590 46.11040
22.77360 45.74060
22.78550 43.99830
22.77010 45.33030
22.86800 42.31110
22.83220 42.91140
22.90710 42.70200
22.86290 43.61130
22.80310 43.77780
22.80230 43.04550
22.76180 43.46060
