22.30390 12.05400
22.30940 11.90920
22.35750 11.44420
22.30850 11.91980
22.28650 12.12780
22.33820 11.74730
22.29970 11.97350
22.35820 11.33880
22.36010 11.32350
22.34760 11.49490
22.34160 11.67220
22.33680 11.65860
22.38140 11.07340
22.37950 11.07550
22.39240 10.92150
22.34260 11.39620
22.35210 11.45190
22.38120 11.07470
22.37910 11.03260
22.38070 11.12670
22.35640 11.34770
22.35560 11.51510
22.34650 11.48130
22.29700 11.91320
22.35320 11.36530
22.35580 11.26690
22.38920 10.87560
22.38370 11.03840
22.39500 10.76460
22.43310 10.51130
