21.90850 34.87690
21.75490 40.59890
21.86470 36.29300
21.92180 34.88930
21.91730 35.09440
21.81630 38.95560
21.72850 41.31660
21.79030 39.78970
21.84440 37.92900
21.87280 36.08720
21.90990 36.25590
21.76320 40.54010
21.88260 36.56560
21.98700 33.37420
21.91480 35.60000
21.84210 38.11790
21.75310 41.10180
21.70030 42.26580
21.54190 51.22560
21.56300 48.81410
21.55180 51.12640
21.70210 43.82290
21.71330 43.11480
21.74460 41.45850
21.74070 40.84630
21.72910 42.01640
21.78190 40.09770
21.75460 40.91060
21.78240 39.85700
21.73160 41.58700
