21.20590 10.83010
21.20270 10.81820
21.20200 10.77380
21.18010 10.92380
21.18370 10.87880
21.18990 10.85650
21.19460 10.78170
21.20420 10.77880
21.19990 10.78320
21.20860 10.67300
21.19810 10.74210
21.20350 10.74390
21.21040 10.66990
21.21800 10.64690
21.21720 10.63800
21.22240 10.61890
21.22490 10.61680
21.23000 10.57080
21.23540 10.57340
21.23660 10.63420
21.24560 10.55090
21.23010 10.55060
21.22350 10.59390
21.22700 10.65460
21.23450 10.56790
21.22890 10.58880
21.22570 10.66030
21.23870 10.58370
21.23450 10.57130
21.22860 10.58210
