21.51790 7.28010 1.06580
21.51350 7.28310 1.07340
21.51300 7.24870 1.06400
21.48660 7.40800 1.10000
21.49040 7.36660 1.09400
21.49850 7.32600 1.08190
21.50350 7.27070 1.07650
21.51540 7.24120 1.06210
21.50910 7.27820 1.07290
21.51810 7.18900 1.05850
21.50620 7.24860 1.07330
21.51320 7.22290 1.06120
21.51960 7.17160 1.05410
21.52880 7.15380 1.04800
21.52820 7.14440 1.04830
21.53280 7.12840 1.04480
21.53630 7.12670 1.04270
21.54420 7.07090 1.02370
21.55030 7.06720 1.01930
21.55210 7.10650 1.01820
21.56150 7.03840 1.00690
21.54110 7.09280 1.03490
21.53460 7.11910 1.03700
21.53960 7.13820 1.03150
21.54730 7.07300 1.02160
21.54060 7.10310 1.02870
21.53730 7.15780 1.03630
21.55320 7.07420 1.01420
21.54710 7.08960 1.02530
21.54130 7.10140 1.02870
