#iter           logP0018       logPprior       dS              accept          acceptance      weight          l0000p00spemd    l0000p01spemd    l0000p02spemd    l0000p03spemd    l0000p04spemd    l0000p06spemd    l0001p00shear    l0001p01shear    e00001lb01t03p02  e00001lb01t03p03  e00001lb01t03p04  e00001lb01t03p05  e00001lb01t03p06  e00001lb02t01p00  e00001lb02t01p01  e00001lb02t01p02  e00001lb03t01p00  e00001lb03t01p01  e00001lb03t01p02 
#pname          --------       ---------       --              ------          ----------      ------          x-coord          y-coord          b/a              theta            theta_e          gam              magnitude        theta            unknown          unknown          unknown          unknown          unknown          unknown          unknown          unknown          unknown          unknown          unknown         
33             1.152068e+03    4.301757e+00    3.500000e-01    1               0.029412        3.400000e+01    +4.24247800e+00  +3.43545100e+00  +9.16516000e-01  +2.75803000e+00  +1.37095400e+00  +5.05064000e-01  +1.52010000e-01  +1.92115000e-01  +5.76156000e-01  +2.32681500e+00  +9.92040000e-02  +2.20307500e+00  +5.10528000e+00  +2.31335400e+00  +2.63194600e+00  +1.01369277e+03  +5.21864900e+00  +3.97782300e+00  +2.87593093e+03 
34             1.151724e+03    4.303504e+00    3.500000e-01    1               0.057143        1.000000e+00    +4.24330134e+00  +3.43161040e+00  +9.03399712e-01  +2.67148069e+00  +1.39515623e+00  +5.08287354e-01  +1.43620032e-01  +1.52218184e-01  +6.25138581e-01  +2.24148799e+00  +1.04318566e-01  +2.11481381e+00  +5.03754921e+00  +2.31518957e+00  +2.63310899e+00  +1.00179171e+03  +5.21812172e+00  +3.97587638e+00  +2.86092743e+03 
39             1.150615e+03    4.296507e+00    3.500000e-01    1               0.075000        5.000000e+00    +4.24780698e+00  +3.43648801e+00  +8.86400694e-01  +2.83799336e+00  +1.41874855e+00  +5.17234495e-01  +1.47585908e-01  +1.95314484e-01  +6.05584136e-01  +2.32569187e+00  +9.71037772e-02  +2.12734950e+00  +5.09302128e+00  +2.31363545e+00  +2.63286389e+00  +1.01998188e+03  +5.21841140e+00  +3.97455828e+00  +2.89276909e+03 
44             1.150166e+03    4.295939e+00    3.500000e-01    1               0.088889        5.000000e+00    +4.24595845e+00  +3.43864933e+00  +8.94806741e-01  +2.85554117e+00  +1.44072487e+00  +5.21998731e-01  +1.47224321e-01  +2.08975004e-01  +5.58595340e-01  +2.33217541e+00  +9.94558206e-02  +2.14676366e+00  +5.15576889e+00  +2.31266000e+00  +2.63677984e+00  +1.01305522e+03  +5.22006440e+00  +3.97654006e+00  +2.87872338e+03 
55             1.152098e+03    4.296107e+00    3.500000e-01    1               0.089286        1.100000e+01    +4.24234177e+00  +3.44013368e+00  +8.53821874e-01  +2.80262745e+00  +1.43479789e+00  +5.19978544e-01  +1.50849390e-01  +1.68981172e-01  +6.39705753e-01  +2.34437390e+00  +1.16434357e-01  +1.98019399e+00  +4.91225828e+00  +2.31205871e+00  +2.63529826e+00  +9.84495881e+02  +5.22024637e+00  +3.97777085e+00  +2.83535566e+03 
58             1.150900e+03    4.279763e+00    3.500000e-01    1               0.101695        3.000000e+00    +4.23472175e+00  +3.44701492e+00  +8.41824600e-01  +2.72552864e+00  +1.43926865e+00  +5.16007874e-01  +1.51404755e-01  +1.16924170e-01  +6.45251852e-01  +2.40833801e+00  +1.04993213e-01  +2.02430023e+00  +4.91334891e+00  +2.31086184e+00  +2.63624416e+00  +9.90244753e+02  +5.21958067e+00  +3.97666011e+00  +2.83007719e+03 
68             1.152268e+03    4.280797e+00    3.500000e-01    1               0.101449        1.000000e+01    +4.23520073e+00  +3.44676614e+00  +8.36843213e-01  +2.91650717e+00  +1.41805733e+00  +5.24424029e-01  +1.48323439e-01  +1.54442824e-01  +6.47764575e-01  +2.35514629e+00  +1.14068680e-01  +1.96234518e+00  +4.97184627e+00  +2.31001557e+00  +2.63724401e+00  +1.00674574e+03  +5.22057897e+00  +3.97484494e+00  +2.86218512e+03 
71             1.152153e+03    4.282704e+00    3.500000e-01    1               0.111111        3.000000e+00    +4.23682826e+00  +3.44642140e+00  +8.13634066e-01  +2.82475496e+00  +1.44039864e+00  +5.18214003e-01  +1.61940018e-01  +1.18572364e-01  +6.35728644e-01  +2.25984743e+00  +1.37851166e-01  +1.84840245e+00  +4.93713532e+00  +2.30889685e+00  +2.63639775e+00  +9.85331378e+02  +5.22102792e+00  +3.97345845e+00  +2.84492079e+03 
74             1.150087e+03    4.272228e+00    3.500000e-01    1               0.120000        3.000000e+00    +4.22709163e+00  +3.44572242e+00  +8.06085145e-01  +2.90598317e+00  +1.45848865e+00  +5.23284433e-01  +1.66850003e-01  +1.37858350e-01  +6.01766345e-01  +2.34728396e+00  +1.31084010e-01  +1.90501654e+00  +5.00886279e+00  +2.30925709e+00  +2.63622065e+00  +9.80998486e+02  +5.22125190e+00  +3.97314563e+00  +2.83017305e+03 
76             1.148723e+03    4.276067e+00    3.500000e-01    1               0.129870        2.000000e+00    +4.22785660e+00  +3.44473850e+00  +7.96305692e-01  +2.93935531e+00  +1.44774859e+00  +5.15518323e-01  +1.73821971e-01  +1.36911794e-01  +6.00340441e-01  +2.41170783e+00  +1.41349556e-01  +1.86791277e+00  +4.92595637e+00  +2.30788687e+00  +2.63555189e+00  +9.73641855e+02  +5.22323756e+00  +3.97244946e+00  +2.81967404e+03 
79             1.147681e+03    4.289799e+00    3.500000e-01    1               0.137500        3.000000e+00    +4.23255940e+00  +3.44155636e+00  +7.97110783e-01  +2.80831016e+00  +1.48772753e+00  +5.12337859e-01  +1.67109860e-01  +8.92302711e-02  +6.36067573e-01  +2.39840580e+00  +1.58695585e-01  +1.75539996e+00  +4.85003330e+00  +2.30813496e+00  +2.63530281e+00  +9.74483308e+02  +5.22319480e+00  +3.97302756e+00  +2.80661341e+03 
83             1.148013e+03    4.290016e+00    3.500000e-01    1               0.142857        4.000000e+00    +4.23310971e+00  +3.44177537e+00  +8.43699378e-01  +2.81088124e+00  +1.48436830e+00  +5.12384130e-01  +1.51113255e-01  +1.06371705e-01  +6.04821013e-01  +2.42112766e+00  +1.44659698e-01  +1.85011018e+00  +4.96248564e+00  +2.31019568e+00  +2.63234803e+00  +1.00181981e+03  +5.22563011e+00  +3.97249576e+00  +2.83249860e+03 
84             1.145838e+03    4.295764e+00    3.500000e-01    1               0.152941        1.000000e+00    +4.22978346e+00  +3.43286093e+00  +8.71904459e-01  +2.97155708e+00  +1.45895644e+00  +5.15417762e-01  +1.50137559e-01  +1.73098499e-01  +6.27829721e-01  +2.39325375e+00  +1.28572331e-01  +1.87695497e+00  +5.00597624e+00  +2.30880111e+00  +2.63504624e+00  +1.01550046e+03  +5.22614306e+00  +3.97582226e+00  +2.86283922e+03 
94             1.146320e+03    4.302484e+00    3.500000e-01    1               0.147368        1.000000e+01    +4.23685264e+00  +3.43407857e+00  +8.76722163e-01  +2.88472983e+00  +1.46890644e+00  +5.11613834e-01  +1.48295310e-01  +1.23311640e-01  +6.18028493e-01  +2.36147814e+00  +1.38174541e-01  +1.86630682e+00  +4.93693025e+00  +2.30903606e+00  +2.64034157e+00  +1.00677462e+03  +5.22620583e+00  +3.97798102e+00  +2.86450707e+03 
95             1.141446e+03    4.303346e+00    3.500000e-01    1               0.156250        1.000000e+00    +4.23807939e+00  +3.42656224e+00  +8.61160874e-01  +2.71998648e+00  +1.46829497e+00  +5.00801132e-01  +1.52118466e-01  +5.13542356e-02  +6.49519650e-01  +2.33072070e+00  +1.45123503e-01  +1.83388098e+00  +4.84117439e+00  +2.30898437e+00  +2.64047703e+00  +9.87587006e+02  +5.22555014e+00  +3.97956650e+00  +2.82591750e+03 
97             1.141260e+03    4.303925e+00    3.500000e-01    1               0.163265        2.000000e+00    +4.23773196e+00  +3.43171830e+00  +8.19981059e-01  +2.69492507e+00  +1.47203604e+00  +5.08441395e-01  +1.56947565e-01  +3.35481602e-03  +6.84089603e-01  +2.34326360e+00  +1.51906018e-01  +1.77076576e+00  +4.76111993e+00  +2.31119830e+00  +2.63887507e+00  +9.67662832e+02  +5.22745634e+00  +3.97873689e+00  +2.79866840e+03 
99             1.141109e+03    4.298544e+00    3.500000e-01    1               0.170000        2.000000e+00    +4.23308600e+00  +3.42459900e+00  +8.53147313e-01  +2.84963870e+00  +1.44261415e+00  +5.17633082e-01  +1.54795600e-01  +8.84163452e-02  +6.64820121e-01  +2.39317455e+00  +1.45492084e-01  +1.82313857e+00  +4.88503482e+00  +2.30992256e+00  +2.64049221e+00  +9.87058057e+02  +5.22725925e+00  +3.97870507e+00  +2.80561726e+03 
101            1.140998e+03    4.285520e+00    3.500000e-01    1               0.176471        2.000000e+00    +4.22622986e+00  +3.42264690e+00  +8.65112413e-01  +2.95037902e+00  +1.45950529e+00  +5.25695025e-01  +1.52928164e-01  +1.20233174e-01  +6.44662496e-01  +2.39563877e+00  +1.43726951e-01  +1.81793363e+00  +4.98501558e+00  +2.31128539e+00  +2.64181698e+00  +9.89289626e+02  +5.22797441e+00  +3.97670303e+00  +2.81116909e+03 
103            1.141508e+03    4.289515e+00    3.500000e-01    1               0.182692        2.000000e+00    +4.22612606e+00  +3.43024646e+00  +8.58796524e-01  +2.83594706e+00  +1.45091797e+00  +5.12168819e-01  +1.53223402e-01  +8.51111810e-02  +6.66671868e-01  +2.38420670e+00  +1.45448395e-01  +1.77207894e+00  +4.83791574e+00  +2.31057482e+00  +2.64100435e+00  +9.76619066e+02  +5.22734829e+00  +3.97829069e+00  +2.79278826e+03 
105            1.142083e+03    4.289873e+00    3.500000e-01    1               0.188679        2.000000e+00    +4.22656221e+00  +3.43271777e+00  +8.65261310e-01  +2.91795387e+00  +1.47276417e+00  +5.10944846e-01  +1.55984183e-01  +1.31009374e-01  +6.58741163e-01  +2.38833139e+00  +1.43259214e-01  +1.79840418e+00  +4.98719649e+00  +2.31371394e+00  +2.64104253e+00  +9.77878626e+02  +5.22854352e+00  +3.97758322e+00  +2.80480417e+03 
106            1.143314e+03    4.276950e+00    3.500000e-01    1               0.196262        1.000000e+00    +4.23895457e+00  +3.44876944e+00  +8.71735251e-01  +2.94895030e+00  +1.46641478e+00  +5.12389443e-01  +1.56333267e-01  +1.31003931e-01  +6.32559638e-01  +2.39917595e+00  +1.56990759e-01  +1.74730932e+00  +5.03649892e+00  +2.31416326e+00  +2.63952292e+00  +9.75658119e+02  +5.22956387e+00  +3.97670159e+00  +2.81271507e+03 
107            1.142205e+03    4.278921e+00    3.500000e-01    1               0.203704        1.000000e+00    +4.24731311e+00  +3.44657318e+00  +8.93023594e-01  +2.74871323e+00  +1.43737918e+00  +4.98572113e-01  +1.56500876e-01  +6.16406361e-02  +6.07124273e-01  +2.37574479e+00  +1.36504714e-01  +1.86083237e+00  +5.01280030e+00  +2.31063711e+00  +2.63992761e+00  +9.70779710e+02  +5.22881130e+00  +3.97608137e+00  +2.82460548e+03 
108            1.141876e+03    4.247335e+00    3.500000e-01    1               0.211009        1.000000e+00    +4.25734119e+00  +3.45077835e+00  +9.16382988e-01  +2.81739025e+00  +1.41529584e+00  +5.06115116e-01  +1.53191718e-01  +1.30156007e-01  +5.92298576e-01  +2.38803213e+00  +1.50901340e-01  +1.80849325e+00  +5.07177103e+00  +2.30923069e+00  +2.63993482e+00  +9.82427873e+02  +5.22873347e+00  +3.97621818e+00  +2.83979487e+03 
110            1.144359e+03    4.213344e+00    3.500000e-01    1               0.216216        2.000000e+00    +4.26499931e+00  +3.45329326e+00  +8.67668400e-01  +2.88324622e+00  +1.42412337e+00  +5.08946441e-01  +1.59425068e-01  +1.32458259e-01  +6.20978098e-01  +2.34522492e+00  +1.53194685e-01  +1.78013521e+00  +5.00873807e+00  +2.31040218e+00  +2.63854538e+00  +9.63586805e+02  +5.22710345e+00  +3.97623358e+00  +2.85267181e+03 
113            1.144380e+03    4.230676e+00    3.500000e-01    1               0.219298        3.000000e+00    +4.26713228e+00  +3.44447485e+00  +8.61763798e-01  +3.01798173e+00  +1.41248589e+00  +5.06366152e-01  +1.55102731e-01  +1.56455605e-01  +6.28657507e-01  +2.35072544e+00  +1.40900501e-01  +1.87968544e+00  +4.95807670e+00  +2.31140513e+00  +2.64088435e+00  +9.66726419e+02  +5.22489606e+00  +3.97827596e+00  +2.86176358e+03 
115            1.144835e+03    4.160756e+00    3.500000e-01    1               0.224138        2.000000e+00    +4.26933017e+00  +3.46131135e+00  +8.13007414e-01  +2.78396131e+00  +1.43805966e+00  +5.01836718e-01  +1.63380618e-01  +6.82059152e-02  +6.57067456e-01  +2.32029789e+00  +1.60542035e-01  +1.75328694e+00  +4.85056219e+00  +2.31179050e+00  +2.63819939e+00  +9.38002247e+02  +5.22290593e+00  +3.97687130e+00  +2.82385945e+03 
116            1.145860e+03    4.223640e+00    3.500000e-01    1               0.230769        1.000000e+00    +4.26257893e+00  +3.45293345e+00  +7.84419889e-01  +2.68351708e+00  +1.44621964e+00  +5.02323266e-01  +1.60136787e-01  +2.37000947e-02  +6.97465867e-01  +2.24750759e+00  +1.54939424e-01  +1.74708661e+00  +4.74485139e+00  +2.31176887e+00  +2.63935141e+00  +9.24434596e+02  +5.22141297e+00  +3.97379627e+00  +2.79628142e+03 
117            1.145812e+03    4.291140e+00    3.500000e-01    1               0.237288        1.000000e+00    +4.25042191e+00  +3.43794556e+00  +7.64911228e-01  +2.67506170e+00  +1.47216641e+00  +4.98172466e-01  +1.71059707e-01  +2.03874301e-02  +6.99456141e-01  +2.09926211e+00  +1.35737271e-01  +1.82605301e+00  +4.73812998e+00  +2.31511731e+00  +2.63842257e+00  +9.08211470e+02  +5.22046551e+00  +3.97090952e+00  +2.78188244e+03 
125            1.145191e+03    4.297884e+00    3.500000e-01    1               0.230159        8.000000e+00    +4.24551298e+00  +3.43741810e+00  +7.84232756e-01  +2.65969712e+00  +1.49300511e+00  +4.90246888e-01  +1.66796529e-01  -7.64128281e-03  +7.00185702e-01  +2.08082211e+00  +1.37886521e-01  +1.81410037e+00  +4.70704057e+00  +2.31456868e+00  +2.63708237e+00  +9.17391293e+02  +5.22159455e+00  +3.97025754e+00  +2.78667941e+03 
130            1.144691e+03    4.303766e+00    3.500000e-01    1               0.229008        5.000000e+00    +4.23779457e+00  +3.43229477e+00  +7.74824977e-01  +2.67958079e+00  +1.44558135e+00  +4.86519416e-01  +1.63859403e-01  -2.03368741e-03  +7.07431621e-01  +2.08503322e+00  +1.51083584e-01  +1.74633724e+00  +4.67690509e+00  +2.31512921e+00  +2.63239882e+00  +9.24805492e+02  +5.22172469e+00  +3.96905690e+00  +2.80421270e+03 
132            1.143090e+03    4.303374e+00    3.500000e-01    1               0.233083        2.000000e+00    +4.23743621e+00  +3.42707142e+00  +7.66063797e-01  +2.62893112e+00  +1.45321849e+00  +4.80046108e-01  +1.66003543e-01  -1.90786573e-02  +7.09336291e-01  +2.03233297e+00  +1.64303698e-01  +1.62176152e+00  +4.65377737e+00  +2.31405225e+00  +2.63071440e+00  +9.17602824e+02  +5.22011783e+00  +3.96776864e+00  +2.81627744e+03 
134            1.145380e+03    4.304124e+00    3.500000e-01    1               0.237037        2.000000e+00    +4.24230453e+00  +3.42951239e+00  +7.67270726e-01  +2.66457977e+00  +1.43958006e+00  +4.75334509e-01  +1.70924361e-01  -1.58289217e-02  +6.99984586e-01  +2.10044988e+00  +1.69154564e-01  +1.60000195e+00  +4.66754759e+00  +2.31440117e+00  +2.63133975e+00  +9.17519465e+02  +5.21958116e+00  +3.96932574e+00  +2.81737821e+03 
135            1.146337e+03    4.296358e+00    3.500000e-01    1               0.242647        1.000000e+00    +4.24866469e+00  +3.42453322e+00  +7.69602990e-01  +2.77697861e+00  +1.42318272e+00  +4.82743660e-01  +1.63897026e-01  -1.14819240e-02  +6.90376288e-01  +2.18923820e+00  +1.69757081e-01  +1.61810622e+00  +4.69342200e+00  +2.31404451e+00  +2.62920613e+00  +9.29422940e+02  +5.21953808e+00  +3.96966326e+00  +2.82723455e+03 
138            1.149032e+03    4.281074e+00    3.500000e-01    1               0.244604        3.000000e+00    +4.25353267e+00  +3.44083762e+00  +7.77315898e-01  +2.85659686e+00  +1.40791424e+00  +4.83357568e-01  +1.67816071e-01  +3.13352492e-02  +6.95365384e-01  +2.31336127e+00  +1.72311166e-01  +1.58643482e+00  +4.71187034e+00  +2.31363831e+00  +2.62661185e+00  +9.43138940e+02  +5.21844491e+00  +3.96917931e+00  +2.85475642e+03 
139            1.148453e+03    4.237784e+00    3.500000e-01    1               0.250000        1.000000e+00    +4.25843817e+00  +3.45268772e+00  +7.71352225e-01  +2.84845571e+00  +1.43243720e+00  +4.87442166e-01  +1.69305959e-01  +2.08752817e-02  +7.16761341e-01  +2.23510880e+00  +1.71444670e-01  +1.53449933e+00  +4.69762776e+00  +2.31408128e+00  +2.62797877e+00  +9.37871513e+02  +5.21893167e+00  +3.97106222e+00  +2.87123075e+03 
143            1.148944e+03    4.267636e+00    3.500000e-01    1               0.250000        4.000000e+00    +4.24936136e+00  +3.44962059e+00  +7.69188045e-01  +2.84711755e+00  +1.44135988e+00  +4.87668677e-01  +1.74713554e-01  +4.85495473e-02  +6.92403838e-01  +2.16130868e+00  +1.54071128e-01  +1.61358057e+00  +4.77970247e+00  +2.31435284e+00  +2.62664059e+00  +9.46108509e+02  +5.21856153e+00  +3.97020698e+00  +2.90774206e+03 
147            1.151307e+03    4.294212e+00    3.500000e-01    1               0.250000        4.000000e+00    +4.24623885e+00  +3.43966955e+00  +7.74288507e-01  +2.80126980e+00  +1.43109525e+00  +4.76607465e-01  +1.79954094e-01  +4.27264623e-02  +6.60138199e-01  +2.19255702e+00  +1.43925654e-01  +1.67750537e+00  +4.79679496e+00  +2.31464989e+00  +2.63120346e+00  +9.47937345e+02  +5.21683224e+00  +3.96960884e+00  +2.91071755e+03 
155            1.151372e+03    4.301724e+00    3.500000e-01    1               0.243590        8.000000e+00    +4.24045627e+00  +3.43600480e+00  +7.64266677e-01  +2.92199728e+00  +1.43011445e+00  +4.76350283e-01  +1.75575416e-01  +5.77231942e-02  +6.76570616e-01  +2.18899018e+00  +1.52086427e-01  +1.64060948e+00  +4.70530822e+00  +2.31464162e+00  +2.62709821e+00  +9.51037249e+02  +5.21656501e+00  +3.96904700e+00  +2.90618186e+03 
156            1.152176e+03    4.292766e+00    3.500000e-01    1               0.248408        1.000000e+00    +4.24136724e+00  +3.44220932e+00  +7.78746929e-01  +2.97715657e+00  +1.44350169e+00  +4.81047999e-01  +1.65655536e-01  +7.32557871e-02  +6.69608486e-01  +2.30171923e+00  +1.38197125e-01  +1.70107786e+00  +4.71853340e+00  +2.31338974e+00  +2.62572878e+00  +9.70790447e+02  +5.21474578e+00  +3.96845945e+00  +2.91435807e+03 
157            1.150516e+03    4.294453e+00    3.500000e-01    1               0.253165        1.000000e+00    +4.24196881e+00  +3.44120084e+00  +7.67661184e-01  +3.05770281e+00  +1.42795587e+00  +4.86049007e-01  +1.73580858e-01  +1.37953408e-01  +6.37411825e-01  +2.34744287e+00  +1.45629599e-01  +1.68001569e+00  +4.82710405e+00  +2.31378040e+00  +2.62695650e+00  +9.73572447e+02  +5.21499290e+00  +3.96894957e+00  +2.92321894e+03 
158            1.150490e+03    4.293598e+00    3.500000e-01    1               0.257862        1.000000e+00    +4.23567490e+00  +3.44102633e+00  +7.72823912e-01  +3.07739357e+00  +1.41524646e+00  +4.84331026e-01  +1.77546095e-01  +1.68006834e-01  +6.13791073e-01  +2.35642886e+00  +1.34029963e-01  +1.74447560e+00  +5.00612847e+00  +2.31479801e+00  +2.62963796e+00  +9.84930516e+02  +5.21735592e+00  +3.96819664e+00  +2.96980860e+03 
161            1.150228e+03    4.276443e+00    3.500000e-01    1               0.259259        3.000000e+00    +4.23323350e+00  +3.44772256e+00  +7.73182518e-01  +3.08890098e+00  +1.43674106e+00  +4.84993480e-01  +1.65781994e-01  +1.33243919e-01  +6.70369327e-01  +2.41165624e+00  +1.42072627e-01  +1.65370418e+00  +4.98096152e+00  +2.31486097e+00  +2.62965376e+00  +9.86619259e+02  +5.21771545e+00  +3.96672295e+00  +2.96293411e+03 
163            1.150015e+03    4.278758e+00    3.500000e-01    1               0.262195        2.000000e+00    +4.23249508e+00  +3.44655023e+00  +7.53324702e-01  +3.25606163e+00  +1.45395727e+00  +4.95057715e-01  +1.70019697e-01  +1.75298327e-01  +6.73992384e-01  +2.33412789e+00  +1.37725670e-01  +1.66588473e+00  +5.03338445e+00  +2.31625198e+00  +2.63379655e+00  +9.86115679e+02  +5.22018896e+00  +3.96656008e+00  +2.99707795e+03 
164            1.150808e+03    4.285130e+00    3.500000e-01    1               0.266667        1.000000e+00    +4.23327574e+00  +3.44426377e+00  +7.65854468e-01  +3.22376214e+00  +1.44611618e+00  +4.90972706e-01  +1.72276015e-01  +1.81202146e-01  +6.41566158e-01  +2.38360883e+00  +1.30703230e-01  +1.74801653e+00  +5.09314593e+00  +2.31562809e+00  +2.63562501e+00  +9.78596509e+02  +5.21977910e+00  +3.96620088e+00  +2.98424129e+03 
165            1.149539e+03    4.286461e+00    3.500000e-01    1               0.271084        1.000000e+00    +4.23442895e+00  +3.44416346e+00  +7.41956292e-01  +3.05437116e+00  +1.44915231e+00  +4.84381365e-01  +1.78008432e-01  +1.20424794e-01  +6.65576587e-01  +2.38411683e+00  +1.68246993e-01  +1.55082860e+00  +4.91972344e+00  +2.31408277e+00  +2.63292599e+00  +9.51404624e+02  +5.22046773e+00  +3.96600988e+00  +2.93896638e+03 
166            1.149896e+03    4.283091e+00    3.500000e-01    1               0.275449        1.000000e+00    +4.23311390e+00  +3.44507826e+00  +7.14400770e-01  +3.10440565e+00  +1.46361888e+00  +4.93518260e-01  +1.77602250e-01  +1.13738025e-01  +6.99113111e-01  +2.30965574e+00  +1.43436306e-01  +1.61860256e+00  +4.77489321e+00  +2.31138694e+00  +2.63321161e+00  +9.47797831e+02  +5.21979503e+00  +3.96775194e+00  +2.93105924e+03 
168            1.151212e+03    4.301784e+00    3.500000e-01    1               0.278107        2.000000e+00    +4.23884495e+00  +3.43584531e+00  +7.31504283e-01  +3.03247462e+00  +1.46449086e+00  +4.90679709e-01  +1.81134954e-01  +1.07858622e-01  +6.35756234e-01  +2.42134946e+00  +1.47963963e-01  +1.66716476e+00  +4.95528687e+00  +2.31293135e+00  +2.63483316e+00  +9.55215259e+02  +5.22037332e+00  +3.97029308e+00  +2.94700975e+03 
177            1.150698e+03    4.300973e+00    3.500000e-01    1               0.269663        9.000000e+00    +4.24276271e+00  +3.43618470e+00  +7.17922753e-01  +2.98836209e+00  +1.47445412e+00  +4.96809877e-01  +1.75567687e-01  +5.00224745e-02  +6.46484576e-01  +2.45152175e+00  +1.47091979e-01  +1.65968567e+00  +4.88950584e+00  +2.31582107e+00  +2.63276971e+00  +9.48455705e+02  +5.22104293e+00  +3.96791081e+00  +2.91626169e+03 
185            1.151375e+03    4.294570e+00    3.500000e-01    1               0.263441        8.000000e+00    +4.24533667e+00  +3.43996815e+00  +7.08968014e-01  +2.78811514e+00  +1.44864603e+00  +4.78369483e-01  +1.77945421e-01  -2.59044279e-02  +6.37194183e-01  +2.40206046e+00  +1.51231584e-01  +1.67854322e+00  +4.85431256e+00  +2.31503133e+00  +2.63069665e+00  +9.40639696e+02  +5.22026342e+00  +3.96783996e+00  +2.91115928e+03 
220            1.152103e+03    4.301882e+00    3.500000e-01    1               0.226244        3.500000e+01    +4.24205280e+00  +3.43547998e+00  +7.15426724e-01  +2.80172852e+00  +1.42954074e+00  +4.73228846e-01  +1.85115637e-01  +1.96999665e-02  +6.48240424e-01  +2.47774300e+00  +1.36521498e-01  +1.71812861e+00  +4.90166274e+00  +2.31647960e+00  +2.63069010e+00  +9.53041962e+02  +5.22021286e+00  +3.96981517e+00  +2.93293199e+03 
224            1.151344e+03    4.288021e+00    3.500000e-01    1               0.226667        4.000000e+00    +4.23999631e+00  +3.44454909e+00  +7.54799210e-01  +2.76508389e+00  +1.41372686e+00  +4.76016917e-01  +1.75664449e-01  +2.35395154e-02  +6.31917453e-01  +2.55262527e+00  +1.24489410e-01  +1.83444009e+00  +5.05157525e+00  +2.31654797e+00  +2.63049533e+00  +9.81495085e+02  +5.22095561e+00  +3.97239653e+00  +2.95915831e+03 
226            1.150871e+03    4.292895e+00    3.500000e-01    1               0.229075        2.000000e+00    +4.23950159e+00  +3.44220792e+00  +7.60407616e-01  +2.93399224e+00  +1.42586700e+00  +4.81265639e-01  +1.73928810e-01  +1.09414842e-01  +6.40693028e-01  +2.50136200e+00  +1.12998257e-01  +1.86471048e+00  +5.08295948e+00  +2.31635209e+00  +2.62996982e+00  +9.83649912e+02  +5.21915083e+00  +3.97094458e+00  +2.95310557e+03 
231            1.153120e+03    4.300832e+00    3.500000e-01    1               0.228448        5.000000e+00    +4.23815971e+00  +3.43665595e+00  +7.22386753e-01  +2.76236883e+00  +1.41850219e+00  +4.69574008e-01  +1.88040591e-01  +2.79246120e-02  +6.83301390e-01  +2.38658958e+00  +1.26300806e-01  +1.72443349e+00  +4.86697181e+00  +2.31401828e+00  +2.63144169e+00  +9.55267543e+02  +5.21807294e+00  +3.97028192e+00  +2.91658578e+03 
271            1.154924e+03    4.291904e+00    3.500000e-01    1               0.198529        4.000000e+01    +4.24060614e+00  +3.44271212e+00  +7.38914456e-01  +2.83727910e+00  +1.44266240e+00  +4.79651916e-01  +1.74719639e-01  +4.01686125e-02  +6.94693009e-01  +2.44346412e+00  +1.19290916e-01  +1.77368302e+00  +4.96943633e+00  +2.31575329e+00  +2.63458033e+00  +9.73371322e+02  +5.21801326e+00  +3.96980255e+00  +2.92229409e+03 
285            1.152958e+03    4.294833e+00    3.500000e-01    1               0.192308        1.400000e+01    +4.23701913e+00  +3.44075124e+00  +7.70517076e-01  +2.80241800e+00  +1.37278022e+00  +4.74037391e-01  +1.65216912e-01  +3.90002985e-02  +7.09428516e-01  +2.38340330e+00  +1.24499009e-01  +1.74320833e+00  +5.00961972e+00  +2.31460544e+00  +2.63430919e+00  +9.84107054e+02  +5.21604964e+00  +3.97122232e+00  +2.94728110e+03 
300            1.153328e+03    4.292870e+00    3.500000e-01    1               0.186047        1.500000e+01    +4.24035642e+00  +3.44222594e+00  +7.46363706e-01  +2.59587641e+00  +1.37844278e+00  +4.71265067e-01  +1.59088757e-01  -1.16842230e-02  +7.69374599e-01  +2.45734383e+00  +1.24730545e-01  +1.69336671e+00  +4.89909653e+00  +2.31566642e+00  +2.63206283e+00  +9.67897902e+02  +5.21654659e+00  +3.96983226e+00  +2.90457078e+03 
302            1.153448e+03    4.297115e+00    3.500000e-01    1               0.188119        2.000000e+00    +4.24487319e+00  +3.43845683e+00  +7.79590793e-01  +2.61689711e+00  +1.35935697e+00  +4.72212485e-01  +1.57311939e-01  +1.11396549e-02  +7.32845762e-01  +2.59429171e+00  +1.10962987e-01  +1.86468289e+00  +5.00945941e+00  +2.31755084e+00  +2.63305018e+00  +9.85971165e+02  +5.21742174e+00  +3.97204862e+00  +2.90206325e+03 
309            1.154401e+03    4.298700e+00    3.500000e-01    1               0.187097        7.000000e+00    +4.24395783e+00  +3.43770152e+00  +7.44593501e-01  +2.67974015e+00  +1.39059886e+00  +4.70808163e-01  +1.71956860e-01  +1.58797921e-02  +7.35087663e-01  +2.52014847e+00  +1.16196750e-01  +1.86296315e+00  +4.88710891e+00  +2.31776561e+00  +2.63169796e+00  +9.67109114e+02  +5.21860939e+00  +3.97453764e+00  +2.88569774e+03 
320            1.152854e+03    4.286980e+00    3.500000e-01    1               0.183801        1.100000e+01    +4.23531899e+00  +3.44425081e+00  +7.55843271e-01  +2.69963804e+00  +1.38803815e+00  +4.72428226e-01  +1.63988603e-01  +2.49741424e-02  +7.51122782e-01  +2.65475718e+00  +1.04632563e-01  +1.95229621e+00  +4.90889045e+00  +2.31860431e+00  +2.63336414e+00  +9.90574267e+02  +5.21802231e+00  +3.97338002e+00  +2.90715021e+03 
337            1.150928e+03    4.288118e+00    3.500000e-01    1               0.177515        1.700000e+01    +4.23646877e+00  +3.44406983e+00  +7.66673231e-01  +2.60089363e+00  +1.34999910e+00  +4.65172752e-01  +1.66936862e-01  -1.70991505e-02  +7.08540853e-01  +2.58367936e+00  +1.05730359e-01  +1.99222429e+00  +4.97700451e+00  +2.31866367e+00  +2.63144004e+00  +9.95295129e+02  +5.21765703e+00  +3.97312643e+00  +2.92789528e+03 
340            1.149959e+03    4.296372e+00    3.500000e-01    1               0.178886        3.000000e+00    +4.23804574e+00  +3.44004810e+00  +7.78894536e-01  +2.54543125e+00  +1.37047431e+00  +4.62200545e-01  +1.66286481e-01  -1.47044822e-02  +6.75625289e-01  +2.65779709e+00  +9.20022924e-02  +2.09275937e+00  +5.00632732e+00  +2.31845267e+00  +2.63263048e+00  +9.97924808e+02  +5.21786641e+00  +3.97425261e+00  +2.90374580e+03 
346            1.151611e+03    4.286442e+00    3.500000e-01    1               0.178674        6.000000e+00    +4.24011954e+00  +3.44522716e+00  +7.58268676e-01  +2.67575148e+00  +1.37216316e+00  +4.64702521e-01  +1.74010543e-01  +1.25566608e-02  +6.86621624e-01  +2.58781118e+00  +1.14138303e-01  +1.95829841e+00  +4.89487508e+00  +2.32037491e+00  +2.63282131e+00  +9.86919048e+02  +5.21608590e+00  +3.97439408e+00  +2.89926279e+03 
347            1.150450e+03    4.295234e+00    3.500000e-01    1               0.181034        1.000000e+00    +4.23707838e+00  +3.44052623e+00  +7.01715154e-01  +2.63643168e+00  +1.38510878e+00  +4.61304478e-01  +1.83218122e-01  -2.71024431e-02  +6.86832933e-01  +2.55015166e+00  +9.23795387e-02  +2.05773977e+00  +4.79385385e+00  +2.32193325e+00  +2.63456610e+00  +9.54663887e+02  +5.21581816e+00  +3.97397580e+00  +2.86394023e+03 
366            1.150527e+03    4.299442e+00    3.500000e-01    1               0.174387        1.900000e+01    +4.24208214e+00  +3.43781972e+00  +6.96405853e-01  +2.52850279e+00  +1.38661894e+00  +4.58438716e-01  +1.76358141e-01  -6.32901077e-02  +7.02738260e-01  +2.61257931e+00  +1.02967051e-01  +2.01508893e+00  +4.73445735e+00  +2.32055983e+00  +2.63267540e+00  +9.44183045e+02  +5.21722644e+00  +3.97359700e+00  +2.83691164e+03 
369            1.149032e+03    4.297790e+00    3.500000e-01    1               0.175676        3.000000e+00    +4.23806220e+00  +3.43910306e+00  +7.40193427e-01  +2.49178642e+00  +1.37733160e+00  +4.53644850e-01  +1.64063264e-01  -4.85370771e-02  +6.63226340e-01  +2.74873987e+00  +8.77045638e-02  +2.17159692e+00  +4.93755996e+00  +2.31920719e+00  +2.63263166e+00  +9.86235688e+02  +5.21687390e+00  +3.97188757e+00  +2.88101585e+03 
371            1.149143e+03    4.291925e+00    3.500000e-01    1               0.177419        2.000000e+00    +4.23458713e+00  +3.44150639e+00  +7.27994087e-01  +2.54465795e+00  +1.37805770e+00  +4.54884603e-01  +1.63969545e-01  -6.71158691e-02  +6.98140597e-01  +2.73492040e+00  +9.41257397e-02  +2.13919611e+00  +4.89049645e+00  +2.31795080e+00  +2.63064044e+00  +9.90026294e+02  +5.21752754e+00  +3.97379438e+00  +2.89019065e+03 
384            1.149772e+03    4.291414e+00    3.500000e-01    1               0.174026        1.300000e+01    +4.23953690e+00  +3.44296268e+00  +7.07620862e-01  +2.62242311e+00  +1.38832616e+00  +4.62850242e-01  +1.67516824e-01  -5.89085362e-02  +7.01214477e-01  +2.68501228e+00  +9.19917829e-02  +2.11599613e+00  +4.72494517e+00  +2.31858360e+00  +2.62908822e+00  +9.76612067e+02  +5.21843997e+00  +3.97544554e+00  +2.86584473e+03 
397            1.148369e+03    4.291928e+00    3.500000e-01    1               0.170854        1.300000e+01    +4.24281958e+00  +3.44239792e+00  +6.82797823e-01  +2.57574103e+00  +1.40674352e+00  +4.62951662e-01  +1.64658961e-01  -7.82732936e-02  +7.15434703e-01  +2.56638932e+00  +9.75243005e-02  +2.08691288e+00  +4.56422610e+00  +2.31924517e+00  +2.62551103e+00  +9.60395933e+02  +5.21777552e+00  +3.97638424e+00  +2.84448929e+03 
406            1.149296e+03    4.289458e+00    3.500000e-01    1               0.169533        9.000000e+00    +4.24304790e+00  +3.44356397e+00  +6.85660933e-01  +2.60706186e+00  +1.39158917e+00  +4.63659094e-01  +1.69362906e-01  -4.46789447e-02  +7.31588653e-01  +2.48090406e+00  +1.07585164e-01  +2.04042815e+00  +4.60143526e+00  +2.31949926e+00  +2.62558789e+00  +9.64298519e+02  +5.21693792e+00  +3.97651434e+00  +2.88532906e+03 
411            1.149482e+03    4.294348e+00    3.500000e-01    1               0.169903        5.000000e+00    +4.24164836e+00  +3.44131236e+00  +6.87676065e-01  +2.47903549e+00  +1.41180249e+00  +4.56189907e-01  +1.73941195e-01  -7.45141249e-02  +7.17398411e-01  +2.49453299e+00  +1.03446844e-01  +2.08613330e+00  +4.56243710e+00  +2.31787476e+00  +2.62808346e+00  +9.50171071e+02  +5.21622130e+00  +3.97727065e+00  +2.84739428e+03 
440            1.150152e+03    4.291294e+00    3.500000e-01    1               0.160998        2.900000e+01    +4.24059833e+00  +3.44301619e+00  +7.17171618e-01  +2.63030982e+00  +1.42066755e+00  +4.67918968e-01  +1.60728090e-01  -7.62328448e-03  +6.76120552e-01  +2.56274257e+00  +1.00750392e-01  +2.15784873e+00  +4.71060195e+00  +2.31719164e+00  +2.62777171e+00  +9.74014395e+02  +5.21605974e+00  +3.97606880e+00  +2.86967296e+03 
441            1.150152e+03    4.291294e+00    1.500000e-01    1               0.162896        1.000000e+00    +4.24059833e+00  +3.44301619e+00  +7.17171618e-01  +2.63030982e+00  +1.42066755e+00  +4.67918968e-01  +1.60728090e-01  -7.62328448e-03  +6.76120552e-01  +2.56274257e+00  +1.00750392e-01  +2.15784873e+00  +4.71060195e+00  +2.31719164e+00  +2.62777171e+00  +9.74014395e+02  +5.21605974e+00  +3.97606880e+00  +2.86967296e+03 
442            1.148983e+03    4.289923e+00    1.500000e-01    1               0.164786        1.000000e+00    +4.23717774e+00  +3.44339246e+00  +7.08196666e-01  +2.53106462e+00  +1.41533424e+00  +4.63693277e-01  +1.62030786e-01  -4.41859404e-02  +6.95083298e-01  +2.55974833e+00  +1.12893643e-01  +2.08951846e+00  +4.68609710e+00  +2.31781441e+00  +2.62664483e+00  +9.66089678e+02  +5.21489292e+00  +3.97560656e+00  +2.84971293e+03 
