22.90030 8.61160
22.88580 8.61160
22.86620 8.61160
22.92500 8.61160
22.91730 8.61160
22.92620 8.61160
22.91720 8.61160
22.86310 8.61160
22.90520 8.61160
22.93130 8.61160
22.95310 8.61160
22.97030 8.61160
22.98830 8.61160
23.01770 8.61160
23.04830 8.61160
23.07330 8.61160
23.03820 8.61160
23.01000 8.61160
23.01090 8.61160
22.99510 8.61160
22.98470 8.61160
22.98030 8.61160
23.00430 8.61160
23.00910 8.61160
22.99690 8.61160
23.01000 8.61160
23.00300 8.61160
23.04760 8.61160
23.03790 8.61160
22.99540 8.61160
