22.04670 4.55990
22.03640 4.58950
22.06440 4.55840
22.07400 4.53700
22.09200 4.41730
22.07480 4.71370
22.06770 4.79670
22.07350 4.48120
22.05920 4.71810
22.09520 4.48150
22.08640 4.63570
22.06300 5.01310
22.06160 4.77600
22.03990 4.91760
22.05800 4.62180
22.04550 4.62880
22.08430 4.16680
22.09120 3.99560
22.08340 4.17750
22.06820 4.13250
22.06460 4.22380
22.05080 4.37790
22.05100 4.73290
22.01820 4.85770
22.04640 4.58370
22.05480 4.15340
22.05380 4.39440
22.07170 4.39660
22.06430 4.62270
22.05920 4.15470
