21.30800 10.17880
21.30170 10.23190
21.29180 10.25590
21.27090 10.44900
21.27870 10.39900
21.28720 10.36060
21.27460 10.44100
21.26610 10.49620
21.28230 10.46400
21.25180 10.67520
21.25120 10.69190
21.26370 10.66840
21.27360 10.63550
21.24680 10.75740
21.23670 10.87630
21.25240 10.73690
21.25860 10.61860
21.27710 10.54020
21.27290 10.59060
21.27650 10.60250
21.25540 10.75580
21.24800 10.80390
21.24230 10.81950
21.22710 10.87320
21.23170 10.77900
21.23590 10.78480
21.24710 10.70120
21.23690 10.77780
21.24840 10.73850
21.26130 10.58820
