21.50030 17.50220
21.51540 17.38410
21.51590 17.32510
21.49900 17.46790
21.53310 17.02540
21.52370 17.40030
21.49490 17.49780
21.50310 17.35960
21.50790 17.31890
21.50710 17.45730
21.48820 17.65960
21.45350 18.41660
21.48700 17.68110
21.48590 17.73560
21.48980 17.64030
21.50550 17.50960
21.50780 17.51410
21.51000 17.23540
21.52930 17.06590
21.51140 17.36210
21.51980 17.28050
21.54800 16.80140
21.51520 17.31010
21.53430 16.98510
21.51730 17.20440
21.49660 17.53140
21.51910 16.96010
21.48930 17.56060
21.49210 17.46680
21.49420 17.45760
