20.91640 27.04770
20.89520 27.60420
20.89090 27.71690
20.90950 27.22740
20.88280 27.97200
20.88570 27.97830
20.90050 27.60790
20.94350 26.55800
20.91170 27.15640
20.94910 26.36660
20.95120 26.15500
20.97390 25.58870
20.96350 25.75510
20.91690 26.87170
20.93490 26.59120
20.94330 26.27180
20.98580 25.35170
20.96200 25.59180
20.92200 26.37560
20.92870 26.34490
20.94280 26.30980
20.94840 26.09340
20.95530 25.85000
20.95860 25.89720
20.95330 25.91790
20.97710 25.33580
20.95590 26.15990
20.94530 26.36100
20.91500 27.15040
20.95430 25.94590
