21.58130 9.77450 2.09170
21.54090 10.31720 2.17140
21.53790 10.35070 2.16980
21.54960 10.25750 2.16840
21.49430 11.02240 2.28230
21.51140 10.77530 2.24570
21.53430 10.49420 2.20150
21.61560 9.45510 2.03880
21.57670 9.81740 2.08880
21.62980 9.20740 1.99560
21.62900 9.16880 1.98690
21.65800 8.83610 1.93510
21.64580 8.94160 1.95340
21.56690 9.91330 2.11690
21.60270 9.47940 2.04740
21.61080 9.38060 2.03000
21.66730 8.78580 1.93920
21.64200 8.93650 1.96680
21.53970 10.24020 2.21550
21.58600 9.60010 2.07600
21.61340 9.35670 2.03030
21.61650 9.30720 2.02610
21.62800 9.13270 1.99720
21.64120 9.00130 1.96330
21.64020 8.95760 1.95100
21.67710 8.53300 1.87630
21.66510 8.69520 1.90310
21.62520 9.22070 1.99440
21.59170 9.57980 2.04740
21.64920 8.86230 1.92930
