22.97370 12.80550
23.02530 12.16400
23.10630 11.14150
23.01700 12.13430
23.09040 11.19370
22.91180 14.29640
22.91760 14.49350
23.04010 12.50390
23.07090 12.05470
23.16050 11.00230
23.22410 10.53180
23.22150 10.56350
23.21780 10.74120
23.20520 10.84750
23.18560 10.62580
23.15750 10.87070
23.17930 10.85630
23.12300 11.30690
23.07470 11.97290
23.21580 10.42620
23.16090 11.26000
23.16710 10.89850
23.15070 11.15740
23.19520 11.03180
23.22490 10.91860
23.20720 10.95900
23.19150 11.02830
23.20680 10.91740
23.21290 10.88840
23.20350 10.90880
