22.56970 33.89050
22.57750 34.22410
22.54900 34.58440
22.61080 33.00010
22.60250 32.97530
22.56090 34.59140
22.60380 33.36550
22.56990 34.41360
22.46650 37.16330
22.32980 46.55910
22.49490 35.87180
22.25020 48.17490
22.39790 38.25180
22.31000 45.50370
22.30820 45.37030
22.42450 40.73640
22.45960 40.28470
22.42650 41.21390
22.42280 41.40010
22.37010 42.52920
22.34940 43.50150
22.41610 41.63460
22.39940 42.05570
22.37440 42.55890
22.42190 40.70180
22.43660 40.20850
22.47230 38.59660
22.39400 40.28520
22.56350 33.17400
22.61900 31.69990
