23.40620 9.28700 1.40020
23.42140 9.29970 1.41150
23.40300 9.32180 1.38740
23.45660 8.85450 1.29240
23.45770 8.76230 1.25770
23.42350 9.23070 1.36770
23.45920 8.87420 1.28830
23.44690 9.09690 1.30970
23.36400 9.71600 1.39970
22.75040 25.55640 3.02640
23.39110 9.30130 1.32640
22.78750 22.74210 2.77310
23.33570 9.66170 1.34940
22.73590 25.04320 2.98990
22.75480 24.26340 2.93920
22.99760 18.05410 2.55570
22.99750 18.64000 2.63890
22.94830 19.52330 2.70300
22.96310 19.21710 2.65170
23.00900 17.30220 2.41200
22.94060 18.85470 2.55070
22.95690 19.26230 2.65130
22.91210 20.24680 2.73060
22.96330 18.49590 2.54460
23.04350 16.77730 2.41250
23.12590 15.06430 2.21370
23.15870 14.30170 2.18310
23.11980 14.28710 2.12310
23.45620 8.46330 1.12250
23.49410 8.24290 1.06980
