22.69580 46.90160
22.65150 49.00430
22.65360 49.00160
22.67210 48.97860
22.71770 46.50350
22.67630 47.87490
22.68800 47.34840
22.71730 46.72570
22.72210 44.55790
22.65920 48.28410
22.77600 41.27090
22.66280 49.03600
22.83470 38.33080
22.64180 48.97280
22.74020 42.92130
22.74240 42.41540
22.70600 44.34780
22.71510 43.84890
22.70880 43.58010
22.68220 44.62770
22.74070 42.92790
22.72290 43.61790
22.68710 45.38770
22.72840 43.08020
22.71650 43.83190
22.61860 48.37460
22.65340 48.23100
22.62600 49.66570
22.49850 55.48750
22.52910 53.63990
