#iter           logP0016       logPprior       dS              accept          acceptance      weight          l0000p00spemd    l0000p01spemd    l0000p02spemd    l0000p03spemd    l0000p04spemd    l0000p06spemd    e00001lb01t03p02  e00001lb01t03p03  e00001lb01t03p04  e00001lb01t03p05  e00001lb01t03p06  e00001lb02t01p00  e00001lb02t01p01  e00001lb02t01p02  e00001lb03t01p00  e00001lb03t01p01  e00001lb03t01p02 
#pname          --------       ---------       --              ------          ----------      ------          x-coord          y-coord          b/a              theta            theta_e          gam              unknown          unknown          unknown          unknown          unknown          unknown          unknown          unknown          unknown          unknown          unknown         
0              8.072444e+03    5.145477e+00    3.500000e-01    1               1.000000        1.000000e+00    +4.00436700e+00  +3.98699900e+00  +7.09604000e-01  -1.21579900e+00  +1.75230900e+00  +6.12136000e-01  +9.09048000e-01  +2.05851800e+00  +1.07722000e-01  +2.06421700e+00  +4.53637500e+00  +1.98404000e+00  +3.08663100e+00  +7.90288256e+02  +5.04012800e+00  +4.55972800e+00  +2.01647735e+03 
1              8.072976e+03    5.174021e+00    3.500000e-01    1               1.000000        1.000000e+00    +4.00196521e+00  +3.98633544e+00  +7.07051340e-01  -1.23518337e+00  +1.75265407e+00  +6.14530288e-01  +8.98172703e-01  +2.02784133e+00  +1.08564076e-01  +2.07726005e+00  +4.50113420e+00  +1.98432232e+00  +3.08735444e+00  +7.86764973e+02  +5.03985421e+00  +4.55974232e+00  +2.01443850e+03 
2              8.071192e+03    5.177920e+00    3.500000e-01    1               1.000000        1.000000e+00    +4.00197551e+00  +3.98577968e+00  +7.04339790e-01  -1.23514337e+00  +1.77040809e+00  +6.14311667e-01  +8.98701947e-01  +2.01107125e+00  +1.07853294e-01  +2.09014492e+00  +4.44740666e+00  +1.98466409e+00  +3.08732479e+00  +7.85188961e+02  +5.03970302e+00  +4.55994084e+00  +2.02003022e+03 
4              8.071215e+03    5.175339e+00    3.500000e-01    1               0.800000        2.000000e+00    +4.00155070e+00  +3.98670439e+00  +7.04371108e-01  -1.25354073e+00  +1.76580957e+00  +6.13530298e-01  +8.98762449e-01  +1.98542857e+00  +1.07641965e-01  +2.09251466e+00  +4.43616165e+00  +1.98492260e+00  +3.08741887e+00  +7.81918630e+02  +5.03963007e+00  +4.55989096e+00  +2.02184285e+03 
6              8.072729e+03    5.153932e+00    3.500000e-01    1               0.714286        2.000000e+00    +4.00378883e+00  +3.98663461e+00  +7.14041147e-01  -1.25710042e+00  +1.75619931e+00  +6.11094847e-01  +9.01746740e-01  +2.00103652e+00  +1.07612639e-01  +2.08747566e+00  +4.45737474e+00  +1.98528782e+00  +3.08733311e+00  +7.83752318e+02  +5.03959268e+00  +4.55987657e+00  +2.01940567e+03 
8              8.072437e+03    5.141697e+00    3.500000e-01    1               0.666667        2.000000e+00    +4.00390855e+00  +3.98812590e+00  +7.14582188e-01  -1.27045511e+00  +1.75511112e+00  +6.12672150e-01  +8.94199403e-01  +1.97798618e+00  +1.07751590e-01  +2.09334258e+00  +4.42970193e+00  +1.98550969e+00  +3.08775588e+00  +7.80387051e+02  +5.03967754e+00  +4.55959177e+00  +2.02057172e+03 
10             8.074882e+03    5.082083e+00    3.500000e-01    1               0.636364        2.000000e+00    +4.00617537e+00  +3.99276628e+00  +7.15906984e-01  -1.27674218e+00  +1.75788248e+00  +6.12054246e-01  +8.96995667e-01  +1.97510569e+00  +1.07443348e-01  +2.09504929e+00  +4.42766912e+00  +1.98581754e+00  +3.08783981e+00  +7.81348182e+02  +5.03963715e+00  +4.55978049e+00  +2.01940771e+03 
12             8.074220e+03    5.060596e+00    3.500000e-01    1               0.615385        2.000000e+00    +4.00694241e+00  +3.99438023e+00  +7.11496700e-01  -1.28691764e+00  +1.76640265e+00  +6.12965496e-01  +8.89844122e-01  +1.93873293e+00  +1.07609169e-01  +2.11496419e+00  +4.35259103e+00  +1.98599890e+00  +3.08769735e+00  +7.78610831e+02  +5.03952336e+00  +4.55985366e+00  +2.02487890e+03 
13             8.074368e+03    5.033156e+00    3.500000e-01    1               0.642857        1.000000e+00    +4.00927065e+00  +3.99469279e+00  +7.08881288e-01  -1.27398108e+00  +1.76633720e+00  +6.13363232e-01  +8.91000786e-01  +1.96070104e+00  +1.07724193e-01  +2.10345498e+00  +4.39304218e+00  +1.98585998e+00  +3.08755979e+00  +7.82164258e+02  +5.03924822e+00  +4.55965728e+00  +2.02436627e+03 
15             8.073308e+03    5.052489e+00    3.500000e-01    1               0.625000        2.000000e+00    +4.00853620e+00  +3.99333906e+00  +7.06109854e-01  -1.28655733e+00  +1.77514675e+00  +6.13316140e-01  +8.90289842e-01  +1.94978819e+00  +1.07758482e-01  +2.11065140e+00  +4.36705992e+00  +1.98589796e+00  +3.08728105e+00  +7.79205792e+02  +5.03936244e+00  +4.55961715e+00  +2.02362477e+03 
16             8.075018e+03    5.050061e+00    3.500000e-01    1               0.647059        1.000000e+00    +4.00827457e+00  +3.99396226e+00  +7.12279455e-01  -1.29921943e+00  +1.77540795e+00  +6.11991785e-01  +8.88927681e-01  +1.97704730e+00  +1.07937647e-01  +2.10269255e+00  +4.38736869e+00  +1.98630230e+00  +3.08700911e+00  +7.80584113e+02  +5.03977341e+00  +4.55935273e+00  +2.01722766e+03 
19             8.073927e+03    5.020329e+00    3.500000e-01    1               0.600000        3.000000e+00    +4.00950487e+00  +3.99588373e+00  +7.05512937e-01  -1.30330176e+00  +1.78360394e+00  +6.14503341e-01  +8.82747872e-01  +1.99261741e+00  +1.08456815e-01  +2.09774579e+00  +4.41080848e+00  +1.98636068e+00  +3.08733513e+00  +7.80848914e+02  +5.03976660e+00  +4.55936136e+00  +2.01454649e+03 
21             8.072892e+03    4.986972e+00    3.500000e-01    1               0.590909        2.000000e+00    +4.01011634e+00  +3.99886068e+00  +6.98565155e-01  -1.29687912e+00  +1.78916349e+00  +6.15996850e-01  +8.81613607e-01  +1.98900645e+00  +1.08302475e-01  +2.10219717e+00  +4.39552418e+00  +1.98672504e+00  +3.08741487e+00  +7.80250693e+02  +5.03983657e+00  +4.55932218e+00  +2.01433470e+03 
