21.76260 9.55510
21.76730 9.62320
21.78050 9.41730
21.76640 9.48900
21.76040 9.66100
21.76170 9.50620
21.76140 9.48050
21.75580 9.54690
21.75790 9.53460
21.75310 9.46900
21.74790 9.55050
21.77050 9.27590
21.75370 9.52730
21.71130 10.17540
21.72900 9.91900
21.73630 9.71070
21.73340 9.78490
21.73660 9.60470
21.72810 9.69360
21.73770 9.73320
21.73970 9.67400
21.70710 10.28050
21.70550 10.41510
21.73440 9.95260
21.74630 9.80490
21.73550 9.96250
21.74780 9.53750
21.75810 9.40090
21.74060 9.45260
21.72910 9.66910
