23.52290 7.94260
23.43390 7.94260
23.43580 7.94260
23.58450 7.94260
23.57540 7.94260
23.53170 7.94260
23.54570 7.94260
23.42700 7.94260
23.48550 7.94260
23.50750 7.94260
23.57920 7.94260
23.51110 7.94260
23.64030 7.94260
23.54920 7.94260
23.56020 7.94260
23.47990 7.94260
23.40890 7.94260
23.71810 7.94260
23.55580 7.94260
23.68500 7.94260
23.46770 7.94260
23.53040 7.94260
23.51790 7.94260
23.63980 7.94260
23.54890 7.94260
23.65220 7.94260
23.52930 7.94260
23.47810 7.94260
23.43740 7.94260
23.46080 7.94260
