21.34430 9.92010
21.34240 9.88620
21.33420 9.91990
21.34330 9.83370
21.33920 9.90680
21.32310 10.06910
21.31390 10.11630
21.33170 9.97570
21.34280 9.90630
21.35320 9.82060
21.34550 9.91630
21.34390 9.96840
21.34500 9.92500
21.35410 9.83490
21.34720 9.87900
21.35530 9.81450
21.36560 9.68310
21.36950 9.60750
21.37320 9.64500
21.37570 9.61630
21.36470 9.59850
21.37920 9.55090
21.38300 9.60430
21.37830 9.62900
21.37790 9.58040
21.36730 9.65740
21.35930 9.68820
21.35270 9.78540
21.35830 9.74700
21.34920 9.72870
