20.50910 41.58670 3.47280
20.44090 45.31480 3.57430
20.54970 39.46530 3.40700
20.51780 40.51020 3.44920
20.47640 43.04850 3.52600
20.38520 47.78380 3.65540
20.30390 52.81180 3.76780
20.41580 46.41360 3.60210
20.40680 47.17220 3.63440
20.41030 46.92480 3.61560
20.46170 43.44560 3.50740
20.34740 50.10170 3.68250
20.40620 46.79260 3.59790
20.44520 44.34650 3.52700
20.50550 41.12870 3.44900
20.49240 41.97230 3.48720
20.47980 42.38300 3.46750
20.49950 41.37620 3.43980
20.46940 42.90920 3.48080
20.49090 41.84630 3.45370
20.50720 41.77330 3.46350
20.49160 42.89030 3.48940
20.49570 42.59510 3.46790
20.39240 48.72570 3.65310
20.45410 45.34120 3.55590
20.46700 44.68390 3.54760
20.45200 45.68380 3.57780
20.50900 42.54270 3.48820
20.52580 41.80020 3.46740
20.52170 42.39890 3.49320
