21.21980 16.05870
21.20860 16.27820
21.22480 15.98120
21.21190 15.99910
21.21310 16.04670
21.19000 16.31680
21.17460 16.55590
21.19820 16.36520
21.20210 16.33200
21.19740 16.43690
21.18970 16.46330
21.17350 16.70190
21.18350 16.62010
21.18460 16.56670
21.19860 16.29810
21.20130 16.25680
21.18870 16.47450
21.19310 16.41210
21.18610 16.53800
21.19110 16.47460
21.20980 16.37420
21.20770 16.51900
21.20280 16.63250
21.19280 16.80220
21.20220 16.74930
21.20730 16.65740
21.20690 16.69790
21.21660 16.54890
21.22080 16.51290
21.22660 16.51250
