22.98140 12.26190
23.02960 11.75530
23.10220 10.83380
23.02770 11.75660
23.09630 10.85000
22.92380 13.87590
22.91970 14.08750
23.03120 11.97370
23.05580 11.62000
23.13250 10.68520
23.19340 10.29210
23.19520 10.35760
23.19360 10.45010
23.18310 10.56290
23.16790 10.35540
23.14160 10.55870
23.16280 10.56070
23.10880 10.92470
23.05960 11.56360
23.18170 10.11050
23.13110 10.84140
23.13350 10.49130
23.11810 10.77410
23.15890 10.65720
23.18420 10.61400
23.16630 10.59240
23.14300 10.67930
23.15790 10.45880
23.15170 10.54910
23.14700 10.61880
