22.92710 10.25860 1.00000
22.97420 10.03270 1.00000
22.95200 10.17880 1.00000
22.93320 10.19060 1.00000
22.90650 10.20080 1.00000
22.93780 9.41040 1.00000
22.93220 9.34800 1.00000
22.92310 9.51050 1.00000
22.93470 9.47710 1.00000
22.90910 9.71960 1.00000
22.91520 9.69550 1.00000
22.90440 10.11370 1.00000
22.91340 10.36540 1.00000
22.90910 10.28760 1.00000
22.89080 10.35110 1.00000
22.89250 10.24390 1.00000
22.91660 10.39730 1.00000
22.87270 11.09490 1.00000
22.89850 10.26180 1.00000
22.93450 10.01150 1.00000
22.95000 9.95960 1.00000
22.93190 10.14770 1.00000
22.91960 10.33870 1.00000
22.92180 10.20520 1.00000
22.94180 10.16910 1.00000
22.97210 9.97040 1.00000
22.92920 10.08250 1.00000
22.93100 10.11940 1.00000
22.84430 11.27890 1.00000
22.90500 10.10660 1.00000
