22.68140 11.69870
22.71090 10.76540
22.76220 8.02250
22.72350 10.61250
22.71340 10.62960
22.73930 9.33290
22.71910 10.94130
22.73290 9.75900
22.72420 9.77000
22.72120 10.65760
22.73200 10.22020
22.75880 7.87880
22.71360 12.01360
22.73590 11.11150
22.75230 9.97980
22.70850 12.68150
22.67340 12.87650
22.74580 8.16920
22.70140 11.34670
22.71350 10.01450
22.68310 12.17510
22.69080 11.55140
22.70000 10.89400
22.70790 11.42070
22.72040 11.61770
22.72880 11.29890
22.66140 13.05400
22.75670 7.73720
22.74750 8.04070
22.72380 8.42420
