21.83640 3.53330 1.16990
21.83300 3.53490 1.16720
21.84670 3.50390 1.16320
21.85170 3.49550 1.16280
21.84840 3.46560 1.15880
21.84240 3.49180 1.17120
21.83770 3.51080 1.17250
21.84670 3.50470 1.16650
21.84530 3.53100 1.16180
21.84790 3.51200 1.15840
21.83890 3.53800 1.16310
21.84320 3.52560 1.16480
21.84330 3.54010 1.16040
21.83530 3.55720 1.16530
21.83850 3.53700 1.16590
21.83260 3.58020 1.16190
21.83950 3.56110 1.15290
21.83890 3.56340 1.16170
21.83960 3.55970 1.15550
21.83440 3.56460 1.15330
21.84050 3.57120 1.16060
21.84840 3.55090 1.15550
21.85350 3.51610 1.14340
21.84170 3.55530 1.16160
21.83640 3.54450 1.14960
21.83910 3.56030 1.15100
21.82640 3.58260 1.15830
21.82730 3.56190 1.14910
21.83030 3.55050 1.14710
21.82270 3.55650 1.14050
