21.78740 6.01940
21.80160 5.95420
21.83080 5.80900
21.82420 5.70860
21.83520 5.55840
21.80830 5.73500
21.79680 5.79030
21.79120 5.95150
21.80100 5.88200
21.81090 5.87910
21.80260 5.95370
21.79850 5.95810
21.80690 5.83930
21.78810 6.03200
21.78370 6.07730
21.79990 5.95620
21.80730 5.92410
21.80610 5.98600
21.81360 5.98630
21.78870 6.02910
21.79350 5.96180
21.84310 5.83270
21.83620 5.77060
21.73550 6.77710
21.80590 5.90410
21.80180 6.04800
21.76820 6.19080
21.80590 5.75910
21.79010 5.98660
21.79400 5.98980
