22.41810 6.72950 1.68370
22.44660 6.40500 1.61150
22.43890 6.42930 1.63040
22.44260 6.38230 1.61310
22.42550 6.62660 1.65810
22.44360 6.39530 1.61930
22.46850 6.20810 1.56750
22.40780 6.71430 1.68590
22.39360 6.87020 1.71480
22.36540 7.15390 1.77370
22.37980 6.96360 1.73750
22.36720 7.09960 1.77030
22.41580 6.69520 1.67570
22.40800 6.78410 1.69100
22.39020 6.93520 1.71900
22.46330 6.42150 1.58160
22.48030 6.24950 1.55230
22.43920 6.67410 1.65070
22.41780 6.78590 1.68770
22.44180 6.64870 1.64880
22.44300 6.65810 1.63250
22.38140 7.22510 1.76820
22.40430 6.91150 1.71060
22.41400 6.82470 1.68510
22.39130 6.94290 1.72650
22.38040 7.12350 1.75390
22.39840 6.91970 1.71480
22.39610 6.75550 1.67260
22.46320 6.26190 1.54390
22.42200 6.47260 1.59810
