20.94880 14.46710
20.93260 14.65890
20.90100 15.12340
20.91650 14.87770
20.91220 14.88560
20.90390 14.97770
20.90850 14.87120
20.91490 14.74310
20.90680 14.87590
20.90830 14.84970
20.91070 14.80280
20.90770 14.86790
20.89610 15.10970
20.92350 14.64290
20.91260 14.86630
20.91090 14.83840
20.92340 14.66070
20.91350 14.78190
20.89150 15.16780
20.87650 15.32390
20.87520 15.33910
20.88440 15.18040
20.88960 15.10660
20.87840 15.23100
20.88530 15.20440
20.90070 14.94920
20.88030 15.28040
20.89590 15.06470
20.91390 14.73850
20.91590 14.66210
