22.79640 28.71530
22.87350 26.90440
22.94500 24.51790
22.86450 26.80380
22.74370 30.18230
22.74320 30.13180
22.72520 30.49430
22.62690 32.91330
22.62100 34.02430
22.69240 31.37870
22.69850 31.12610
22.58590 35.07850
22.56640 36.05530
22.60750 34.28130
22.67640 32.58750
22.69950 31.79310
22.70600 31.13240
22.65520 32.72820
22.71300 31.69980
22.76560 29.64100
22.80470 28.53100
22.81280 28.25860
22.85990 27.27050
22.81130 28.08330
22.73230 30.32600
22.66790 32.66000
22.77640 29.09460
22.68860 31.43500
22.71210 30.93470
22.65390 32.40110
