22.35530 36.47180
22.35380 35.82120
22.31200 37.07760
22.33570 36.49440
22.36190 35.80870
22.30030 37.85260
22.32630 36.36760
22.34490 35.90070
22.36710 35.50750
22.38360 34.75330
22.36070 35.74700
22.34670 36.37250
22.32870 36.71540
22.25880 39.35450
22.18630 41.94780
22.23810 41.07280
22.21890 41.38280
22.22460 41.24590
22.17040 43.16270
22.16490 42.76820
22.11920 44.06790
22.12900 43.58380
22.09800 44.78250
22.13730 44.55200
22.17450 43.16230
22.19990 42.19190
22.12840 43.00550
22.17970 41.41970
22.11840 42.39240
22.14420 41.40850
