20.58400 15.43870
20.58990 15.41040
20.58470 15.84320
20.57460 15.86910
20.57810 15.48850
20.57460 15.35170
20.57420 15.84860
20.56680 15.74960
20.55790 15.86250
20.55900 15.79170
20.56860 15.57210
20.57040 15.68090
20.57800 15.48040
20.56080 16.08030
20.56520 15.76010
20.53330 16.87710
20.52780 17.05740
20.54750 16.11580
20.56110 15.84790
20.57370 15.56600
20.57440 15.57350
20.57080 15.63100
20.55810 15.94910
20.54900 16.13470
20.53580 16.31830
20.57310 15.80040
20.57760 15.79310
20.57670 15.96810
20.57160 15.79350
20.58120 15.42310
