21.03770 6.94910 2.17790
21.05090 6.83300 2.13880
21.06340 6.76080 2.10150
21.05390 6.73550 2.11740
21.04030 6.84860 2.15120
21.05340 6.72070 2.10420
21.04700 6.86130 2.13740
21.03600 6.87970 2.15380
21.03250 6.85530 2.15430
21.02910 6.86130 2.16140
21.04070 6.71880 2.12710
21.04900 6.68760 2.10600
21.04730 6.72110 2.11460
21.04510 6.80200 2.12060
21.03590 6.85800 2.13950
21.01890 7.15900 2.19690
21.00930 7.31720 2.21730
21.00500 7.24920 2.21910
21.01010 7.23490 2.22740
21.02080 7.12520 2.21230
21.01480 7.23090 2.23480
21.01900 7.14630 2.21490
21.01650 7.17310 2.20110
21.01660 7.24700 2.21040
21.00650 7.24830 2.22970
21.00920 7.37130 2.25810
21.02330 7.24340 2.22280
21.03970 7.06270 2.15430
21.03190 7.02090 2.16070
21.03920 6.87750 2.14880
