22.23130 16.26530
22.22630 16.30230
22.19120 16.77500
22.22270 16.25070
22.21290 16.43150
22.20690 16.49160
22.18200 17.02460
22.19610 16.87720
22.14040 17.66260
22.06260 18.70770
22.14700 17.45120
22.17670 17.02320
22.07040 18.61880
22.10050 18.14150
22.11010 18.16000
22.19460 16.90340
22.20430 16.56620
22.22130 16.22410
22.15020 17.33070
22.09050 18.14240
22.12610 17.68370
22.11750 18.00120
22.09360 18.44070
22.11670 18.15450
22.16380 17.42920
22.10320 18.37940
22.07950 18.60190
22.07930 18.67240
22.14210 17.55960
22.19170 16.91740
