22.69560 9.07610 1.00000
22.69140 9.07960 1.00000
22.66950 9.23780 1.00000
22.69020 9.01140 1.00000
22.68450 9.09510 1.00000
22.68100 9.11690 1.00000
22.66790 9.38390 1.00000
22.67720 9.29510 1.00000
22.63850 9.63440 1.00000
22.59150 10.04920 1.00000
22.64250 9.54840 1.00000
22.66120 9.36680 1.00000
22.59560 9.99890 1.00000
22.61590 9.81040 1.00000
22.62420 9.86010 1.00000
22.67870 9.29010 1.00000
22.68200 9.15370 1.00000
22.69230 8.99380 1.00000
22.64680 9.39880 1.00000
22.61020 9.75620 1.00000
22.63560 9.58090 1.00000
22.63350 9.73640 1.00000
22.61680 9.89520 1.00000
22.63130 9.83390 1.00000
22.66220 9.51600 1.00000
22.62410 9.92360 1.00000
22.60460 10.03130 1.00000
22.60460 10.01520 1.00000
22.64550 9.50280 1.00000
22.68170 9.25420 1.00000
