21.50080 43.51510
21.62880 37.16450
21.66930 36.21930
21.58160 40.33560
21.51450 44.35180
21.47260 45.10290
21.39920 49.89060
21.37170 50.08710
21.38360 49.44450
21.46040 45.89600
21.51360 42.97120
21.50500 43.36730
21.57160 39.68440
21.57600 39.33960
21.61690 38.04020
21.63920 37.65040
21.52630 42.55030
21.55950 40.96270
21.48670 44.73210
21.50080 43.54530
21.50020 43.43390
21.50530 43.53970
21.48270 43.84390
21.50740 42.72390
21.44810 45.71460
21.43030 45.17090
21.47970 43.43540
21.47600 44.10650
21.43460 46.81310
21.44980 45.89340
