21.78780 15.49740
21.76920 15.64380
21.78270 14.71630
21.78920 15.63860
21.80090 15.70120
21.80020 15.71050
21.74450 16.41890
21.77550 16.03330
21.75480 16.29320
21.76420 16.14530
21.80240 15.34670
21.76490 15.14580
21.81390 14.72930
21.77910 15.66670
21.81080 14.67070
21.82590 15.04480
21.81390 14.35180
21.81180 15.34570
21.84490 13.96330
21.80940 14.54930
21.87370 14.47710
21.88400 14.46890
21.83660 14.19600
21.82540 15.20130
21.75070 15.32910
21.77370 15.59190
21.74580 15.93800
21.73550 16.30440
21.74540 16.34460
21.77580 15.47910
