21.53110 8.27480
21.53910 8.25750
21.54190 8.23300
21.55340 8.22750
21.54260 8.33650
21.54790 8.26080
21.53910 8.30790
21.52850 8.37030
21.53950 8.34950
21.52820 8.39410
21.52080 8.45780
21.52310 8.46090
21.52580 8.40120
21.52110 8.42320
21.52080 8.44050
21.53360 8.35930
21.53440 8.28630
21.51800 8.37100
21.53440 8.27700
21.52930 8.33080
21.52450 8.33560
21.53630 8.30750
21.51430 8.45340
21.53320 8.25320
21.55120 8.15800
21.54980 8.11680
21.56420 8.03070
21.56860 7.98240
21.55620 8.06270
21.54380 8.13280
