21.64720 7.02640 1.62960
21.65690 6.99260 1.62210
21.66160 6.95370 1.61510
21.67390 6.93890 1.61060
21.65320 7.13400 1.64870
21.66640 6.98580 1.61750
21.65110 7.09310 1.64310
21.63760 7.18240 1.65520
21.65530 7.09080 1.63030
21.64210 7.15030 1.63840
21.63220 7.23420 1.65060
21.63350 7.24710 1.65410
21.63690 7.18850 1.65010
21.62610 7.26870 1.67130
21.62160 7.32690 1.68580
21.64500 7.14700 1.64560
21.64630 7.07710 1.64130
21.61840 7.26890 1.68250
21.64290 7.09960 1.65190
21.63600 7.17050 1.66140
21.63160 7.17180 1.66060
21.64690 7.11000 1.64670
21.61520 7.34150 1.68570
21.64770 7.02220 1.63090
21.67380 6.85660 1.59710
21.67240 6.82380 1.59630
21.69530 6.66250 1.55760
21.69870 6.62900 1.56010
21.67890 6.77090 1.59240
21.66530 6.84600 1.60140
