22.65970 10.49630 1.00000
22.66030 10.47930 1.00000
22.64730 10.04770 1.00000
22.65080 8.95340 1.00000
22.70110 9.31290 1.00000
22.62960 8.63880 1.00000
22.65190 9.05070 1.00000
22.69980 9.82480 1.00000
22.64800 10.02790 1.00000
22.65430 8.65950 1.00000
22.65620 8.66810 1.00000
22.67580 10.28860 1.00000
22.73680 9.02110 1.00000
22.68300 9.04370 1.00000
22.67530 8.79760 1.00000
22.67410 8.05120 1.00000
22.66800 8.33050 1.00000
22.67090 8.27890 1.00000
22.69170 8.19300 1.00000
22.74900 8.69030 1.00000
22.73780 9.10400 1.00000
22.74010 8.87820 1.00000
22.67940 10.33380 1.00000
22.67600 10.30780 1.00000
22.68480 8.85670 1.00000
22.67140 8.96910 1.00000
22.65690 8.99650 1.00000
22.73920 8.92210 1.00000
22.72150 9.31000 1.00000
22.68850 8.44090 1.00000
