22.35470 12.16910
22.35640 12.05970
22.35200 11.14870
22.37480 9.34410
22.37580 9.81050
22.36210 8.97970
22.37160 9.39800
22.36510 10.88440
22.35390 11.30720
22.38800 9.05370
22.39160 9.00680
22.37680 11.81010
22.41330 9.42130
22.40290 9.35660
22.39540 8.97930
22.41670 8.01350
22.40570 8.44060
22.40750 8.34140
22.42920 8.17060
22.43210 8.70130
22.41600 9.39420
22.42070 9.07710
22.37560 11.78060
22.37420 11.82780
22.40560 9.02300
22.39070 9.25980
22.37590 9.40090
22.42030 9.16750
22.42790 9.64660
22.42260 8.61010
