22.70760 34.18490
22.65470 35.37610
22.66220 35.47470
22.59310 36.28550
22.74030 31.87450
22.77060 30.33780
22.76870 30.10540
22.73730 30.99970
22.77400 29.83240
22.72570 32.52000
22.68660 33.36480
22.70810 32.18850
22.69880 31.35650
22.62590 33.64160
22.66390 32.68000
22.69690 30.65930
22.67990 31.55330
22.64740 32.52890
22.56010 34.53220
22.55740 34.97550
22.46730 38.80950
22.53130 34.88350
22.49790 36.44360
22.43690 39.45270
22.38780 39.88580
22.36820 39.93760
22.27980 43.59410
22.18630 49.11030
22.23250 47.14700
22.39620 39.95310
