22.93810 23.04550
22.97150 22.93720
23.01380 21.14460
22.94110 23.66750
22.91400 24.36610
22.95840 23.73600
22.93100 24.25490
22.86390 26.90860
22.78800 30.02520
22.82360 27.70680
22.86380 25.63430
22.88420 25.63840
22.86120 26.09420
22.83670 26.69200
22.80870 28.19810
22.82300 26.92210
22.83650 26.49930
22.85280 26.72740
22.84570 25.90670
22.82910 26.69020
22.73910 29.45850
22.69080 30.83960
22.71460 30.52230
22.68320 31.39610
22.77080 28.89920
22.74670 29.73430
22.74050 29.25040
22.73320 29.23380
22.73310 30.16790
22.71440 30.80550
