21.06970 20.19780
21.07170 20.29950
21.08250 19.97180
21.08330 19.90780
21.09570 19.72480
21.08170 19.74700
21.06320 20.38240
21.05250 20.55040
21.05810 20.73510
21.05070 20.63980
21.02960 21.04000
21.05200 20.62590
21.06750 20.41580
21.05290 20.63210
21.05910 20.53990
21.05190 20.53980
21.05210 20.34860
21.04960 20.46940
21.02860 20.99710
21.01460 21.32190
20.98690 21.90550
20.98900 21.74350
21.00250 21.36910
21.00330 21.38250
21.00040 21.46590
20.99380 21.68990
20.99320 21.95280
20.99820 21.88250
21.00630 21.72710
21.04090 20.97740
