21.71210 9.79530 1.00000
21.71440 9.84990 1.00000
21.71830 9.76090 1.00000
21.72150 9.70160 1.00000
21.72620 9.67680 1.00000
21.71990 9.63770 1.00000
21.70860 9.87160 1.00000
21.70450 9.89760 1.00000
21.70800 10.00820 1.00000
21.69970 9.98650 1.00000
21.68580 10.13390 1.00000
21.70230 9.95510 1.00000
21.71290 9.88270 1.00000
21.69630 10.05310 1.00000
21.70610 9.92340 1.00000
21.69760 9.95030 1.00000
21.69610 9.88750 1.00000
21.69710 9.91790 1.00000
21.68450 10.11130 1.00000
21.67620 10.23320 1.00000
21.65700 10.47930 1.00000
21.65270 10.47180 1.00000
21.66570 10.24340 1.00000
21.66770 10.23280 1.00000
21.66430 10.29050 1.00000
21.65830 10.41490 1.00000
21.66070 10.51460 1.00000
21.66680 10.45150 1.00000
21.67190 10.39670 1.00000
21.69710 10.05700 1.00000
