22.12580 12.60630
22.22690 11.61910
22.18490 12.65960
22.13590 12.57670
22.11970 13.17210
22.06300 13.62630
22.07470 13.33050
22.08610 12.69970
22.12580 12.02830
22.16910 11.91620
22.16280 11.73500
22.16540 11.85890
22.12760 12.07420
22.18770 11.70720
22.13360 12.46520
22.07290 13.62240
22.11540 13.14000
22.05000 14.11970
22.09280 12.80800
22.13860 12.78770
22.08190 13.32170
22.15290 11.91520
22.12730 11.99760
22.10230 11.98410
22.12130 11.74880
22.17690 11.21140
22.27940 9.93580
22.21350 10.34280
22.23770 10.33880
22.25520 10.71510
