22.02120 6.09770 1.19990
22.02880 5.73240 1.13630
22.03880 5.71670 1.12490
22.05180 5.67800 1.12470
22.05030 5.65800 1.09780
22.04710 5.42320 1.05470
22.05950 5.59990 1.07730
22.04960 5.65430 1.11030
22.05100 5.72070 1.14070
22.05350 5.71720 1.13880
22.06920 5.75300 1.12910
22.06080 5.60500 1.11580
22.06160 5.42700 1.08980
22.08160 5.56480 1.10630
22.07070 5.79740 1.16960
22.07060 5.60920 1.13320
22.06390 5.65370 1.13750
22.06530 5.77860 1.18750
22.04970 5.51900 1.13030
22.05740 5.81510 1.18940
22.05430 5.79180 1.16560
22.05440 6.13630 1.22450
22.04310 5.98460 1.21370
22.03470 6.03660 1.22890
22.03440 5.99740 1.21530
22.02860 6.04570 1.22420
22.03510 6.04430 1.20870
22.03280 6.21090 1.23410
22.01980 6.16580 1.24590
22.02900 6.01640 1.20800
