21.97030 8.07580
21.89240 8.07580
21.90980 8.07580
21.88330 8.07580
21.91110 8.07580
21.92350 8.07580
21.91720 8.07580
21.91210 8.07580
21.91410 8.07580
21.90300 8.07580
21.99730 8.07580
21.94040 8.07580
21.92900 8.07580
22.01090 8.07580
21.92370 8.07580
21.98870 8.07580
21.90670 8.07580
21.97690 8.07580
21.88990 8.07580
21.96810 8.07580
22.27960 8.07580
21.90320 8.07580
21.95710 8.07580
21.89400 8.07580
21.94050 8.07580
21.93120 8.07580
21.94210 8.07580
21.98810 8.07580
21.89520 8.07580
21.94380 8.07580
