22.43150 15.66090
22.43650 15.66090
22.45730 15.66090
22.45010 15.66090
22.46410 15.66090
22.44370 15.66090
22.43150 15.66090
22.42810 15.66090
22.44840 15.66090
22.46320 15.66090
22.43610 15.66090
22.43320 15.66090
22.45240 15.66090
22.43860 15.66090
22.44850 15.66090
22.42100 15.66090
22.45700 15.66090
22.45480 15.66090
22.47250 15.66090
22.40450 15.66090
22.43480 15.66090
22.41390 15.66090
22.43460 15.66090
22.42790 15.66090
22.38720 15.66090
22.38060 15.66090
22.36460 15.66090
22.36880 15.66090
22.35150 15.66090
22.34760 15.66090
