22.73070 15.31800
22.70390 16.13220
22.74900 15.03190
22.73870 15.26950
22.59190 18.20190
22.64690 16.98310
22.68490 16.26750
22.80290 14.35250
22.75560 15.28860
22.76630 14.98390
22.80050 14.09720
22.76220 14.68410
22.68880 15.73230
22.79000 14.26350
22.73420 15.07690
22.84930 13.23530
22.82910 13.29000
22.78940 13.78300
22.77320 14.11470
22.71860 15.05850
22.59910 17.56670
22.68300 15.67050
22.65280 16.44150
22.77680 14.35510
22.74670 14.73260
22.74610 14.79890
22.71440 15.63650
22.77590 14.36080
22.76880 14.40130
22.73080 15.47380
