21.24590 6.05440
21.25190 5.51490
21.25230 5.35370
21.24850 5.86480
21.23540 6.10790
21.23820 5.73780
21.24200 5.28730
21.23340 5.46880
21.24330 5.06370
21.24420 5.15610
21.24520 4.97730
21.23430 4.91150
21.23670 4.90000
21.22640 5.29240
21.22290 5.56350
21.21150 6.11210
21.22140 5.55290
21.22380 5.45740
21.21780 5.23000
21.22140 5.26730
21.22370 5.28830
21.22430 5.51030
21.22690 5.38740
21.23840 4.91810
21.23090 5.01600
21.23370 5.18140
21.23460 5.28580
21.24100 5.28180
21.23790 5.05510
21.23620 4.91390
