21.79510 7.20610 1.06860
21.82420 7.01810 1.00000
21.82570 6.93890 1.00000
21.81980 7.16660 1.00000
21.79820 7.25660 1.02580
21.81180 7.12600 1.00000
21.82040 6.92130 1.00000
21.81200 7.02930 1.00000
21.82490 6.78680 1.00000
21.84790 6.87750 1.00000
21.85430 6.81840 1.00000
21.81980 6.72590 1.00000
21.82010 6.69270 1.00000
21.80230 6.90900 1.00000
21.79670 7.03550 1.00000
21.78470 7.30530 1.00000
21.79880 7.05810 1.00000
21.80000 6.99050 1.00000
21.79830 6.90080 1.00000
21.80350 6.94460 1.00000
21.80460 6.95130 1.00000
21.80420 7.05210 1.00000
21.80720 6.99460 1.00000
21.82230 6.72670 1.00000
21.81270 6.77720 1.00000
21.81390 6.87600 1.00000
21.81250 6.91450 1.00000
21.82020 6.92250 1.00000
21.81950 6.78800 1.00000
21.82120 6.71530 1.00000
