22.81090 52.51760
22.66130 63.87860
22.68770 59.71790
22.78950 55.82430
22.78250 56.99790
22.73280 55.70590
22.77510 55.30500
22.79080 53.53940
22.75620 53.43290
22.90260 43.26870
22.90440 43.58860
22.92710 44.41210
22.88730 45.00250
22.76640 52.05550
22.75070 53.06250
22.78590 47.04610
22.82170 42.48280
22.81850 40.33850
22.82870 40.16710
22.74800 44.99680
22.75470 43.52730
22.74650 43.20810
22.81140 41.71860
22.76920 45.17130
22.76330 46.17700
22.68740 49.65850
22.81960 41.52140
22.80900 40.71610
22.82220 43.25910
22.86150 43.57730
