24.04220 8.84000 1.00000
24.04080 9.75720 1.00000
24.03310 9.40280 1.00000
24.06270 8.88230 1.00000
24.06890 8.90650 1.00000
23.95650 9.04050 1.00000
23.98760 9.07650 1.00000
23.98870 8.91130 1.00000
24.01790 8.61870 1.00000
24.02360 7.87290 1.00000
24.02480 7.89990 1.00000
24.05960 7.94060 1.00000
24.03100 7.96400 1.00000
24.01090 8.55810 1.00000
24.00370 8.60180 1.00000
23.95580 7.99010 1.00000
23.88730 7.85010 1.00000
23.86770 7.53940 1.00000
23.86890 7.56150 1.00000
23.92480 7.66660 1.00000
23.84220 7.96510 1.00000
23.82940 7.86880 1.00000
23.87250 7.77660 1.00000
23.93540 7.71840 1.00000
23.93470 7.78950 1.00000
23.91940 8.02280 1.00000
23.87860 7.67320 1.00000
23.85550 7.73920 1.00000
23.95450 7.61230 1.00000
23.98880 7.64960 1.00000
