22.39800 9.20130
22.37410 9.33060
22.37540 9.23150
22.38100 9.09600
22.37140 9.15550
22.38170 9.19760
22.39100 9.04700
22.39570 8.97770
22.35260 9.47690
22.39460 9.15310
22.38700 9.20370
22.38510 9.34430
22.39700 9.23200
22.41300 9.09850
22.40510 9.29630
22.39200 9.34000
22.42590 9.02480
22.38750 9.22620
22.36640 9.35710
22.38230 9.32620
22.33530 9.82670
22.30870 10.18630
22.30250 10.12610
22.28420 10.29500
22.29040 10.14440
22.32170 9.95320
22.32790 9.91910
22.29910 10.23760
22.28520 10.30040
22.28170 10.29920
