22.26470 17.17780
22.26570 17.08950
22.26640 16.99620
22.33320 14.78800
22.32260 15.13110
22.32910 14.81190
22.32780 15.19190
22.27900 16.79750
22.26370 17.10980
22.35010 14.91160
22.35770 14.87620
22.28110 17.26110
22.36480 15.16290
22.35400 15.19670
22.36160 14.76850
22.42610 13.76660
22.39490 14.20750
22.40350 14.11130
22.43060 13.59970
22.40690 14.10170
22.37150 14.80530
22.38670 14.52530
22.27780 17.43760
22.27180 17.48130
22.37010 14.85650
22.34360 15.09270
22.32800 15.19650
22.38220 14.56860
22.37320 15.02430
22.39980 14.45810
