22.67490 10.33250 1.00000
22.67270 10.30520 1.00000
22.67090 9.97260 1.00000
22.68860 9.18680 1.00000
22.68610 9.40500 1.00000
22.68790 9.01260 1.00000
22.69320 9.20020 1.00000
22.68270 9.81540 1.00000
22.67340 9.94850 1.00000
22.71290 9.03020 1.00000
22.71590 9.03710 1.00000
22.69410 10.09980 1.00000
22.73150 9.19280 1.00000
22.72140 9.21550 1.00000
22.72030 9.01420 1.00000
22.75230 8.55220 1.00000
22.73390 8.77350 1.00000
22.73840 8.71600 1.00000
22.75140 8.62230 1.00000
22.74380 8.91300 1.00000
22.72690 9.24620 1.00000
22.73600 9.07620 1.00000
22.69600 10.20820 1.00000
22.69170 10.23480 1.00000
22.72800 9.06160 1.00000
22.71020 9.18840 1.00000
22.69760 9.22970 1.00000
22.73400 9.12120 1.00000
22.73690 9.38870 1.00000
22.74770 8.87820 1.00000
