21.43060 18.83510
21.45290 18.53820
21.47310 17.93940
21.45400 18.65790
21.43410 18.82820
21.43070 18.80400
21.37880 20.52820
21.39920 19.68370
21.40940 19.60940
21.43380 18.40480
21.43300 18.32680
21.42050 18.67210
21.42530 18.41720
21.40530 18.88950
21.38570 19.32340
21.39140 19.13780
21.39000 19.01990
21.37610 19.13400
21.36300 19.28150
21.37210 18.89340
21.33500 20.05560
21.36250 19.19560
21.36300 19.50510
21.38410 19.27900
21.35880 19.97530
21.39390 19.20120
21.42000 18.26400
21.40650 18.65210
21.37790 19.42860
21.37010 19.57080
