21.07030 7.77250
21.07560 7.72660
21.05680 7.80940
21.05790 7.82550
21.06420 7.82420
21.06840 7.79580
21.07100 7.72730
21.05810 7.82480
21.06300 7.78700
21.05780 7.78980
21.04750 7.81310
21.04970 7.84970
21.04550 7.79810
21.05240 7.74400
21.06370 7.70440
21.06530 7.80400
21.06130 7.80270
21.05650 7.82570
21.07390 7.77610
21.05190 7.89190
21.06560 7.70570
21.05960 7.81290
21.07060 7.70430
21.06520 7.73880
21.07220 7.70070
21.07410 7.63840
21.08260 7.56510
21.08020 7.53440
21.05980 7.67230
21.05520 7.71130
