21.27930 5.59220 1.04090
21.28310 5.56260 1.03260
21.26530 5.63310 1.06030
21.26610 5.64170 1.05840
21.27230 5.63270 1.05250
21.27590 5.60910 1.04490
21.27710 5.57020 1.04210
21.26540 5.64420 1.05800
21.27060 5.60410 1.05180
21.26340 5.62540 1.05940
21.25490 5.64450 1.07480
21.25690 5.65850 1.06720
21.25050 5.64640 1.07800
21.25830 5.59120 1.06440
21.27000 5.54240 1.04710
21.27200 5.58730 1.03770
21.26800 5.58860 1.03770
21.26460 5.60490 1.04210
21.28090 5.56130 1.02470
21.26110 5.66230 1.06130
21.27120 5.54200 1.04270
21.26680 5.61200 1.05270
21.27630 5.54060 1.03750
21.27260 5.56830 1.04620
21.27880 5.53710 1.03880
21.28050 5.49890 1.03790
21.28710 5.44670 1.02390
21.28330 5.43500 1.02210
21.26510 5.54240 1.05310
21.26130 5.56910 1.05800
