23.29530 9.63140 1.53910
23.23750 10.30010 1.61530
23.13430 11.45700 1.79150
23.02350 12.84200 1.95790
23.21780 9.73570 1.57960
23.29400 9.07340 1.42140
23.29860 8.93570 1.35890
23.38280 8.56980 1.22610
23.28270 9.41800 1.46510
23.27330 9.13460 1.36060
23.22180 9.89080 1.53420
23.12140 11.42380 1.68280
23.09630 11.12170 1.64700
23.27930 9.26370 1.31670
23.26390 9.36890 1.32530
23.35730 8.91700 1.22150
23.40690 8.64540 1.15120
23.37870 9.00290 1.18060
23.37330 8.90230 1.17580
23.20050 10.04630 1.45940
23.19980 9.74920 1.42810
23.23420 9.59140 1.44550
23.24210 9.34580 1.38180
23.34060 8.87200 1.23730
23.36870 8.58150 1.18690
23.44630 7.54210 1.00000
23.37160 8.52200 1.20060
23.34750 8.51100 1.25950
23.24780 9.68390 1.44540
23.32090 8.72480 1.29370
