22.40770 36.50270
22.34370 38.60210
22.26350 40.53400
22.16980 43.39540
22.31000 36.92050
22.37910 35.57340
22.36700 35.77170
22.44130 35.43970
22.35500 37.24670
22.30860 37.78010
22.28460 38.79190
22.17980 43.63230
22.13780 43.19320
22.29380 39.22200
22.26690 39.88040
22.36320 38.75160
22.42640 37.41550
22.37090 39.41930
22.37330 38.71330
22.21590 41.23360
22.20770 40.44940
22.27530 38.50600
22.27120 38.12470
22.37160 37.30620
22.39940 36.32010
22.53150 31.80370
22.40990 35.82060
22.40830 34.81130
22.29950 38.66350
22.37900 35.54600
