22.20410 6.79990 1.46400
22.19740 6.82760 1.46460
22.18150 6.93420 1.48870
22.18560 6.91450 1.48270
22.21420 6.65690 1.42650
22.20990 6.60900 1.42070
22.19950 6.68010 1.44500
22.17550 6.80970 1.47990
22.15660 6.97610 1.51090
22.15180 6.99470 1.52100
22.14930 6.91910 1.50420
22.13870 6.98570 1.51400
22.17070 6.81220 1.47500
22.18120 6.69810 1.45910
22.20040 6.50470 1.42230
22.20630 6.53650 1.41980
22.21650 6.47920 1.40780
22.22660 6.37900 1.38230
22.22230 6.42620 1.39840
22.21960 6.41740 1.40000
22.22140 6.44320 1.40250
22.22260 6.44040 1.40050
22.19230 6.62790 1.43970
22.21490 6.43680 1.41240
22.21810 6.45640 1.42590
22.21790 6.37840 1.38580
22.21550 6.34090 1.39130
22.20970 6.31230 1.36890
22.19840 6.44440 1.39530
22.23340 6.20830 1.34310
