22.05610 8.39660
22.04850 8.43600
22.03680 8.50820
22.03990 8.49810
22.05880 8.30600
22.05360 8.25710
22.04730 8.29350
22.02950 8.36810
22.01600 8.49690
22.01320 8.49940
22.00680 8.45050
21.99720 8.51740
22.02260 8.39570
22.03080 8.28960
22.04430 8.13580
22.04970 8.18680
22.05840 8.13660
22.06390 8.06460
22.06260 8.09050
22.06030 8.07380
22.06300 8.10140
22.06420 8.10490
22.03890 8.25980
22.05960 8.08230
22.06540 8.07790
22.05670 8.06080
22.05730 8.01110
22.04550 8.01250
22.03720 8.12480
22.06630 7.92250
