22.09270 7.40690 1.89540
22.05980 7.66950 1.94460
22.06320 7.59070 1.93510
22.03650 7.95620 2.00150
22.04490 8.05360 2.01020
22.02580 8.23590 2.05010
22.02560 8.06410 2.02660
22.07350 7.66810 1.94980
22.03830 8.07120 2.01850
22.01150 8.39790 2.09580
22.01450 8.31410 2.09750
21.98850 8.65900 2.15720
21.94590 9.14230 2.22780
21.97570 8.61230 2.13870
21.99950 8.48300 2.12410
21.97960 8.75310 2.17380
21.99610 8.59790 2.14460
22.00330 8.42900 2.12040
22.01260 8.38040 2.11110
22.02880 8.21640 2.06850
21.99040 8.79560 2.17300
21.97910 8.85800 2.18220
22.01850 8.36900 2.10280
22.02820 8.23410 2.08010
22.00300 8.41980 2.11830
21.99080 8.44210 2.12560
22.00330 8.48760 2.12640
22.00690 8.35850 2.09150
22.06410 7.84670 1.99420
22.03630 7.91500 1.99920
