21.50480 20.11440
21.47690 20.48620
21.48080 20.29350
21.45980 20.92650
21.46980 21.17310
21.45780 21.30380
21.45370 20.99470
21.49440 20.41700
21.46730 21.03820
21.45330 21.29160
21.45880 21.00260
21.44090 21.44490
21.41040 22.06770
21.42330 21.49610
21.45080 21.17370
21.43800 21.50740
21.45150 21.30050
21.45310 21.05750
21.46300 20.93160
21.47210 20.84930
21.45000 21.54180
21.43830 21.66230
21.46620 21.02340
21.47180 20.85920
21.45010 21.06500
21.43770 21.04880
21.44840 21.29680
21.44490 21.26120
21.49080 20.60960
21.45870 20.78000
