22.78940 7.43690
22.78730 7.77420
22.79920 7.33970
22.79900 7.48600
22.74020 8.85220
22.76070 8.23330
22.77290 7.92870
22.83360 7.07130
22.81500 7.48330
22.81800 7.40800
22.83630 7.01520
22.80530 7.22790
22.76860 7.77590
22.83200 7.09460
22.80300 7.48940
22.86720 6.62780
22.85280 6.66740
22.82620 6.88560
22.81700 7.04120
22.78450 7.43300
22.73580 8.51760
22.76990 7.74680
22.76150 8.10710
22.82560 7.13050
22.80170 7.29460
22.80290 7.31210
22.79450 7.70600
22.82520 7.14060
22.81980 7.15990
22.80570 7.60980
