18.81340 896.67300 2.82300
18.27610 1434.40000 3.19100
16.99090 3910.76000 3.67110
18.44380 1521.35000 4.00000
18.10430 1804.88000 4.00000
18.16010 1718.83000 3.99960
19.45470 584.54000 3.67950
16.23590 6327.28000 3.51000
17.44590 2608.27000 4.00000
16.71590 4285.63000 3.35960
18.22590 1499.87000 3.91380
19.96000 361.21000 3.11400
19.21340 608.52900 3.31770
17.63510 1939.99000 2.88980
20.54880 208.14400 2.53180
18.11360 1364.32000 2.75010
22.72160 29.72780 1.00000
20.46140 206.21900 2.71090
23.31650 16.50440 1.00000
23.47450 12.78970 1.00000
23.52610 12.92060 1.00000
23.52600 12.62970 1.00000
23.47500 13.18350 1.00000
23.49420 12.87250 1.00000
23.52440 12.42570 1.00000
23.39400 14.77790 1.00000
23.66060 10.26470 1.00000
23.66280 10.58590 1.00000
23.73500 8.89860 1.00000
23.68190 10.43210 1.00000
