20.04500 301.79800
20.20710 271.28000
19.89670 324.25700
21.44680 91.32030
21.23020 106.96600
20.03510 262.98100
21.51940 82.02960
19.87520 280.83300
19.86830 279.98600
20.14600 233.06700
19.98480 262.24300
21.16110 115.71700
19.84280 296.78300
20.16910 232.50000
21.31230 103.57900
20.05250 259.28000
21.48570 86.01900
21.30650 94.36370
22.42920 37.94110
22.60050 31.33020
22.67340 30.50870
22.67590 30.23410
22.59460 32.08570
22.61960 31.14550
22.69180 29.19490
22.50570 34.68300
23.00140 22.33280
22.97600 23.26500
23.16950 18.15620
23.01430 22.34490
