23.54040 11.98730
23.50820 12.42590
23.49560 12.42020
23.47680 12.64870
23.46400 12.28400
23.44560 12.34480
23.49940 12.22130
23.47090 12.50890
23.43330 12.33850
23.52300 11.66590
23.48910 12.22850
23.53440 12.29110
23.49420 11.65400
23.50560 11.51790
23.51040 11.55940
23.50620 11.93690
23.41270 12.47290
23.43620 12.62450
23.41140 12.98010
23.43710 12.89460
23.43460 13.02630
23.44450 12.79300
23.45540 12.60070
23.41400 12.98190
23.37130 13.86280
23.33780 14.64680
23.28330 15.69200
23.26420 16.11330
23.25600 16.51990
23.17110 18.84470
