23.14420 9.21560
23.13970 9.77750
23.17390 9.03840
23.15810 9.21990
23.11120 9.46580
23.14920 8.99130
23.11110 9.04280
23.09870 8.97460
23.11850 9.24490
23.12280 10.35400
23.09180 9.34900
23.11260 9.14880
23.10850 9.15130
23.12050 10.06190
23.06820 10.97680
23.11190 9.24730
23.12230 9.14930
23.08990 9.33260
23.05530 9.64510
23.03800 9.50600
23.05190 9.47610
23.09130 9.05470
23.09150 9.16730
23.10400 8.82350
23.06460 9.99190
23.08570 8.90270
23.06900 8.91610
23.08680 8.90780
23.06620 8.93140
23.08200 8.89240
