22.48540 19.75730
22.46950 20.00900
22.44850 20.86780
22.38660 21.85010
22.43320 21.32290
22.46200 20.43100
22.45810 20.53590
22.44370 20.70630
22.53280 18.83060
22.49200 19.69530
22.41280 21.04270
22.38050 21.49730
22.34280 22.46410
22.28740 23.01820
22.38480 21.14820
22.40280 20.79340
22.50660 19.00550
22.55810 18.55830
22.59330 18.13300
22.62250 17.50320
22.45740 20.36460
22.42440 21.00380
22.46430 20.47370
22.49550 19.65060
22.53940 18.58970
22.51130 19.06210
22.54460 18.54100
22.59580 17.67330
22.60600 17.65020
22.61210 16.93030
