23.06940 6.17680 1.01790
23.05980 6.23150 1.04020
23.05760 6.33180 1.04070
23.03070 6.44730 1.03850
23.05520 6.31820 1.00000
23.06340 6.22910 1.01150
23.06270 6.20330 1.00000
23.05350 6.33410 1.05870
23.08530 6.00100 1.00000
23.07080 6.11360 1.00000
23.03920 6.30820 1.01460
23.02740 6.33600 1.02160
23.01280 6.51460 1.06190
22.98220 6.61850 1.08660
23.02400 6.39970 1.06500
23.03120 6.33060 1.05470
23.07600 6.00250 1.00000
23.09850 5.89540 1.00000
23.11440 5.87300 1.00000
23.12300 5.74140 1.00000
23.06490 6.11840 1.00000
23.05100 6.21880 1.00000
23.07170 6.19110 1.00000
23.08410 6.10570 1.00670
23.09540 5.94880 1.00000
23.08050 5.96850 1.00000
23.09370 5.90710 1.00000
23.11340 5.75960 1.00000
23.11840 5.77570 1.00000
23.11210 5.71690 1.00000
