21.72880 10.23530
21.70300 10.56310
21.70550 10.56650
21.70030 10.70790
21.70580 10.71270
21.68540 10.86900
21.69430 10.56230
21.66260 10.92190
21.65290 11.02370
21.64860 11.12960
21.65050 11.12880
21.66120 11.07960
21.65220 10.94860
21.65000 11.06160
21.64900 11.15650
21.67050 11.06630
21.65400 11.32140
21.64840 11.38370
21.63800 11.41270
21.61500 11.67960
21.62630 11.64580
21.62510 11.72210
21.62780 11.68760
21.61830 11.80180
21.62760 11.67660
21.63510 11.47350
21.66040 11.33530
21.64340 11.46050
21.64590 11.43400
21.67120 11.03750
