22.26380 10.17340
22.22380 10.50780
22.28870 9.79950
22.31250 9.76860
22.16530 11.18130
22.20860 10.77510
22.24500 10.57960
22.21730 10.73450
22.28310 10.49840
22.21050 11.07300
22.20130 10.96710
22.18070 11.07040
22.24450 10.73470
22.21070 10.96990
22.20570 10.98980
22.28440 10.18340
22.26620 10.53290
22.27130 10.54870
22.25920 10.32610
22.23800 10.16990
22.14850 11.42450
22.26860 10.10650
22.27590 10.07860
22.25740 10.47680
22.28210 10.33540
22.28330 10.24810
22.22420 10.33590
22.24350 10.06030
22.24560 10.45020
22.27590 10.14530
