22.51440 7.42830 1.16560
22.47310 7.69230 1.20400
22.52920 7.06100 1.15890
22.55250 7.01940 1.14670
22.40640 8.30830 1.29240
22.43540 7.97480 1.30730
22.47520 7.75710 1.26670
22.44920 7.88250 1.28420
22.51420 7.65910 1.24590
22.44370 8.14010 1.30390
22.43070 8.10730 1.31610
22.41000 8.20840 1.32630
22.47740 7.86950 1.27580
22.44400 8.07570 1.30190
22.43190 8.16460 1.32870
22.51370 7.46870 1.24310
22.49800 7.70880 1.26810
22.50670 7.68360 1.25180
22.48700 7.60040 1.27170
22.48220 7.35040 1.20950
22.37260 8.67110 1.36040
22.50550 7.34930 1.21750
22.51330 7.31480 1.20720
22.48630 7.70360 1.27310
22.50600 7.62380 1.27120
22.51040 7.52690 1.25230
22.46870 7.47820 1.22180
22.49240 7.22140 1.17550
22.50180 7.60290 1.17150
22.51330 7.34170 1.20310
