21.32330 29.47830
21.32680 29.57820
21.35290 28.75560
21.36980 28.40790
21.34360 28.93550
21.31300 29.64250
21.33530 29.23710
21.32740 29.06490
21.32340 29.11140
21.36800 28.19690
21.28690 30.01960
21.34170 28.91120
21.35060 28.76120
21.30860 29.76050
21.26550 31.18310
21.22840 32.20510
21.24680 31.63660
21.21650 32.35710
21.22720 31.95540
21.25020 31.27170
21.26780 30.71230
21.27060 30.54680
21.27710 30.34970
21.27990 30.11740
21.17880 33.55040
21.20240 33.12420
21.18450 33.55740
21.24250 31.40110
21.29150 30.57820
21.28080 30.26520
