22.49420 6.99920
22.51980 6.89720
22.49530 7.03930
22.45780 7.59060
22.48110 7.12150
22.47530 7.58310
22.46530 7.92980
22.51600 7.47100
22.49240 7.72240
22.46520 7.38810
22.43760 7.87130
22.37820 8.91240
22.40930 7.96010
22.37530 9.20750
22.39970 9.01100
22.34450 10.00340
22.38310 8.84500
22.32010 9.87970
22.28490 10.86400
22.29300 10.51910
22.27860 11.10720
22.26020 11.19330
22.27040 10.98960
22.27440 11.22990
22.26750 11.31910
22.30110 10.40980
22.28670 10.93950
22.26360 11.29790
22.25650 11.92590
22.22950 12.68810
