20.98520 8.17090 2.25120
20.98530 8.16200 2.25160
20.96050 8.47470 2.31690
20.95440 8.53240 2.32830
20.95790 8.48810 2.31670
20.94720 8.63110 2.34700
20.94650 8.66380 2.35720
20.95330 8.62590 2.34380
20.96850 8.40790 2.30690
20.97130 8.35530 2.29350
20.97770 8.30160 2.28630
20.95750 8.56750 2.33530
20.94440 8.70760 2.35980
20.94350 8.72060 2.37370
20.94580 8.70720 2.33960
20.94640 8.73980 2.39130
20.93820 8.82820 2.40270
20.95990 8.59870 2.35490
21.00280 8.09510 2.20730
20.98610 8.29850 2.28670
20.98380 8.32730 2.28900
20.96030 8.54300 2.33850
20.95960 8.49680 2.32740
20.94900 8.59590 2.35100
20.96890 8.38230 2.32430
20.99440 8.12090 2.22780
20.99020 8.13110 2.24070
21.00240 7.93310 2.19920
20.95730 8.44970 2.34340
20.97070 8.29190 2.30820
