22.02130 19.28900
22.04280 18.94210
22.04670 18.84670
22.06470 18.45570
22.04930 18.90270
22.05580 18.67840
22.01070 19.56160
22.04940 18.45320
22.06360 18.76560
22.05150 18.92770
22.01310 19.36170
22.08080 18.56830
22.06030 18.65820
22.07670 18.16660
22.06290 18.28430
22.08320 17.87720
22.06210 17.92030
22.08880 17.57160
22.07380 17.58740
22.07630 17.47930
21.95660 19.55400
21.98600 19.07190
22.01680 18.70260
22.04010 18.53130
21.98030 19.49190
22.05600 18.44840
22.03160 18.75040
22.03520 18.70660
22.03800 18.74330
22.03970 18.58200
