21.75670 9.00620 1.72360
21.75070 9.08570 1.72710
21.75790 8.96110 1.71360
21.77850 8.69510 1.66860
21.77090 8.85430 1.68330
21.76550 8.93390 1.70200
21.79370 8.55290 1.55840
21.81130 8.36260 1.52280
21.76440 8.87420 1.68080
21.74640 9.08620 1.71590
21.73590 9.12770 1.72670
21.73140 9.18940 1.72880
21.67240 9.98680 1.85640
21.67250 10.01180 1.86500
21.67160 10.05570 1.86980
21.70140 9.63450 1.80250
21.69780 9.72060 1.81710
21.69260 9.75730 1.82170
21.69680 9.65270 1.80120
21.75000 9.03430 1.71350
21.73100 9.26610 1.75210
21.70130 9.56330 1.80310
21.68730 9.89480 1.84860
21.72860 9.36270 1.76900
21.72070 9.46370 1.77810
21.72250 9.39960 1.77230
21.71450 9.46880 1.77680
21.70510 9.73050 1.81780
21.73040 9.36080 1.76300
21.70620 9.65880 1.80330
