21.22130 38.12080
21.13420 41.61980
21.14290 41.21380
21.14860 40.89670
21.08350 44.32160
21.05090 46.12830
21.04520 46.19840
21.10100 43.89940
21.02580 47.39060
21.09100 43.51430
21.10780 42.86280
21.04260 45.79370
21.06310 44.58830
21.15410 39.81180
21.11440 41.79920
21.15190 40.06170
21.08880 43.07230
21.12220 41.95370
21.09460 43.36560
21.01000 47.30610
21.11310 41.97700
21.12840 41.59170
21.00600 46.94880
21.06190 44.56020
20.96740 49.43950
20.93950 51.01110
20.98910 49.11920
20.98630 49.29440
20.99750 48.96920
21.04640 46.40840
