21.39960 14.39600
21.42580 14.08690
21.41180 14.20460
21.40150 14.32400
21.41460 14.30730
21.40140 14.41560
21.39830 14.70270
21.39220 14.80230
21.39960 14.74620
21.40040 14.65950
21.39430 14.82430
21.39210 14.98420
21.38410 15.02620
21.36940 15.22180
21.36920 15.29220
21.35780 15.43100
21.38440 15.18760
21.38890 15.14540
21.37300 15.33580
21.37040 15.29220
21.34520 15.63940
21.34150 15.65460
21.35220 15.58080
21.37620 15.34080
21.39840 15.06880
21.37720 15.36850
21.35990 15.24800
21.36710 15.05170
21.32760 15.53580
21.35300 15.09290
