20.99790 9.11900 2.30990
20.99910 9.11140 2.30550
20.99040 9.23810 2.32620
20.99820 9.15220 2.30690
20.98720 9.27580 2.33250
20.96180 9.62990 2.39810
20.96300 9.65630 2.39500
20.94830 9.79030 2.42800
20.95730 9.70940 2.40840
20.97380 9.50780 2.36820
20.95220 9.79790 2.42440
20.96430 9.54620 2.37710
20.93190 10.04140 2.47250
20.90870 10.34940 2.52060
20.89490 10.54840 2.54950
20.89470 10.54940 2.56180
20.91260 10.28090 2.51660
20.91770 10.21790 2.49670
20.91350 10.25200 2.50220
20.89600 10.51980 2.54470
20.92570 10.07900 2.46820
20.91840 10.16390 2.48710
20.91550 10.15310 2.49380
20.88700 10.53740 2.55490
20.88750 10.51720 2.53900
20.89410 10.45680 2.53410
20.88700 10.51930 2.55040
20.90210 10.32440 2.52120
20.90330 10.43790 2.52250
20.92430 10.02480 2.45550
