20.54100 19.88720
20.54190 19.89200
20.53560 20.04200
20.53550 20.14570
20.52720 20.24430
20.52320 20.28360
20.52100 20.41290
20.51390 20.42570
20.51890 20.39420
20.52340 20.39620
20.51430 20.53350
20.51580 20.42080
20.50420 20.64940
20.49240 20.85510
20.48300 21.04710
20.48830 20.86640
20.49700 20.69290
20.49450 20.80720
20.49040 20.85620
20.48120 21.02320
20.49460 20.78900
20.49300 20.74070
20.49480 20.59570
20.47830 20.88880
20.47000 21.11630
20.47860 20.95230
20.47580 20.93470
20.48360 20.80790
20.48160 21.08960
20.48920 20.82570
