22.73280 8.22870
22.74760 7.98860
22.75490 8.07190
22.75360 8.70080
22.78700 7.39590
22.72880 6.40760
22.70490 6.86220
22.66770 6.84860
22.70230 5.72440
22.66170 6.26970
22.62140 8.90220
22.62540 6.53260
22.66770 6.90370
22.68010 5.82710
22.66000 6.00780
22.69650 6.49790
22.67490 5.49620
22.64500 6.30770
22.61980 5.98740
22.60750 6.32280
22.61330 6.53120
22.64220 7.17090
22.67380 5.91750
22.64320 5.49410
22.71090 6.14920
22.67380 6.62370
22.64570 8.04810
22.63470 6.55130
22.60500 7.50220
22.64540 6.67420
