21.77730 91.47390 4.00000
21.94610 76.27660 4.00000
21.78780 92.81740 4.00000
21.74420 95.61760 4.00000
21.80430 95.87220 4.00000
22.58130 6.14150 4.00000
22.54200 6.76530 4.00000
22.70360 6.86940 3.70850
22.84250 6.01530 2.96630
22.77190 6.43850 3.16680
22.62130 8.93600 4.00000
22.80000 6.75870 2.75740
22.51700 6.76810 4.00000
22.80730 6.06900 3.04400
22.83550 6.31230 2.74000
22.56210 6.31030 4.00000
22.90540 6.02600 2.43380
22.75780 6.48080 3.14940
22.87710 6.46890 2.29230
22.89680 6.74960 2.12260
22.83680 6.81340 2.46940
22.63350 7.17020 4.00000
22.89390 6.34700 2.47980
22.94530 6.21670 2.07410
22.70660 6.14130 4.00000
22.70540 6.64870 3.73870
22.38670 9.32860 4.00000
22.79770 6.72280 2.81150
22.67640 7.47790 3.44030
22.70640 6.71480 3.51210
