22.57960 28.66190
22.55590 29.08880
22.60080 27.59180
22.59800 28.14390
22.58560 28.38910
22.56810 28.93030
22.61550 28.33980
22.50570 31.40900
22.62400 28.08500
22.64950 27.63600
22.68050 26.79620
22.61540 27.88820
22.61660 28.08570
22.63690 27.94430
22.67850 26.99060
22.65530 27.36840
22.64850 27.73120
22.63650 29.54460
22.60780 30.97740
22.66080 27.52590
22.55490 30.01190
22.68650 26.76040
22.68550 26.63120
22.70130 24.79240
22.74350 24.88950
22.65590 27.05490
22.66860 27.08920
22.57230 29.57820
22.51790 30.97390
22.53860 29.87010
