21.11740 6.72800
21.12520 6.66870
21.12480 6.67920
21.12010 6.68230
21.13120 6.61270
21.12810 6.62730
21.12700 6.60790
21.12690 6.61590
21.13760 6.57250
21.13100 6.61320
21.09760 6.81730
21.10270 6.77200
21.11040 6.76570
21.10680 6.78030
21.11310 6.73990
21.11340 6.75440
21.10340 6.84090
21.10950 6.82490
21.11790 6.75900
21.11350 6.78210
21.11930 6.76930
21.11720 6.79570
21.11230 6.80310
21.10290 6.84060
21.10020 6.88030
21.09990 6.89920
21.11010 6.84170
21.11070 6.86420
21.11090 6.84150
21.11810 6.80140
