22.34690 7.94450
22.35130 7.94450
22.34710 7.94450
22.35550 7.94450
22.33740 7.94450
22.34410 7.94450
22.30620 7.94450
22.32780 7.94450
22.32540 7.94450
22.35610 7.94450
22.36090 7.94450
22.37150 7.94450
22.35810 7.94450
22.36590 7.94450
22.36730 7.94450
22.37000 7.94450
22.37020 7.94450
22.36720 7.94450
22.36390 7.94450
22.35620 7.94450
22.35000 7.94450
22.35260 7.94450
22.35940 7.94450
22.39310 7.94450
22.40110 7.94450
22.39990 7.94450
22.40690 7.94450
22.39000 7.94450
22.39460 7.94450
22.42510 7.94450
