20.38920 9.38510
20.39080 9.39120
20.38730 9.43180
20.38920 9.41040
20.38840 9.41990
20.38690 9.42260
20.38670 9.41180
20.38520 9.40750
20.38410 9.43000
20.38700 9.41560
20.39550 9.34790
20.38940 9.36640
20.39560 9.33330
20.39490 9.32910
20.40270 9.29680
20.39970 9.28040
20.40000 9.26710
20.39990 9.27370
20.40200 9.24920
20.40130 9.27680
20.39560 9.30920
20.39000 9.34960
20.39400 9.34020
20.39950 9.29400
20.39340 9.29820
20.39610 9.26730
20.39690 9.25350
20.39770 9.25490
20.39200 9.28750
20.38580 9.29180
