20.73280 4.95240 2.39680
20.73760 4.93630 2.38440
20.73580 4.94290 2.38050
20.73290 4.97850 2.40210
20.73290 4.97010 2.39290
20.73490 4.93860 2.37680
20.73100 4.96050 2.39330
20.72710 4.98570 2.40520
20.72790 4.98300 2.39990
20.73380 4.94480 2.38100
20.74290 4.89420 2.36620
20.73230 4.94460 2.39270
20.74180 4.88940 2.36940
20.73680 4.93950 2.39640
20.75140 4.85580 2.35520
20.73630 4.95030 2.41170
20.73460 4.96700 2.42070
20.73780 4.93680 2.40850
20.73920 4.94730 2.40860
20.73980 4.94770 2.40200
20.72980 5.01230 2.43160
20.72410 5.03700 2.43910
20.73290 4.98990 2.41970
20.73440 4.99510 2.42760
20.72480 5.03800 2.44730
20.72310 5.06850 2.46120
20.72180 5.08350 2.46960
20.73280 4.98740 2.42050
20.72620 5.01610 2.42860
20.72900 4.98030 2.40680
