17.66640 2478.27000 3.60740
18.62130 986.12600 2.89010
17.53700 2746.48000 3.78420
18.12500 1765.43000 3.43500
16.68330 5356.12000 4.00000
16.93210 4702.00000 4.00000
17.01600 4503.20000 4.00000
16.60810 5689.61000 4.00000
17.16490 4111.91000 4.00000
17.36140 3496.27000 4.00000
19.84790 454.59000 2.80290
19.67000 474.12100 2.59380
19.90440 514.07200 3.18390
19.83620 436.68300 2.73470
17.48770 3050.56000 4.00000
19.82490 405.42900 2.70480
17.08330 3904.85000 4.00000
18.38840 951.69100 2.74720
17.72110 2672.05000 4.00000
18.40520 1697.06000 4.00000
19.03040 1142.49000 4.00000
18.00200 2119.74000 3.99880
17.67090 2272.23000 3.70670
17.38750 2863.14000 3.68940
17.81920 1198.28000 2.42940
18.74070 657.07300 2.36310
18.86580 565.46100 2.22350
17.53890 1513.43000 2.71410
16.77780 4036.12000 3.62550
18.99700 339.39500 1.60000
