20.01980 299.02500
19.96880 303.31200
20.03650 277.65100
20.17970 277.62800
19.95970 305.50300
20.13130 281.82100
20.18230 275.66000
19.86340 327.50400
19.96740 310.88200
20.05880 277.92000
20.38460 232.93800
19.96580 305.60800
20.82890 178.33900
20.34250 232.38100
20.21710 234.99100
20.54490 195.81200
20.25240 235.36700
19.39450 384.70500
20.44190 214.75300
20.93360 154.49500
21.30660 121.50200
20.64180 180.84000
20.27200 223.47900
19.98760 280.81000
18.53750 653.17600
19.29770 406.78600
19.12450 442.51700
18.77550 530.86900
19.27160 346.01700
18.04210 812.47300
