21.36560 11.60790
21.37100 11.57180
21.36560 11.69200
21.37380 11.46440
21.37980 11.38990
21.40130 11.15010
21.38360 11.37420
21.39060 11.42000
21.38730 11.46030
21.38620 11.49310
21.40140 11.41620
21.39590 11.60680
21.40160 11.44520
21.40230 11.31620
21.40600 11.27760
21.39250 11.53010
21.38850 11.59630
21.38180 11.54210
21.39280 11.56370
21.38510 11.54640
21.39340 11.38740
21.38540 11.54150
21.39160 11.36400
21.40200 11.24240
21.40310 11.17720
21.39750 11.34080
21.38230 11.54020
21.37950 11.56220
21.38950 11.44140
21.37870 11.54960
