21.82410 14.55650
21.80100 14.55650
21.80490 14.55650
21.80500 14.55650
21.79730 14.55650
21.79700 14.55650
21.79380 14.55650
21.81050 14.55650
21.78880 14.55650
21.79370 14.55650
21.79510 14.55650
21.78290 14.55650
21.78430 14.55650
21.79610 14.55650
21.79080 14.55650
21.79830 14.55650
21.78550 14.55650
21.79730 14.55650
21.79370 14.55650
21.77380 14.55650
21.79350 14.55650
21.80210 14.55650
21.76320 14.55650
21.78340 14.55650
21.76190 14.55650
21.75360 14.55650
21.77940 14.55650
21.77600 14.55650
21.78120 14.55650
21.79180 14.55650
