21.44330 16.42200
21.44290 16.36520
21.47190 15.90610
21.46740 15.79300
21.44250 16.44210
21.41570 16.94380
21.43650 16.59090
21.39350 17.69250
21.45860 16.22070
21.39090 17.69720
21.42150 17.02550
21.37290 18.08140
21.35400 18.90910
21.37670 18.11500
21.44000 16.67610
21.43700 16.72950
21.42290 17.02200
21.40270 17.60370
21.39670 17.68120
21.31880 19.63800
21.29390 20.00340
21.24550 20.86150
21.23780 21.36790
21.27550 20.11730
21.30430 19.67510
21.27680 20.05770
21.28160 19.97040
21.28520 20.04580
21.27770 20.07590
21.34080 18.82390
