22.84230 20.24570
22.82300 23.38850
22.86230 20.27380
22.82610 21.67190
22.84530 20.47660
22.85740 21.83910
22.82670 22.44000
22.75320 25.24630
22.73710 25.03610
22.70030 26.22490
22.77970 21.94430
22.80380 21.61890
22.73710 24.10740
22.78120 21.64900
22.76200 22.30610
22.70780 24.71840
22.70840 24.79510
22.73100 24.21990
22.75930 22.39040
22.74910 22.68720
22.66910 24.56120
22.58020 28.15940
22.65880 25.08730
22.63680 25.28170
22.70290 24.32330
22.71370 23.91020
22.64090 27.38060
22.62720 27.13580
22.69670 24.40440
22.59210 28.50840
