21.42170 28.69310
21.39660 28.93250
21.40140 28.97910
21.37500 29.50780
21.35080 30.26100
21.24190 34.38940
21.24170 34.58280
21.19180 36.21540
21.21960 35.55660
21.29540 32.12320
21.31740 31.98670
21.32190 31.84570
21.27570 33.02380
21.20230 35.56360
21.23570 34.84160
21.27600 33.22540
21.31450 31.86140
21.35060 30.79540
21.40210 29.98380
21.36900 30.00120
21.36050 30.59320
21.32950 31.14110
21.35630 31.21400
21.37610 30.43670
21.38190 29.97570
21.36950 30.29400
21.44110 29.06120
21.35730 30.94260
21.41410 29.25060
21.42110 28.96150
