21.07300 14.82540
21.06120 14.93850
21.07890 14.74830
21.06820 15.00350
21.06880 14.97580
21.06400 14.95150
21.05670 15.10650
21.05150 15.26270
21.03410 15.46940
21.02210 15.65260
21.02360 15.83010
21.00390 16.00890
21.00760 16.00390
21.04390 15.76110
21.00720 16.43930
21.01370 16.47070
21.01240 16.53380
21.02450 16.12860
21.01040 16.30740
21.04850 15.69360
21.04780 15.83760
21.04480 15.88220
21.03520 15.83190
21.03780 15.94910
21.03930 16.05450
21.02500 16.36330
21.01560 16.42230
21.02490 16.12040
21.04070 15.56570
21.02870 15.82160
