21.31020 9.76300 3.01090
21.28370 10.11720 3.08280
21.32460 9.57350 2.97290
21.31130 9.78320 2.99420
21.31170 9.78150 2.99110
21.29860 9.91230 3.03480
21.27170 10.38610 3.12320
21.26390 10.52700 3.13650
21.23910 10.82090 3.17820
21.21400 11.22070 3.23950
21.21400 11.37230 3.24840
21.16500 12.11720 3.37110
21.16420 12.21960 3.38120
21.23920 11.20120 3.22520
21.16040 12.61230 3.40780
21.18100 12.32240 3.35190
21.17440 12.48570 3.37120
21.20480 11.78450 3.28920
21.18200 12.10730 3.32920
21.26530 10.73530 3.12640
21.24330 11.25260 3.21890
21.23560 11.37570 3.23980
21.22360 11.39420 3.24870
21.22680 11.46690 3.24790
21.23500 11.40380 3.22050
21.20910 11.87570 3.27680
21.18170 12.30740 3.35130
21.21350 11.60700 3.25350
21.26100 10.57650 3.10510
21.22760 11.18810 3.20610
