22.38840 15.27910
22.44950 15.27910
22.39910 15.27910
22.35320 15.27910
22.38710 15.27910
22.38530 15.27910
22.38060 15.27910
22.45780 15.27910
22.40020 15.27910
22.38250 15.27910
22.35310 15.27910
22.30540 15.27910
22.31920 15.27910
22.29390 15.27910
22.33500 15.27910
22.32180 15.27910
22.30720 15.27910
22.27400 15.27910
22.27560 15.27910
22.26640 15.27910
22.27700 15.27910
22.25310 15.27910
22.27760 15.27910
22.27690 15.27910
22.31280 15.27910
22.26080 15.27910
22.30380 15.27910
22.26800 15.27910
22.27830 15.27910
22.27260 15.27910
