23.48620 11.84100
23.44680 12.21200
23.43620 12.20350
23.41460 12.37770
23.41310 12.15430
23.39560 12.21900
23.44450 12.05620
23.41550 12.30350
23.38950 12.17070
23.47570 11.51780
23.43700 12.01870
23.46800 12.21700
23.44060 11.48490
23.45370 11.37630
23.45570 11.38910
23.44590 11.76720
23.36160 12.27710
23.37650 12.35730
23.35200 12.73070
23.36540 12.62150
23.36670 12.72260
23.37880 12.52930
23.38960 12.31410
23.34780 12.72480
23.30000 13.58840
23.26150 14.31200
23.21210 15.25390
23.19510 15.61940
23.18800 15.96730
23.11330 17.85190
