22.85340 7.45870 1.02340
22.84300 7.55020 1.02000
22.85100 7.31660 1.00000
22.82900 7.52430 1.03050
22.80800 7.67510 1.09330
22.80080 7.66070 1.10370
22.81840 7.38260 1.05430
22.82330 7.23250 1.03440
22.81680 7.40440 1.03990
22.83530 7.25390 1.00000
22.83700 7.25030 1.00000
22.85630 7.14920 1.00000
22.84710 7.17240 1.00000
22.84870 7.19290 1.01840
22.84840 7.12170 1.00000
22.85070 7.06730 1.00000
22.87090 7.01570 1.00000
22.88830 7.01290 1.00000
22.89360 7.03850 1.00000
22.86630 6.98500 1.00000
22.86670 7.03240 1.00000
22.87140 6.94170 1.00000
22.86830 6.99970 1.00000
22.87020 7.04200 1.00000
22.85950 7.00670 1.00000
22.85960 7.08840 1.00000
22.86590 6.98330 1.00000
22.86100 6.99100 1.00000
22.82910 7.30350 1.01300
22.83450 7.36600 1.02430
