22.08780 26.78320
22.08350 26.53780
22.03880 27.79600
22.06560 28.04070
22.08160 27.01940
22.04000 27.97100
21.95720 30.45080
21.96410 31.10520
22.04840 27.36570
22.11160 27.52360
22.12660 26.76570
22.13340 25.86940
22.10920 26.42900
22.06170 27.35640
22.13570 26.44760
22.08720 27.46950
22.14570 27.15160
22.14180 26.14540
22.18220 25.49420
22.14910 26.09360
22.13080 26.13590
22.15640 25.85670
22.19250 25.36350
22.21960 25.05110
22.23190 25.10300
22.25960 24.93080
22.23510 24.64280
22.30170 24.13660
22.36800 23.24790
22.29350 25.40390
