21.58980 6.91920
21.59040 6.96780
21.60030 6.91340
21.60320 6.91400
21.59380 6.97730
21.61200 6.85750
21.58840 6.99110
21.58280 7.00100
21.58130 7.01410
21.59210 6.91500
21.59060 6.97360
21.57110 7.08210
21.57950 7.05680
21.60450 6.86330
21.59290 6.90580
21.58270 7.00160
21.58860 6.99310
21.60300 6.88180
21.60490 6.83510
21.59660 6.91460
21.60990 6.81570
21.62420 6.68470
21.61550 6.80680
21.60360 6.86020
21.58310 6.95290
21.57790 6.97680
21.58790 6.96130
21.59000 6.96800
21.62410 6.69650
21.60180 6.83070
