21.60350 6.77640 1.93830
21.59880 6.87930 1.96260
21.61290 6.77910 1.94390
21.61410 6.79450 1.95160
21.59410 6.97330 1.99830
21.62330 6.73950 1.94910
21.58280 7.05150 2.02450
21.57560 7.07800 2.03120
21.57020 7.13240 2.04730
21.59120 6.92460 2.00400
21.58190 7.06630 2.03710
21.55010 7.31030 2.08740
21.55700 7.30100 2.09360
21.60760 6.83070 1.98640
21.58910 6.94620 2.01670
21.57230 7.11410 2.04400
21.58150 7.06760 2.03020
21.61030 6.80630 1.96780
21.61360 6.74520 1.96120
21.59010 6.98350 2.02850
21.61440 6.76980 1.98020
21.64130 6.51120 1.92170
21.61630 6.79810 1.99640
21.60240 6.87380 2.00510
21.57080 7.08360 2.05230
21.56430 7.12020 2.05750
21.57970 7.04960 2.03470
21.59060 6.96200 1.99750
21.64490 6.48530 1.90430
21.60900 6.75700 1.96860
