20.44540 25.21160
20.45180 25.21000
20.46050 24.98410
20.46160 24.78670
20.46320 24.60520
20.45080 25.04390
20.44560 25.41770
20.44890 25.51170
20.42840 26.14840
20.46940 25.13530
20.48940 24.53270
20.45690 25.45560
20.43200 26.01130
20.41640 26.41220
20.42220 26.07490
20.47390 24.52470
20.44410 25.26200
20.43300 25.45260
20.41080 26.20490
20.41030 26.13260
20.43050 25.77020
20.43340 25.69580
20.43520 25.54960
20.41890 25.82820
20.43640 25.31300
20.41790 25.77530
20.40300 26.26180
20.41110 26.05790
20.42340 26.02670
20.45330 25.19850
