21.23850 7.55170 1.61290
21.24450 7.52470 1.61360
21.25470 7.45180 1.59040
21.24950 7.46260 1.60200
21.24130 7.50070 1.61410
21.23770 7.55960 1.61910
21.23760 7.61310 1.62290
21.24940 7.52490 1.60010
21.23480 7.67370 1.61500
21.27430 7.28530 1.55790
21.28740 7.15790 1.54150
21.26450 7.38430 1.57840
21.23990 7.61150 1.60390
21.22330 7.76720 1.63450
21.22430 7.72260 1.64360
21.26980 7.23450 1.57070
21.23320 7.61300 1.64470
21.22550 7.64500 1.64370
21.21320 7.79340 1.66270
21.20820 7.81680 1.66470
21.23070 7.61270 1.63150
21.23690 7.54960 1.60930
21.23140 7.59120 1.62310
21.21380 7.74100 1.65690
21.22110 7.64420 1.65150
21.20940 7.71310 1.65080
21.20730 7.75070 1.64630
21.21810 7.65230 1.63030
21.24170 7.47640 1.58620
21.26580 7.26290 1.54780
