21.62940 5.91120 1.11530
21.62650 5.93310 1.12250
21.61950 5.91570 1.12150
21.63370 5.80990 1.09700
21.63640 5.81390 1.11330
21.62500 5.88830 1.12800
21.64060 5.75580 1.10450
21.62260 5.79500 1.10460
21.62430 5.82020 1.11150
21.64370 5.73560 1.09140
21.66070 5.62420 1.06280
21.65530 5.64650 1.07310
21.64480 5.69900 1.07870
21.65160 5.71370 1.06870
21.63740 5.77080 1.09240
21.62710 5.87390 1.11660
21.61850 5.99380 1.14660
21.63000 5.91550 1.14750
21.63090 5.91500 1.13320
21.62250 6.05770 1.14470
21.60760 6.13670 1.15630
21.60900 6.18290 1.16120
21.61430 6.14400 1.16270
21.61840 6.24690 1.18330
21.62320 6.19950 1.17510
21.61650 6.08200 1.16270
21.63640 6.04050 1.14680
21.64500 6.04240 1.15940
21.64860 6.06660 1.20170
21.65500 5.96970 1.14820
