21.14150 16.45760
21.13540 16.54870
21.13540 16.36590
21.16600 15.90940
21.16550 15.89630
21.15030 16.10500
21.17820 15.62710
21.15620 16.24000
21.15700 15.67510
21.18600 15.51260
21.22610 15.04390
21.21080 15.15080
21.19200 15.40760
21.19730 16.04240
21.16400 16.44950
21.13260 16.98700
21.11590 17.28480
21.14430 16.35460
21.13360 17.03330
21.10890 17.60770
21.08410 17.84600
21.08270 17.99720
21.08700 17.98690
21.08240 18.36660
21.09160 18.21210
21.11120 17.40570
21.14460 16.83750
21.14950 16.86800
21.15430 16.84700
21.17450 16.45230
