21.95360 6.25440 1.10730
21.96690 6.12480 1.07590
21.97240 5.95400 1.05200
21.96750 6.14960 1.07330
21.95600 6.08240 1.07060
21.95740 6.26580 1.10410
21.94400 6.45490 1.13390
21.95460 6.42590 1.11130
21.95100 6.35900 1.10910
21.94560 6.21770 1.09580
21.94040 6.08190 1.08570
21.93740 6.21070 1.09070
21.93590 6.21480 1.09760
21.93060 6.30640 1.11570
21.92370 6.36290 1.12240
21.92070 6.36760 1.12290
21.91910 6.28500 1.11730
21.90680 6.41810 1.12090
21.89880 6.45280 1.13450
21.90000 6.34230 1.12750
21.90650 6.31600 1.12250
21.89790 6.36680 1.13110
21.90860 6.48930 1.14080
21.92260 6.46110 1.11210
21.92020 6.48830 1.11870
21.92440 6.32200 1.09390
21.92080 6.08100 1.06900
21.92070 6.16670 1.07500
21.92150 6.30750 1.10290
21.92090 6.20160 1.08230
