22.77960 4.03600
22.72090 3.71790
22.73730 3.57800
22.80010 3.90550
22.78960 4.04050
22.81310 3.96090
22.79950 3.88370
22.80650 3.98550
22.79650 4.08330
22.79380 4.19340
22.80320 4.24330
22.80880 4.25720
22.80800 4.42760
22.78250 3.85390
22.82450 4.61790
22.80690 4.63810
22.80370 4.86240
22.76640 4.10040
22.78060 5.38360
22.74040 4.44020
22.74200 4.30330
22.73760 4.18370
22.73790 4.03190
22.73180 4.10430
22.73590 4.06230
22.73740 4.04010
22.76830 4.47900
22.73680 4.03110
22.72780 4.19110
22.73650 4.20470
