21.60530 0.01300 4.00000
21.21510 0.01380 4.00000
21.28410 0.01370 4.00000
21.80920 0.01270 4.00000
21.90700 0.01260 4.00000
22.28000 0.01220 4.00000
21.91820 0.01250 4.00000
23.52990 6.82330 1.00000
23.51750 6.88180 1.00000
23.51130 6.93280 1.00000
21.69940 0.01280 4.00000
21.74510 0.01270 4.00000
23.50840 6.99160 1.00000
21.36930 0.01350 4.00000
23.51260 6.99270 1.00000
23.49480 7.00000 1.00000
23.47870 7.05380 1.00000
21.40260 0.01350 4.00000
21.80330 0.01250 4.00000
21.26220 0.01370 4.00000
21.32050 0.01360 4.00000
21.51990 0.01350 4.00000
21.35400 0.01370 4.00000
21.28190 0.01380 4.00000
21.26150 0.01380 4.00000
21.20500 0.01390 4.00000
21.44920 0.01320 4.00000
21.18180 0.01390 4.00000
21.21020 0.01390 4.00000
21.24110 0.01380 4.00000
