22.42290 12.04810
22.47720 11.47400
22.43500 11.83560
22.41150 11.99390
22.43710 11.59740
22.40850 11.89370
22.39010 12.06030
22.40810 11.88790
22.39980 12.09560
22.37620 12.35140
22.38390 12.43970
22.39340 12.16250
22.38260 12.28370
22.36910 12.43500
22.38320 12.21910
22.35600 12.48320
22.31860 13.05070
22.38080 12.44820
22.41380 11.98430
22.30700 13.07590
22.33820 12.65270
22.33060 12.79110
22.35530 12.43660
22.35600 12.49600
22.30560 13.12690
22.37660 12.20840
22.32120 12.73800
22.38840 12.17820
22.44200 11.65230
22.42960 11.78950
