23.00530 14.72590
23.02090 14.72590
23.04260 14.72590
23.03780 14.72590
23.04830 14.72590
23.05210 14.72590
23.07170 14.72590
23.04220 14.72590
23.01180 14.72590
23.00310 14.72590
22.97070 14.72590
22.99180 14.72590
23.03300 14.72590
23.05590 14.72590
23.02810 14.72590
23.01460 14.72590
22.99990 14.72590
22.96140 14.72590
22.97130 14.72590
22.98070 14.72590
22.98760 14.72590
22.98270 14.72590
22.98910 14.72590
23.00260 14.72590
22.99310 14.72590
23.01550 14.72590
23.04250 14.72590
23.01520 14.72590
23.05500 14.72590
23.02740 14.72590
