22.05380 10.93850 1.00000
22.02970 11.55090 1.00000
22.04150 11.47240 1.00000
22.03350 11.52150 1.00000
22.03340 11.32200 1.00000
22.06560 10.65500 1.00000
22.04390 11.03230 1.00000
21.98800 12.21020 1.00000
21.97340 12.98410 1.00000
21.98280 12.71430 1.00000
21.99430 12.49630 1.00000
21.98310 12.83640 1.00000
22.00120 12.49870 1.00000
21.99530 12.56180 1.00000
22.02800 11.70980 1.00000
21.96530 13.22850 1.00000
22.00100 12.38590 1.00000
22.02220 11.65360 1.00000
22.03060 11.52090 1.00000
22.00940 11.93990 1.00000
22.03490 11.50730 1.00000
22.06440 10.89240 1.00000
22.06740 10.77720 1.00000
22.04730 11.08730 1.00000
22.05830 10.83120 1.00000
22.07980 10.31580 1.00000
22.04660 10.67740 1.00000
22.07760 10.28550 1.00000
22.07670 10.36930 1.00000
22.08680 10.31870 1.00000
