21.43960 22.32310
21.41060 22.88420
21.42410 22.65300
21.41310 22.89290
21.42130 22.52290
21.48610 20.76970
21.44580 21.64410
21.34020 24.63090
21.30970 25.98380
21.32460 25.47700
21.34200 25.06830
21.32290 25.63730
21.35850 24.68030
21.35010 24.90150
21.41330 23.04090
21.30010 26.30770
21.36420 24.34280
21.40340 23.16510
21.41860 22.83290
21.37660 24.00630
21.41980 22.94170
21.47650 21.37720
21.48490 21.04330
21.44790 21.90960
21.47600 21.14720
21.50280 20.58280
21.46820 20.91630
21.50310 20.48700
21.49990 20.70550
21.51000 20.57400
