20.59280 24.98330
20.59110 25.31240
20.57670 25.64040
20.58960 24.94310
20.58230 25.00440
20.58250 24.97830
20.60620 24.60290
20.59140 24.76140
20.58050 24.91390
20.58890 24.51920
20.58070 24.93830
20.55880 25.38860
20.56780 25.18650
20.55880 25.42290
20.56630 25.37930
20.56380 25.47820
20.55960 25.66310
20.56140 25.67250
20.56960 25.56780
20.56540 25.32570
20.54750 26.06290
20.56840 25.55730
20.57110 25.40170
20.56890 25.21360
20.55870 25.51780
20.56640 25.59220
20.55620 26.43630
20.57440 25.76050
20.57670 25.04990
20.59230 25.31540
