21.01840 12.70660 2.68460
21.07580 11.68550 2.48400
21.05270 12.02240 2.53540
21.00260 12.95860 2.72550
20.99450 13.00300 2.73270
21.00210 12.85140 2.70480
21.06570 11.82260 2.56260
21.02730 12.35710 2.64760
21.04600 11.92840 2.57700
21.01640 12.41760 2.67270
21.03020 12.20110 2.61480
20.99450 12.76340 2.69060
20.99710 12.77040 2.69410
20.98210 13.03150 2.72440
21.01220 12.52690 2.63890
21.00510 12.67230 2.65020
21.01470 12.50520 2.63780
21.01180 12.57550 2.64430
21.05820 11.79020 2.50200
20.99540 12.85760 2.69260
21.00500 12.64020 2.64080
21.00720 12.77940 2.66780
21.00710 12.74800 2.68360
21.00100 12.76480 2.68320
20.99850 12.77050 2.67010
21.04910 11.93540 2.55440
21.04570 12.08220 2.55690
21.07790 11.58520 2.48870
21.02310 12.37710 2.63410
21.11540 10.93970 2.37790
