22.35670 8.84770
22.34420 9.12750
22.34780 9.06240
22.35310 8.93490
22.33380 8.90410
22.33870 8.93410
22.35150 8.76990
22.35350 8.72930
22.32880 9.30750
22.35560 8.91780
22.36100 9.06040
22.34700 9.06560
22.36030 8.93260
22.37340 8.82060
22.36490 9.01630
22.35680 9.03620
22.38280 8.74850
22.34740 8.95050
22.33060 9.07810
22.34400 9.06440
22.29760 9.56030
22.27010 9.94050
22.26790 9.90130
22.25620 10.05870
22.28070 9.96740
22.30120 9.80690
22.29740 9.65970
22.27610 10.07550
22.25390 10.04880
22.24990 10.04180
