21.71850 6.51520 1.62190
21.72130 6.45690 1.61270
21.71550 6.53750 1.61860
21.71570 6.44580 1.59870
21.70280 6.58030 1.63910
21.73020 6.33040 1.57980
21.71850 6.41640 1.60320
21.72000 6.41340 1.60940
21.70820 6.50630 1.62530
21.69670 6.60820 1.64500
21.70780 6.58570 1.64620
21.70020 6.58600 1.64420
21.66930 6.89290 1.70660
21.66970 6.86480 1.70170
21.64680 7.10480 1.75300
21.66400 6.91690 1.71540
21.65100 7.04910 1.78440
21.66340 7.05040 1.73640
21.66560 7.02430 1.73390
21.62360 7.32380 1.79350
21.61520 7.43310 1.80890
21.62760 7.31300 1.78770
21.60880 7.41390 1.81500
21.63720 7.23650 1.77430
21.63790 7.16750 1.76250
21.65620 6.98730 1.72470
21.67330 6.87650 1.69500
21.68480 6.78870 1.67190
21.68570 6.82580 1.67810
21.69470 6.62580 1.64350
