21.06120 19.44180
21.06080 19.32360
21.05270 19.69440
21.06110 19.29960
21.04480 19.72310
21.07770 19.13880
21.05650 19.67710
21.07110 19.10220
21.05270 19.73920
21.03130 20.00670
21.06610 19.01850
21.03650 19.92840
21.00750 20.40040
21.00370 20.44280
20.97390 21.07900
20.98270 21.12940
21.00980 20.36590
20.99580 21.07350
20.97970 21.57100
20.94970 21.87980
20.93620 22.20680
20.94180 22.19290
20.94300 21.65730
20.97590 21.22660
20.98020 20.96470
21.01030 20.25960
21.02540 20.15910
21.01930 20.50800
21.02500 20.35970
21.03590 19.86560
