23.02310 6.88330
23.04770 6.88330
23.02280 6.88330
23.02060 6.88330
23.01510 6.88330
23.02100 6.88330
23.02410 6.88330
23.03460 6.88330
23.01450 6.88330
23.01900 6.88330
23.03100 6.88330
23.03530 6.88330
23.08520 6.88330
23.04130 6.88330
23.04870 6.88330
23.04160 6.88330
23.04950 6.88330
23.04650 6.88330
23.05550 6.88330
23.03870 6.88330
23.03750 6.88330
23.05270 6.88330
23.03000 6.88330
23.05510 6.88330
23.15330 6.88330
23.14040 6.88330
23.13840 6.88330
23.10380 6.88330
23.08130 6.88330
23.06240 6.88330
