21.02360 11.33180 1.42270
21.04210 11.12530 1.39810
21.05330 10.99980 1.39110
21.03750 11.15960 1.40110
21.03650 11.14660 1.39710
21.07660 10.68350 1.34180
21.09860 10.48210 1.32020
21.10950 10.32700 1.30410
21.10940 10.31350 1.30170
21.05480 10.83230 1.35350
21.06740 10.74100 1.34590
21.03040 11.13800 1.38890
21.01270 11.34180 1.41950
21.00090 11.45060 1.43110
20.96510 11.81400 1.47020
21.07420 10.61250 1.34980
21.04290 10.90190 1.38890
21.06430 10.66390 1.36510
21.07120 10.63970 1.36050
21.06830 10.65850 1.35190
21.06440 10.73880 1.35880
21.06480 10.72050 1.35790
20.99250 11.43530 1.43310
20.92960 12.19670 1.50580
20.95210 11.96460 1.48180
20.96410 11.86050 1.47970
20.94490 12.05420 1.49400
20.93700 12.10160 1.49890
20.95820 11.85940 1.47930
20.98610 11.58170 1.45200
