20.69470 16.32350
20.70110 16.23670
20.70960 16.10950
20.69760 16.26760
20.69390 16.29090
20.70780 16.05100
20.72040 15.91170
20.72400 15.79660
20.72250 15.79650
20.68940 16.20040
20.69960 16.11360
20.68230 16.35880
20.67990 16.39270
20.67310 16.46010
20.65640 16.63020
20.70970 15.88380
20.69670 16.00130
20.70670 15.84710
20.71210 15.84250
20.70400 15.94620
20.70350 16.00930
20.70370 15.99620
20.66530 16.43790
20.63830 16.85530
20.64900 16.74630
20.66080 16.61350
20.64820 16.75910
20.64250 16.78110
20.65430 16.61970
20.66910 16.46680
