21.82580 17.58480
21.83480 17.58480
21.84950 17.58480
21.85200 17.58480
21.85560 17.58480
21.85990 17.58480
21.85680 17.58480
21.84750 17.58480
21.84320 17.58480
21.85630 17.58480
21.84510 17.58480
21.84780 17.58480
21.83340 17.58480
21.84100 17.58480
21.82140 17.58480
21.82990 17.58480
21.83650 17.58480
21.83000 17.58480
21.83030 17.58480
21.84210 17.58480
21.81800 17.58480
21.83240 17.58480
21.81350 17.58480
21.79530 17.58480
21.79060 17.58480
21.79650 17.58480
21.79220 17.58480
21.79130 17.58480
21.76770 17.58480
21.76830 17.58480
