23.16720 8.43770
23.18140 8.43770
23.18510 8.43770
23.17720 8.43770
23.15030 8.43770
23.16730 8.43770
23.13220 8.43770
23.11200 8.43770
23.14100 8.43770
23.14010 8.43770
23.11500 8.43770
23.12410 8.43770
23.11750 8.43770
23.12380 8.43770
23.10190 8.43770
23.11970 8.43770
23.12510 8.43770
23.10160 8.43770
23.08340 8.43770
23.07800 8.43770
23.08330 8.43770
23.09950 8.43770
23.10210 8.43770
23.11400 8.43770
23.05470 8.43770
23.09000 8.43770
23.07160 8.43770
23.08800 8.43770
23.07820 8.43770
23.09500 8.43770
