20.56350 22.06870
20.56450 21.88010
20.55470 22.05570
20.53660 22.88870
20.56910 21.63800
20.54880 22.47320
20.55740 22.35380
20.56810 22.18950
20.56520 22.21100
20.56590 22.16460
20.55030 22.65920
20.54260 23.04700
20.54300 22.61300
20.52630 22.98070
20.52160 23.04750
20.51360 23.18700
20.51450 23.27010
20.49610 23.84540
20.46420 24.91590
20.48410 24.11190
20.48350 24.11840
20.50090 23.57500
20.50990 23.26310
20.50400 23.37720
20.49860 23.47470
20.47460 24.01930
20.49310 23.73520
20.49610 23.72250
20.50240 23.66680
20.48830 23.75920
