21.13080 8.51940 1.99170
21.13100 8.46560 1.98960
21.11520 8.69130 2.02720
21.11970 8.67170 2.02150
21.12850 8.60360 2.00700
21.12230 8.66050 2.00960
21.13430 8.51990 1.98270
21.14790 8.39230 1.95600
21.14420 8.41240 1.96700
21.14280 8.43980 1.96810
21.13640 8.52900 1.98840
21.13930 8.45910 1.97860
21.11140 8.80760 2.04170
21.09390 8.97330 2.05850
21.08500 9.07180 2.07840
21.07040 9.24220 2.10840
21.07430 9.22600 2.10370
21.05500 9.51550 2.14940
21.03480 9.76400 2.17990
21.03590 9.79590 2.18810
21.03760 9.75890 2.17820
21.05760 9.45900 2.13930
21.05770 9.45140 2.15060
21.05330 9.52560 2.16770
21.04600 9.59180 2.17420
21.01400 9.98790 2.22510
21.04370 9.64350 2.18420
21.04710 9.64170 2.17660
21.05650 9.53470 2.15450
21.03270 9.79460 2.20000
