23.43550 10.59040 1.00000
23.36990 11.07170 1.00000
23.44970 10.32200 1.00000
23.44190 10.06730 1.00000
23.40460 10.03610 1.00000
23.38180 10.19960 1.00000
23.39520 10.00280 1.00000
23.38450 10.06780 1.00000
23.41560 10.03650 1.00000
23.41720 10.12870 1.00000
23.43630 10.06960 1.00000
23.39910 10.34190 1.00000
23.31580 11.04280 1.00000
23.42340 9.86430 1.00000
23.39820 10.27480 1.00000
23.38840 10.23220 1.00000
23.48250 10.00880 1.00000
23.41580 10.14550 1.00000
23.42440 9.98120 1.00000
23.35690 10.54220 1.00000
23.36860 10.44440 1.00000
23.40960 10.22850 1.00000
23.41650 10.31790 1.00000
23.37210 10.84730 1.00000
23.37550 10.90040 1.00000
23.46390 10.44470 1.00000
23.32660 11.98700 1.00000
23.44770 10.40900 1.00000
23.35820 11.26000 1.00000
23.38670 10.83820 1.00000
