22.66640 23.80550
22.59330 24.91740
22.72660 22.47890
22.73700 21.68500
22.79750 20.47240
22.75830 21.03470
22.79390 20.44330
22.78180 20.58540
22.81850 20.29570
22.81790 20.60440
22.73630 21.63850
22.66450 22.80640
22.53660 25.09620
22.71610 21.60770
22.66560 22.68990
22.75480 21.52030
22.77560 21.99670
22.79470 20.94690
22.81890 20.40760
22.60460 23.75490
22.62260 23.46680
22.69200 22.51660
22.69910 22.79990
22.60880 24.60190
22.61120 24.71890
22.73870 23.16030
22.50220 27.96270
22.73500 22.87100
22.57620 25.67510
22.63080 24.40320
