22.93450 8.43500
22.91900 8.43500
23.04410 8.43500
22.90670 8.43500
22.88460 8.43500
22.95170 8.43500
22.91340 8.43500
23.02270 8.43500
22.88250 8.43500
22.96040 8.43500
22.95950 8.43500
22.98970 8.43500
22.97240 8.43500
23.05060 8.43500
22.98150 8.43500
23.00890 8.43500
23.05830 8.43500
23.08230 8.43500
23.06420 8.43500
22.90320 8.43500
23.02090 8.43500
22.98640 8.43500
23.04470 8.43500
22.98080 8.43500
22.95160 8.43500
23.00750 8.43500
23.02000 8.43500
23.12660 8.43500
22.94030 8.43500
23.02060 8.43500
