22.38110 19.26690
22.44510 16.75020
22.44240 20.72840
22.44610 19.72280
22.36830 22.81490
22.33530 27.45790
22.29990 29.94950
22.27600 31.28830
22.26580 33.36090
22.18930 41.73640
22.27310 34.70580
22.22660 34.33120
22.21330 38.60730
22.13130 47.74460
22.01800 59.63220
21.93710 69.58640
22.15130 48.88740
22.12600 49.46640
21.95800 61.44590
22.05960 52.02990
22.03400 54.05100
22.28780 37.04740
22.28880 31.59820
22.20220 35.65280
22.23950 31.81160
22.25100 31.75510
22.31030 24.58640
22.39260 19.47990
22.34810 21.50880
22.35030 21.64570
