23.03710 11.02800 1.00000
23.05960 10.78480 1.00000
23.17770 12.02340 1.00000
23.17140 11.76330 1.00000
23.13820 12.29980 1.00000
23.15050 13.41350 1.00000
23.14190 13.87000 1.00000
23.13060 14.09590 1.00000
23.14290 14.28780 1.00000
23.13090 15.83790 1.00000
23.14930 14.71020 1.00000
23.11790 14.33420 1.00000
23.13580 15.19190 1.00000
23.12750 16.47950 1.00000
23.07260 18.61060 1.00000
23.06970 19.65220 1.00000
23.14770 16.85130 1.00000
23.14040 16.59930 1.00000
23.07070 18.02280 1.00000
23.09810 17.11260 1.00000
23.09620 17.10230 1.00000
23.17880 15.37460 1.00000
23.15050 13.94880 1.00000
23.11370 14.44360 1.00000
23.11620 13.70030 1.00000
23.12320 13.76760 1.00000
23.06270 12.26880 1.00000
23.13740 11.24560 1.00000
23.11960 11.68970 1.00000
23.12230 11.88380 1.00000
