22.44740 29.60430
22.50640 27.75350
22.49320 27.59350
22.56390 24.52380
22.55500 24.98530
22.46660 28.53140
22.52310 26.52250
22.67030 21.46650
22.76380 20.65660
22.67640 22.31680
22.65660 22.04080
22.55060 25.50990
22.51120 27.87130
22.50190 28.13730
22.44130 29.69240
22.49250 28.41610
22.57630 25.54470
22.50080 28.35880
22.59000 25.43330
22.58650 25.18870
22.56720 26.24110
22.66100 23.83050
22.61160 25.99630
22.69140 23.46370
22.61660 25.77170
22.59120 26.53940
22.58290 26.81300
22.65250 24.96280
22.72720 22.86510
22.68440 23.65980
