23.28550 11.67090 1.00000
23.14630 13.23510 1.00000
23.29330 11.21760 1.00000
23.15980 11.92510 1.00000
23.15660 12.21070 1.00000
23.12760 13.22230 1.00000
23.14920 12.59870 1.00000
23.20950 11.00180 1.00000
23.27600 10.66630 1.00000
23.23320 11.23850 1.00000
23.21330 11.06190 1.00000
23.16640 12.06450 1.00000
23.16170 12.92380 1.00000
23.15940 13.04050 1.00000
23.29740 11.37810 1.00000
23.31890 11.13960 1.00000
23.18120 12.46280 1.00000
23.15230 13.39800 1.00000
23.19030 12.45450 1.00000
23.18820 12.16740 1.00000
23.18440 12.62980 1.00000
23.24110 11.83790 1.00000
23.22110 12.79740 1.00000
23.26050 11.90030 1.00000
23.22390 12.65790 1.00000
23.21310 12.93560 1.00000
23.20970 12.91100 1.00000
23.24940 12.33830 1.00000
23.28270 11.73830 1.00000
23.26150 11.82520 1.00000
