23.77280 6.78130
23.75180 6.78130
23.76130 6.78130
23.72230 6.78130
23.78310 6.78130
23.76910 6.78130
23.75750 6.78130
23.74960 6.78130
23.77210 6.78130
23.77370 6.78130
23.75260 6.78130
23.75950 6.78130
23.73480 6.78130
23.71110 6.78130
23.73320 6.78130
23.72320 6.78130
23.70960 6.78130
23.71690 6.78130
23.66740 6.78130
23.67350 6.78130
23.70320 6.78130
23.65010 6.78130
23.64370 6.78130
23.62350 6.78130
23.60240 6.78130
23.61460 6.78130
23.59510 6.78130
23.65910 6.78130
23.60410 6.78130
23.68990 6.78130
