21.11760 13.80780
21.11040 13.89010
21.11390 13.95780
21.12010 13.95120
21.11480 13.81280
21.10020 14.44800
21.09600 14.22400
21.09120 14.23290
21.11360 14.01540
21.11450 13.96700
21.13220 13.50980
21.09240 14.20400
21.10850 14.10500
21.09470 14.15580
21.12040 13.85690
21.10450 14.04090
21.09990 14.13380
21.11320 14.00150
21.07510 14.77090
21.06320 15.01480
21.07640 14.31100
21.07560 14.97130
21.11310 14.03180
21.09370 14.68780
21.10010 13.98890
21.10520 13.95710
21.11930 13.91400
21.11980 14.04280
21.11990 13.87200
21.09710 14.40910
