21.55420 6.23260 2.07560
21.53590 6.42040 2.14870
21.55050 6.29110 2.10180
21.57070 6.07890 2.03010
21.55310 6.20530 2.07580
21.55000 6.24650 2.07790
21.53440 6.38640 2.11680
21.51870 6.56380 2.17180
21.55060 6.32810 2.09540
21.55710 6.22080 2.06080
21.56860 6.15540 2.03870
21.53170 6.40990 2.11760
21.55250 6.24860 2.08140
21.53420 6.36910 2.11120
21.56820 6.08460 2.01930
21.54640 6.26400 2.07160
21.55100 6.20550 2.04300
21.55750 6.19080 2.04670
21.52310 6.47620 2.12990
21.50890 6.57800 2.16390
21.50710 6.56900 2.16740
21.52200 6.48390 2.12770
21.56510 6.13430 2.02260
21.54510 6.25670 2.07020
21.53810 6.28630 2.08850
21.55230 6.11900 2.03650
21.57480 6.02290 1.99100
21.57340 6.08030 2.01130
21.55800 6.22960 2.08470
21.53420 6.46260 2.14410
