20.70090 20.87300
20.60700 22.56170
20.63220 22.13580
20.66080 21.52010
20.67540 21.41150
20.73580 20.00730
20.71970 20.22430
20.71820 20.35840
20.60970 22.95110
20.70560 20.82130
20.74490 19.87510
20.71990 20.41390
20.73360 20.02940
20.71430 20.43740
20.71580 20.59080
20.71670 20.31430
20.73140 19.91020
20.69920 20.66820
20.70770 20.31860
20.71660 20.05970
20.73030 19.63600
20.69810 20.37010
20.64790 21.74510
20.73680 19.63940
20.73240 19.52450
20.70970 20.00460
20.67000 20.77860
20.67780 20.80080
20.70970 20.08590
20.67290 20.91640
