21.44480 9.35270 1.00000
21.38170 10.00890 1.00000
21.40160 9.78190 1.00000
21.41860 9.59250 1.00000
21.42770 9.58340 1.00000
21.46460 9.08980 1.00000
21.45420 9.16740 1.00000
21.45410 9.21510 1.00000
21.38730 10.11250 1.00000
21.44430 9.41650 1.00000
21.47130 9.04370 1.00000
21.45360 9.25040 1.00000
21.46040 9.12720 1.00000
21.44800 9.27800 1.00000
21.45160 9.32820 1.00000
21.44830 9.22190 1.00000
21.45540 9.09130 1.00000
21.43940 9.31080 1.00000
21.57270 8.18450 1.00000
21.57210 8.14840 1.00000
21.45160 8.99770 1.00000
21.43640 9.19220 1.00000
21.40120 9.73180 1.00000
21.58490 8.01760 1.00000
21.57910 7.97680 1.00000
21.44360 9.05450 1.00000
21.42160 9.29260 1.00000
21.42450 9.36160 1.00000
21.44160 9.12310 1.00000
21.42220 9.38770 1.00000
