20.79570 9.47460 1.41660
20.82000 9.22560 1.38090
20.80400 9.39080 1.39640
20.68230 10.72550 1.53050
20.82170 9.25930 1.38460
20.65350 11.04160 1.55900
20.79310 9.44780 1.39690
20.65220 11.03110 1.56190
20.61860 11.41800 1.60360
20.64800 11.13940 1.58370
20.77910 9.59430 1.42080
20.77780 9.59780 1.42650
20.77660 9.58000 1.41240
20.79350 9.44490 1.40560
20.64370 11.16370 1.58390
20.64610 11.09780 1.57330
20.66030 10.92770 1.55690
20.64210 11.14980 1.58150
20.64670 11.13630 1.58060
20.77730 9.59620 1.42200
20.79590 9.42070 1.40430
20.82030 9.20100 1.38260
20.79590 9.38040 1.39870
20.80390 9.30880 1.40120
20.81950 9.22020 1.39310
20.65610 10.99040 1.57580
20.77660 9.52940 1.41230
20.77600 9.50110 1.40820
20.75870 9.68370 1.43660
20.76020 9.66210 1.43840
