20.46590 13.81050
20.47410 13.69810
20.46450 13.83390
20.40890 14.62730
20.47810 13.72080
20.39400 14.81920
20.45340 13.91610
20.39510 14.76790
20.38330 14.91000
20.40360 14.71050
20.45210 13.93500
20.45380 13.89890
20.44480 13.97830
20.46020 13.82070
20.39950 14.73140
20.39590 14.74550
20.40140 14.66290
20.39610 14.74500
20.40040 14.72980
20.45050 13.92590
20.46180 13.79310
20.47730 13.61410
20.45920 13.76910
20.46950 13.64260
20.48230 13.56050
20.40800 14.57010
20.44500 13.90070
20.44210 13.89450
20.43850 13.93840
20.44150 13.88320
