22.00180 8.29830
22.00600 8.13000
22.00910 8.10780
21.97930 8.13290
22.00280 8.13440
21.99210 8.09750
21.98180 8.52830
21.97800 8.43230
21.98240 8.39260
21.96510 8.75050
21.96020 8.72260
21.95700 8.82980
21.96640 8.86720
21.95230 8.84340
21.95030 8.89310
21.93400 8.91000
21.93360 8.96960
21.93250 9.00260
21.95360 8.59650
21.94960 8.49560
21.94790 8.39470
21.94350 8.25820
21.95410 8.58280
21.94330 8.71310
21.95880 8.57920
21.93080 8.51370
21.95460 8.35050
21.95190 8.20760
21.95940 8.08000
21.93350 8.59190
