22.49200 20.75330
22.51900 20.75330
22.54970 20.75330
22.53910 20.75330
22.50440 20.75330
22.53010 20.75330
22.52570 20.75330
22.52140 20.75330
22.53800 20.75330
22.56300 20.75330
22.56080 20.75330
22.51820 20.75330
22.55800 20.75330
22.58180 20.75330
22.59740 20.75330
22.60490 20.75330
22.60760 20.75330
22.58540 20.75330
22.55520 20.75330
22.55710 20.75330
22.55150 20.75330
22.59430 20.75330
22.54130 20.75330
22.51440 20.75330
22.50560 20.75330
22.51410 20.75330
22.48710 20.75330
22.48230 20.75330
22.46590 20.75330
22.47470 20.75330
