#iter           logP0016       logPprior       dS              accept          acceptance      weight          l0000p00spemd    l0000p01spemd    l0000p02spemd    l0000p03spemd    l0000p04spemd    l0000p06spemd    e00001lb01t03p02  e00001lb01t03p03  e00001lb01t03p04  e00001lb01t03p05  e00001lb01t03p06  e00001lb02t01p00  e00001lb02t01p01  e00001lb02t01p02  e00001lb03t01p00  e00001lb03t01p01  e00001lb03t01p02 
#pname          --------       ---------       --              ------          ----------      ------          x-coord          y-coord          b/a              theta            theta_e          gam              unknown          unknown          unknown          unknown          unknown          unknown          unknown          unknown          unknown          unknown          unknown         
5              7.270591e+03    5.596790e+00    4.500000e-01    1               0.166667        6.000000e+00    +3.95593100e+00  +3.95792800e+00  +6.66973000e-01  -1.48255800e+00  +1.75362500e+00  +5.52004000e-01  +8.93355000e-01  +1.94186000e+00  +8.82920000e-02  +2.25907800e+00  +5.40810600e+00  +1.93891400e+00  +3.04529900e+00  +8.03466455e+02  +4.99491700e+00  +4.52074100e+00  +1.97235368e+03 
6              7.270260e+03    5.599190e+00    4.500000e-01    1               0.285714        1.000000e+00    +3.95600771e+00  +3.95697772e+00  +6.68046860e-01  -1.48634711e+00  +1.74214012e+00  +5.52787821e-01  +8.92467296e-01  +1.94945630e+00  +8.78423056e-02  +2.26550463e+00  +5.40774697e+00  +1.93900490e+00  +3.04564961e+00  +8.02489096e+02  +4.99488112e+00  +4.52074515e+00  +1.97440966e+03 
10             7.267854e+03    5.597187e+00    4.500000e-01    1               0.272727        4.000000e+00    +3.95605478e+00  +3.95767429e+00  +6.68814817e-01  -1.49354211e+00  +1.73588428e+00  +5.54143527e-01  +8.91282959e-01  +1.96210889e+00  +8.72095156e-02  +2.26964869e+00  +5.40981792e+00  +1.93924468e+00  +3.04581927e+00  +8.01459745e+02  +4.99487751e+00  +4.52062878e+00  +1.97672863e+03 
12             7.269234e+03    5.594918e+00    4.500000e-01    1               0.307692        2.000000e+00    +3.95635632e+00  +3.95821122e+00  +6.66105447e-01  -1.50055591e+00  +1.74632557e+00  +5.53192027e-01  +8.89740259e-01  +1.95144307e+00  +8.77291135e-02  +2.26838862e+00  +5.40276271e+00  +1.93933119e+00  +3.04591942e+00  +8.01238179e+02  +4.99488934e+00  +4.52063322e+00  +1.97508552e+03 
13             7.270420e+03    5.594296e+00    4.500000e-01    1               0.357143        1.000000e+00    +3.95727160e+00  +3.95757346e+00  +6.64618878e-01  -1.49317824e+00  +1.75310490e+00  +5.52823384e-01  +8.89926951e-01  +1.94502292e+00  +8.81342202e-02  +2.26398652e+00  +5.39611258e+00  +1.93921871e+00  +3.04581113e+00  +8.02254326e+02  +4.99472229e+00  +4.52043147e+00  +1.97361795e+03 
14             7.270340e+03    5.596207e+00    4.500000e-01    1               0.400000        1.000000e+00    +3.95698287e+00  +3.95715409e+00  +6.62171452e-01  -1.50346159e+00  +1.76405011e+00  +5.51582287e-01  +8.89977582e-01  +1.93650244e+00  +8.84040576e-02  +2.26102005e+00  +5.40121886e+00  +1.93908059e+00  +3.04577576e+00  +8.01565762e+02  +4.99472984e+00  +4.52047962e+00  +1.97185225e+03 
16             7.270907e+03    5.599872e+00    4.500000e-01    1               0.411765        2.000000e+00    +3.95699705e+00  +3.95571173e+00  +6.64963720e-01  -1.50824227e+00  +1.76197087e+00  +5.52121455e-01  +8.89365267e-01  +1.93992742e+00  +8.81878948e-02  +2.26767378e+00  +5.40299114e+00  +1.93892566e+00  +3.04608054e+00  +8.00722569e+02  +4.99491974e+00  +4.52044930e+00  +1.97390814e+03 
19             7.270496e+03    5.597243e+00    4.500000e-01    1               0.400000        3.000000e+00    +3.95748071e+00  +3.95624306e+00  +6.60681922e-01  -1.51200816e+00  +1.77641020e+00  +5.51815642e-01  +8.88720943e-01  +1.94344260e+00  +8.85773201e-02  +2.26497159e+00  +5.40370340e+00  +1.93892450e+00  +3.04624262e+00  +8.00197093e+02  +4.99489867e+00  +4.52043426e+00  +1.97309091e+03 
28             7.268357e+03    5.600422e+00    4.500000e-01    1               0.310345        9.000000e+00    +3.95728597e+00  +3.95516292e+00  +6.62655638e-01  -1.51929373e+00  +1.76422580e+00  +5.53739326e-01  +8.90472104e-01  +1.95399649e+00  +8.77119024e-02  +2.27163988e+00  +5.40652441e+00  +1.93914191e+00  +3.04609470e+00  +7.99300120e+02  +4.99458887e+00  +4.52036048e+00  +1.97497126e+03 
29             7.264475e+03    5.598260e+00    4.500000e-01    1               0.333333        1.000000e+00    +3.95827531e+00  +3.95491349e+00  +6.55481579e-01  -1.52016777e+00  +1.79080298e+00  +5.52862113e-01  +8.92500651e-01  +1.94093032e+00  +8.90425101e-02  +2.25493709e+00  +5.40006386e+00  +1.93921117e+00  +3.04584225e+00  +7.99896457e+02  +4.99437086e+00  +4.52032326e+00  +1.96986540e+03 
31             7.267403e+03    5.600460e+00    4.500000e-01    1               0.343750        2.000000e+00    +3.95774955e+00  +3.95460126e+00  +6.59255753e-01  -1.50940468e+00  +1.77105823e+00  +5.53283486e-01  +8.92662087e-01  +1.94051603e+00  +8.80876011e-02  +2.26915591e+00  +5.40166104e+00  +1.93934102e+00  +3.04626310e+00  +7.98881730e+02  +4.99462045e+00  +4.52017060e+00  +1.97357435e+03 
33             7.268759e+03    5.599259e+00    4.500000e-01    1               0.352941        2.000000e+00    +3.95785661e+00  +3.95499156e+00  +6.58066202e-01  -1.50938696e+00  +1.76652598e+00  +5.53115518e-01  +8.92974489e-01  +1.93869053e+00  +8.80288140e-02  +2.27495434e+00  +5.40320219e+00  +1.93933206e+00  +3.04576055e+00  +7.98842398e+02  +4.99456215e+00  +4.52016991e+00  +1.97514879e+03 
38             7.267462e+03    5.595678e+00    4.500000e-01    1               0.333333        5.000000e+00    +3.95801026e+00  +3.95628104e+00  +6.61474414e-01  -1.52243200e+00  +1.75695688e+00  +5.52891370e-01  +8.90978217e-01  +1.94643212e+00  +8.75907408e-02  +2.28672499e+00  +5.41286849e+00  +1.93917210e+00  +3.04580578e+00  +7.97996027e+02  +4.99443090e+00  +4.52010622e+00  +1.97932513e+03 
41             7.266682e+03    5.595052e+00    4.500000e-01    1               0.333333        3.000000e+00    +3.95755693e+00  +3.95700622e+00  +6.64449971e-01  -1.52342873e+00  +1.74433992e+00  +5.54232405e-01  +8.88910652e-01  +1.94640021e+00  +8.75589760e-02  +2.28898286e+00  +5.40811317e+00  +1.93866430e+00  +3.04572884e+00  +7.97874246e+02  +4.99436821e+00  +4.52000217e+00  +1.97923207e+03 
42             7.265833e+03    5.598067e+00    4.500000e-01    1               0.348837        1.000000e+00    +3.95734274e+00  +3.95606557e+00  +6.60621673e-01  -1.51980082e+00  +1.75596142e+00  +5.54251301e-01  +8.88547189e-01  +1.92754357e+00  +9.00029341e-02  +2.26495483e+00  +5.38505777e+00  +1.93877214e+00  +3.04637814e+00  +7.98320214e+02  +4.99442981e+00  +4.51970048e+00  +1.96980163e+03 
48             7.267464e+03    5.596446e+00    4.500000e-01    1               0.326531        6.000000e+00    +3.95734067e+00  +3.95670070e+00  +6.60754114e-01  -1.51378793e+00  +1.74677001e+00  +5.53818183e-01  +8.88393485e-01  +1.92574404e+00  +8.90368102e-02  +2.27454457e+00  +5.39273051e+00  +1.93867941e+00  +3.04640784e+00  +7.98178900e+02  +4.99443209e+00  +4.51976446e+00  +1.97275458e+03 
51             7.264219e+03    5.591750e+00    4.500000e-01    1               0.326923        3.000000e+00    +3.95866371e+00  +3.95707022e+00  +6.55576697e-01  -1.52035476e+00  +1.76870767e+00  +5.53156682e-01  +8.91304326e-01  +1.91829045e+00  +8.97243841e-02  +2.26269672e+00  +5.39550397e+00  +1.93857862e+00  +3.04637310e+00  +7.99180825e+02  +4.99432034e+00  +4.51959044e+00  +1.96911929e+03 
52             7.263970e+03    5.587781e+00    4.500000e-01    1               0.339623        1.000000e+00    +3.95974193e+00  +3.95734317e+00  +6.60060726e-01  -1.53644237e+00  +1.75333179e+00  +5.55778812e-01  +8.90401486e-01  +1.94818499e+00  +8.84993584e-02  +2.27793010e+00  +5.40931500e+00  +1.93870471e+00  +3.04613360e+00  +7.98237153e+02  +4.99420833e+00  +4.51973290e+00  +1.97591887e+03 
53             7.261356e+03    5.584742e+00    4.500000e-01    1               0.351852        1.000000e+00    +3.96059838e+00  +3.95746815e+00  +6.58706887e-01  -1.53658352e+00  +1.76254635e+00  +5.54958926e-01  +8.92699665e-01  +1.93462202e+00  +8.91196301e-02  +2.27049225e+00  +5.40570234e+00  +1.93889434e+00  +3.04594905e+00  +7.99125637e+02  +4.99415316e+00  +4.51965062e+00  +1.97250202e+03 
54             7.262439e+03    5.586768e+00    4.500000e-01    1               0.363636        1.000000e+00    +3.96044016e+00  +3.95690263e+00  +6.64824720e-01  -1.52721277e+00  +1.74759922e+00  +5.56259773e-01  +8.92314656e-01  +1.95388098e+00  +8.68853103e-02  +2.29135484e+00  +5.41348837e+00  +1.93904585e+00  +3.04600133e+00  +7.98915467e+02  +4.99413582e+00  +4.51988794e+00  +1.97897812e+03 
56             7.259905e+03    5.588584e+00    4.500000e-01    1               0.368421        2.000000e+00    +3.95952084e+00  +3.95729689e+00  +6.70186430e-01  -1.52297050e+00  +1.72470913e+00  +5.57562656e-01  +8.90198140e-01  +1.97014756e+00  +8.57544623e-02  +2.30393962e+00  +5.41643587e+00  +1.93911684e+00  +3.04590462e+00  +7.97787958e+02  +4.99427643e+00  +4.52004920e+00  +1.98275831e+03 
60             7.261003e+03    5.590884e+00    4.500000e-01    1               0.360656        4.000000e+00    +3.95797393e+00  +3.95810378e+00  +6.71829152e-01  -1.52961013e+00  +1.71582325e+00  +5.58012990e-01  +8.87220326e-01  +1.98310199e+00  +8.53049593e-02  +2.30863798e+00  +5.42360868e+00  +1.93921949e+00  +3.04583899e+00  +7.97188692e+02  +4.99438971e+00  +4.52022354e+00  +1.98507264e+03 
64             7.260675e+03    5.589480e+00    4.500000e-01    1               0.353846        4.000000e+00    +3.95915331e+00  +3.95737633e+00  +6.77298641e-01  -1.52849713e+00  +1.70825862e+00  +5.59449442e-01  +8.90234640e-01  +1.98818822e+00  +8.53247857e-02  +2.30925310e+00  +5.42360450e+00  +1.93921895e+00  +3.04565922e+00  +7.97915363e+02  +4.99428805e+00  +4.52016909e+00  +1.98596252e+03 
65             7.259531e+03    5.589025e+00    4.500000e-01    1               0.363636        1.000000e+00    +3.95870590e+00  +3.95801937e+00  +6.69650250e-01  -1.52550601e+00  +1.72935594e+00  +5.59339160e-01  +8.88936990e-01  +1.98200132e+00  +8.68983187e-02  +2.29234002e+00  +5.40851050e+00  +1.93916608e+00  +3.04555505e+00  +7.97642197e+02  +4.99413545e+00  +4.51988120e+00  +1.98062176e+03 
66             7.260311e+03    5.584784e+00    4.500000e-01    1               0.373134        1.000000e+00    +3.95984309e+00  +3.95830699e+00  +6.75177566e-01  -1.51918639e+00  +1.72555295e+00  +5.58865493e-01  +8.90030894e-01  +1.97755922e+00  +8.67382714e-02  +2.29431349e+00  +5.41023152e+00  +1.93947609e+00  +3.04560883e+00  +7.98366832e+02  +4.99419448e+00  +4.51992683e+00  +1.97864055e+03 
67             7.264120e+03    5.591114e+00    4.500000e-01    1               0.382353        1.000000e+00    +3.95827703e+00  +3.95771497e+00  +6.68315151e-01  -1.53914655e+00  +1.73642914e+00  +5.59456045e-01  +8.86861734e-01  +1.97901980e+00  +8.79046448e-02  +2.28212092e+00  +5.39709352e+00  +1.93906587e+00  +3.04582804e+00  +7.97338408e+02  +4.99418026e+00  +4.52011853e+00  +1.97652445e+03 
68             7.265485e+03    5.594457e+00    4.500000e-01    1               0.391304        1.000000e+00    +3.95830898e+00  +3.95642737e+00  +6.70731622e-01  -1.53335608e+00  +1.73783024e+00  +5.59324199e-01  +8.89201021e-01  +1.97657213e+00  +8.80472728e-02  +2.28096376e+00  +5.39682791e+00  +1.93897849e+00  +3.04587540e+00  +7.98246160e+02  +4.99417563e+00  +4.51995529e+00  +1.97504722e+03 
69             7.266982e+03    5.594317e+00    4.500000e-01    1               0.400000        1.000000e+00    +3.95796631e+00  +3.95685471e+00  +6.68673868e-01  -1.52866827e+00  +1.74685775e+00  +5.57902993e-01  +8.89340111e-01  +1.96798793e+00  +8.84486418e-02  +2.27839542e+00  +5.39772206e+00  +1.93895354e+00  +3.04583393e+00  +7.98730852e+02  +4.99426545e+00  +4.51991546e+00  +1.97322234e+03 
70             7.266059e+03    5.594874e+00    4.500000e-01    1               0.408451        1.000000e+00    +3.95710727e+00  +3.95752373e+00  +6.73579035e-01  -1.53273373e+00  +1.72868279e+00  +5.57496846e-01  +8.86564273e-01  +1.97654632e+00  +8.66851466e-02  +2.29489364e+00  +5.41350381e+00  +1.93905088e+00  +3.04616022e+00  +7.97843712e+02  +4.99460869e+00  +4.52004371e+00  +1.97909272e+03 
73             7.265160e+03    5.585464e+00    4.500000e-01    1               0.405405        3.000000e+00    +3.95845470e+00  +3.95948352e+00  +6.72541780e-01  -1.53818977e+00  +1.73646610e+00  +5.58513125e-01  +8.88153617e-01  +1.99344619e+00  +8.65608584e-02  +2.29812996e+00  +5.42130152e+00  +1.93901964e+00  +3.04607143e+00  +7.98244242e+02  +4.99440408e+00  +4.51987318e+00  +1.98242440e+03 
77             7.265688e+03    5.591788e+00    4.500000e-01    1               0.397436        4.000000e+00    +3.95815835e+00  +3.95759301e+00  +6.72515074e-01  -1.54342252e+00  +1.73888296e+00  +5.57753589e-01  +8.85151257e-01  +1.98436669e+00  +8.72960019e-02  +2.29631148e+00  +5.41159886e+00  +1.93879345e+00  +3.04623913e+00  +7.97832077e+02  +4.99425495e+00  +4.52003157e+00  +1.97989592e+03 
81             7.264052e+03    5.586488e+00    4.500000e-01    1               0.390244        4.000000e+00    +3.95885606e+00  +3.95874892e+00  +6.73660922e-01  -1.55322657e+00  +1.73616891e+00  +5.56882786e-01  +8.82881340e-01  +1.98376515e+00  +8.62980784e-02  +2.30736551e+00  +5.41977419e+00  +1.93865453e+00  +3.04652576e+00  +7.96526763e+02  +4.99449747e+00  +4.52015003e+00  +1.98297866e+03 
87             7.264886e+03    5.585260e+00    4.500000e-01    1               0.375000        6.000000e+00    +3.95827419e+00  +3.95971919e+00  +6.74705834e-01  -1.54863115e+00  +1.73562515e+00  +5.55943803e-01  +8.81581849e-01  +1.97832653e+00  +8.66978769e-02  +2.30437486e+00  +5.41787892e+00  +1.93869839e+00  +3.04656580e+00  +7.96450146e+02  +4.99456036e+00  +4.52019309e+00  +1.98149405e+03 
89             7.265859e+03    5.587134e+00    4.500000e-01    1               0.377778        2.000000e+00    +3.95768461e+00  +3.95964844e+00  +6.73663011e-01  -1.55260681e+00  +1.74057000e+00  +5.55554613e-01  +8.82750520e-01  +1.97640125e+00  +8.69720359e-02  +2.29880329e+00  +5.41955591e+00  +1.93854252e+00  +3.04638848e+00  +7.97050869e+02  +4.99454147e+00  +4.52003764e+00  +1.97979299e+03 
90             7.269744e+03    5.587394e+00    4.500000e-01    1               0.384615        1.000000e+00    +3.95725840e+00  +3.95994064e+00  +6.71724744e-01  -1.53563408e+00  +1.75494258e+00  +5.54024812e-01  +8.84441077e-01  +1.95993048e+00  +8.80731868e-02  +2.28886736e+00  +5.40964695e+00  +1.93865082e+00  +3.04624270e+00  +7.98373390e+02  +4.99469678e+00  +4.52002991e+00  +1.97519264e+03 
92             7.268789e+03    5.585034e+00    4.500000e-01    1               0.387097        2.000000e+00    +3.95836091e+00  +3.95971203e+00  +6.75835018e-01  -1.54027505e+00  +1.74063103e+00  +5.54938000e-01  +8.85195400e-01  +1.96546820e+00  +8.72771593e-02  +2.29877910e+00  +5.41595053e+00  +1.93850879e+00  +3.04631522e+00  +7.98327141e+02  +4.99469871e+00  +4.51991362e+00  +1.97815298e+03 
93             7.266978e+03    5.584749e+00    4.500000e-01    1               0.393617        1.000000e+00    +3.95889124e+00  +3.95929935e+00  +6.71837948e-01  -1.53311857e+00  +1.75966139e+00  +5.53358488e-01  +8.86194623e-01  +1.94977438e+00  +8.82482644e-02  +2.29370342e+00  +5.40612063e+00  +1.93821546e+00  +3.04643444e+00  +7.98795748e+02  +4.99467936e+00  +4.51998761e+00  +1.97510785e+03 
94             7.264507e+03    5.588260e+00    4.500000e-01    1               0.400000        1.000000e+00    +3.95884202e+00  +3.95814861e+00  +6.67752398e-01  -1.53477801e+00  +1.78026170e+00  +5.52509314e-01  +8.86899909e-01  +1.93799513e+00  +8.96618152e-02  +2.27826354e+00  +5.39752053e+00  +1.93793876e+00  +3.04640739e+00  +7.99159422e+02  +4.99468188e+00  +4.52006802e+00  +1.96966232e+03 
95             7.267437e+03    5.588582e+00    4.500000e-01    1               0.406250        1.000000e+00    +3.95874071e+00  +3.95814002e+00  +6.70685411e-01  -1.51791268e+00  +1.77557840e+00  +5.52110931e-01  +8.89423910e-01  +1.92698225e+00  +8.96737919e-02  +2.27622442e+00  +5.39198130e+00  +1.93803272e+00  +3.04640289e+00  +8.00186958e+02  +4.99499520e+00  +4.52000927e+00  +1.96873185e+03 
96             7.267464e+03    5.589381e+00    4.500000e-01    1               0.412371        1.000000e+00    +3.95896564e+00  +3.95761669e+00  +6.72069538e-01  -1.50692801e+00  +1.78000129e+00  +5.49327516e-01  +8.90098762e-01  +1.90122388e+00  +8.91436511e-02  +2.27395165e+00  +5.39193131e+00  +1.93781205e+00  +3.04666005e+00  +8.01256124e+02  +4.99522546e+00  +4.51992797e+00  +1.96597889e+03 
98             7.269518e+03    5.589412e+00    4.500000e-01    1               0.414141        2.000000e+00    +3.95900310e+00  +3.95756520e+00  +6.77269929e-01  -1.49953949e+00  +1.75622906e+00  +5.49401851e-01  +8.92779780e-01  +1.90454655e+00  +8.74061690e-02  +2.28482551e+00  +5.41046246e+00  +1.93792551e+00  +3.04633431e+00  +8.02475885e+02  +4.99533882e+00  +4.51979270e+00  +1.96887282e+03 
99             7.271442e+03    5.589598e+00    4.500000e-01    1               0.420000        1.000000e+00    +3.95853262e+00  +3.95799488e+00  +6.79000050e-01  -1.50246028e+00  +1.74853833e+00  +5.49623209e-01  +8.90988098e-01  +1.91381758e+00  +8.68589607e-02  +2.29412206e+00  +5.41991376e+00  +1.93833795e+00  +3.04635750e+00  +8.02003734e+02  +4.99536378e+00  +4.51981415e+00  +1.97141627e+03 
103            7.271421e+03    5.588393e+00    4.500000e-01    1               0.413462        4.000000e+00    +3.95874015e+00  +3.95820713e+00  +6.79996699e-01  -1.50907250e+00  +1.74138419e+00  +5.51047030e-01  +8.91412384e-01  +1.92299509e+00  +8.62529433e-02  +2.29861940e+00  +5.42033744e+00  +1.93858221e+00  +3.04639961e+00  +8.01571773e+02  +4.99547906e+00  +4.51966458e+00  +1.97388182e+03 
109            7.270107e+03    5.592247e+00    4.500000e-01    1               0.400000        6.000000e+00    +3.95783082e+00  +3.95776011e+00  +6.81970475e-01  -1.50836974e+00  +1.73621119e+00  +5.50512421e-01  +8.91519909e-01  +1.91958106e+00  +8.58133099e-02  +2.30025716e+00  +5.42129279e+00  +1.93844203e+00  +3.04664273e+00  +8.01935676e+02  +4.99551538e+00  +4.51965733e+00  +1.97503879e+03 
110            7.272867e+03    5.596185e+00    4.500000e-01    1               0.405405        1.000000e+00    +3.95590244e+00  +3.95816782e+00  +6.81025806e-01  -1.49902330e+00  +1.73842836e+00  +5.48967693e-01  +8.90898024e-01  +1.90937310e+00  +8.66436799e-02  +2.29418834e+00  +5.41612960e+00  +1.93869024e+00  +3.04642053e+00  +8.02933329e+02  +4.99564247e+00  +4.52001033e+00  +1.97467525e+03 
114            7.272092e+03    5.594660e+00    4.500000e-01    1               0.400000        4.000000e+00    +3.95600496e+00  +3.95860963e+00  +6.83162244e-01  -1.49074461e+00  +1.73385667e+00  +5.49265904e-01  +8.90713539e-01  +1.90778887e+00  +8.64464307e-02  +2.29797093e+00  +5.40868682e+00  +1.93887361e+00  +3.04660424e+00  +8.03175477e+02  +4.99564553e+00  +4.52003250e+00  +1.97388456e+03 
119            7.268611e+03    5.593631e+00    4.500000e-01    1               0.391667        5.000000e+00    +3.95601590e+00  +3.95895085e+00  +6.78562517e-01  -1.48081181e+00  +1.75183545e+00  +5.48066306e-01  +8.91636654e-01  +1.88736867e+00  +8.81267054e-02  +2.28210569e+00  +5.39473569e+00  +1.93889165e+00  +3.04687870e+00  +8.03356553e+02  +4.99573665e+00  +4.52001308e+00  +1.96779912e+03 
120            7.268578e+03    5.594961e+00    4.500000e-01    1               0.396694        1.000000e+00    +3.95558708e+00  +3.95885930e+00  +6.80467046e-01  -1.48260370e+00  +1.74748429e+00  +5.49173990e-01  +8.93888364e-01  +1.88965438e+00  +8.77923968e-02  +2.28476836e+00  +5.39489379e+00  +1.93862829e+00  +3.04687933e+00  +8.03940491e+02  +4.99572341e+00  +4.51970605e+00  +1.96966049e+03 
122            7.268906e+03    5.590722e+00    4.500000e-01    1               0.398374        2.000000e+00    +3.95580488e+00  +3.96007711e+00  +6.85676589e-01  -1.48165338e+00  +1.73393189e+00  +5.50300591e-01  +8.92906596e-01  +1.90462207e+00  +8.69382537e-02  +2.29594976e+00  +5.39900293e+00  +1.93879263e+00  +3.04707669e+00  +8.03679521e+02  +4.99581927e+00  +4.51974959e+00  +1.97399519e+03 
123            7.268911e+03    5.591610e+00    4.500000e-01    1               0.403226        1.000000e+00    +3.95611994e+00  +3.95953609e+00  +6.82762385e-01  -1.49166795e+00  +1.74522523e+00  +5.50423030e-01  +8.92354903e-01  +1.90709683e+00  +8.72284380e-02  +2.29259876e+00  +5.39888713e+00  +1.93866774e+00  +3.04705291e+00  +8.03615844e+02  +4.99570162e+00  +4.51988042e+00  +1.97388964e+03 
126            7.270504e+03    5.589169e+00    4.500000e-01    1               0.401575        3.000000e+00    +3.95815481e+00  +3.95852476e+00  +6.85440720e-01  -1.48312015e+00  +1.73695341e+00  +5.49313954e-01  +8.95323787e-01  +1.89394089e+00  +8.67170701e-02  +2.29771296e+00  +5.40910855e+00  +1.93803291e+00  +3.04686644e+00  +8.04895823e+02  +4.99553853e+00  +4.51993011e+00  +1.97501940e+03 
128            7.271117e+03    5.587227e+00    4.500000e-01    1               0.403101        2.000000e+00    +3.95845044e+00  +3.95889990e+00  +6.88727116e-01  -1.48881542e+00  +1.72831064e+00  +5.50414197e-01  +8.93963764e-01  +1.91353421e+00  +8.56046497e-02  +2.30760658e+00  +5.42235383e+00  +1.93781239e+00  +3.04657993e+00  +8.04546900e+02  +4.99528655e+00  +4.51990191e+00  +1.97966624e+03 
130            7.271172e+03    5.591309e+00    4.500000e-01    1               0.404580        2.000000e+00    +3.95765177e+00  +3.95826987e+00  +6.83603889e-01  -1.49419140e+00  +1.74440635e+00  +5.51152217e-01  +8.91570554e-01  +1.91999452e+00  +8.68239804e-02  +2.29646221e+00  +5.40970189e+00  +1.93795051e+00  +3.04669359e+00  +8.03816423e+02  +4.99521730e+00  +4.52001113e+00  +1.97650392e+03 
131            7.269090e+03    5.590014e+00    4.500000e-01    1               0.409091        1.000000e+00    +3.95790698e+00  +3.95847402e+00  +6.78170529e-01  -1.49943509e+00  +1.75639816e+00  +5.51089785e-01  +8.91739913e-01  +1.91539844e+00  +8.82612256e-02  +2.27755033e+00  +5.39986450e+00  +1.93766975e+00  +3.04670127e+00  +8.03844828e+02  +4.99509532e+00  +4.51991845e+00  +1.97132523e+03 
132            7.268953e+03    5.588136e+00    4.500000e-01    1               0.413534        1.000000e+00    +3.95854512e+00  +3.95849479e+00  +6.80091459e-01  -1.49469913e+00  +1.74176313e+00  +5.51612827e-01  +8.90939472e-01  +1.91745002e+00  +8.74353868e-02  +2.28841594e+00  +5.39824677e+00  +1.93763783e+00  +3.04695516e+00  +8.02897274e+02  +4.99523754e+00  +4.51973417e+00  +1.97405270e+03 
140            7.270307e+03    5.587873e+00    4.500000e-01    1               0.397163        8.000000e+00    +3.95907475e+00  +3.95804176e+00  +6.80711791e-01  -1.49597344e+00  +1.74146648e+00  +5.51185163e-01  +8.91330801e-01  +1.91700254e+00  +8.73828725e-02  +2.28673916e+00  +5.40212915e+00  +1.93779153e+00  +3.04675077e+00  +8.02426823e+02  +4.99517098e+00  +4.51986112e+00  +1.97332588e+03 
141            7.269190e+03    5.584825e+00    4.500000e-01    1               0.401408        1.000000e+00    +3.95985397e+00  +3.95828084e+00  +6.80734721e-01  -1.49112016e+00  +1.73420492e+00  +5.51913523e-01  +8.91685323e-01  +1.91552309e+00  +8.73336056e-02  +2.28617529e+00  +5.40087090e+00  +1.93774869e+00  +3.04668565e+00  +8.02463920e+02  +4.99515847e+00  +4.51973913e+00  +1.97275877e+03 
147            7.268513e+03    5.581746e+00    4.500000e-01    1               0.391892        6.000000e+00    +3.96029824e+00  +3.95886141e+00  +6.78069983e-01  -1.49602496e+00  +1.74212334e+00  +5.52370594e-01  +8.89300899e-01  +1.91583350e+00  +8.83855787e-02  +2.28039664e+00  +5.39584290e+00  +1.93788225e+00  +3.04660219e+00  +8.01203283e+02  +4.99507921e+00  +4.51968796e+00  +1.97021170e+03 
148            7.266586e+03    5.584469e+00    4.500000e-01    1               0.395973        1.000000e+00    +3.95944090e+00  +3.95884075e+00  +6.72928295e-01  -1.50772662e+00  +1.75514204e+00  +5.52513698e-01  +8.88837983e-01  +1.91910590e+00  +8.91553836e-02  +2.27251386e+00  +5.39096238e+00  +1.93778187e+00  +3.04673234e+00  +8.00426653e+02  +4.99500374e+00  +4.51988973e+00  +1.96933765e+03 
149            7.267086e+03    5.584937e+00    4.500000e-01    1               0.400000        1.000000e+00    +3.96014677e+00  +3.95791742e+00  +6.72023847e-01  -1.50605636e+00  +1.76368115e+00  +5.52324761e-01  +8.89312235e-01  +1.91823529e+00  +8.91328187e-02  +2.27364510e+00  +5.38415876e+00  +1.93782269e+00  +3.04660619e+00  +8.00629975e+02  +4.99505552e+00  +4.51998220e+00  +1.96853708e+03 
150            7.267487e+03    5.581173e+00    4.500000e-01    1               0.403974        1.000000e+00    +3.96052382e+00  +3.95881183e+00  +6.71211738e-01  -1.50696852e+00  +1.76889959e+00  +5.51292656e-01  +8.88006434e-01  +1.91424154e+00  +8.95230969e-02  +2.26928044e+00  +5.38168863e+00  +1.93799057e+00  +3.04642309e+00  +8.00630900e+02  +4.99515661e+00  +4.51993577e+00  +1.96739335e+03 
152            7.267400e+03    5.585699e+00    4.500000e-01    1               0.405229        2.000000e+00    +3.95940691e+00  +3.95845412e+00  +6.74400838e-01  -1.51602521e+00  +1.75406049e+00  +5.53121198e-01  +8.86166080e-01  +1.91775965e+00  +8.94038423e-02  +2.27405369e+00  +5.38616953e+00  +1.93807060e+00  +3.04668134e+00  +7.99655060e+02  +4.99499672e+00  +4.52007987e+00  +1.96936252e+03 
153            7.268739e+03    5.586407e+00    4.500000e-01    1               0.409091        1.000000e+00    +3.95939554e+00  +3.95821884e+00  +6.76412048e-01  -1.51730574e+00  +1.74298062e+00  +5.53206799e-01  +8.84129725e-01  +1.91791724e+00  +8.90642177e-02  +2.28169975e+00  +5.38840004e+00  +1.93788053e+00  +3.04635162e+00  +7.99462770e+02  +4.99486939e+00  +4.51998336e+00  +1.97153010e+03 
156            7.269425e+03    5.582897e+00    4.500000e-01    1               0.407643        3.000000e+00    +3.95999332e+00  +3.95879670e+00  +6.79021502e-01  -1.51285689e+00  +1.73680802e+00  +5.52387654e-01  +8.85627984e-01  +1.91062790e+00  +8.84923592e-02  +2.28754766e+00  +5.38843353e+00  +1.93779070e+00  +3.04636236e+00  +8.00103007e+02  +4.99508571e+00  +4.52011822e+00  +1.97244475e+03 
158            7.269105e+03    5.583730e+00    4.500000e-01    1               0.408805        2.000000e+00    +3.95953126e+00  +3.95899757e+00  +6.77894453e-01  -1.50881551e+00  +1.74156022e+00  +5.50941896e-01  +8.85777956e-01  +1.90335546e+00  +8.80922097e-02  +2.29072304e+00  +5.39197251e+00  +1.93762917e+00  +3.04639613e+00  +8.00496768e+02  +4.99528216e+00  +4.52018507e+00  +1.97341495e+03 
160            7.270438e+03    5.586695e+00    4.500000e-01    1               0.409938        2.000000e+00    +3.95834025e+00  +3.95918515e+00  +6.77607740e-01  -1.50512571e+00  +1.74270019e+00  +5.51256944e-01  +8.85507845e-01  +1.90689031e+00  +8.79064010e-02  +2.29501489e+00  +5.39282400e+00  +1.93777066e+00  +3.04644719e+00  +8.00257609e+02  +4.99529309e+00  +4.52015761e+00  +1.97455901e+03 
162            7.270139e+03    5.588479e+00    4.500000e-01    1               0.411043        2.000000e+00    +3.95868271e+00  +3.95823610e+00  +6.75046980e-01  -1.51034718e+00  +1.74313054e+00  +5.50640984e-01  +8.85885951e-01  +1.89429225e+00  +8.80311389e-02  +2.29135665e+00  +5.39391253e+00  +1.93778638e+00  +3.04654536e+00  +8.00389803e+02  +4.99524701e+00  +4.52016716e+00  +1.97330813e+03 
163            7.269224e+03    5.582361e+00    4.500000e-01    1               0.414634        1.000000e+00    +3.95915451e+00  +3.95982451e+00  +6.74912170e-01  -1.51520984e+00  +1.74406974e+00  +5.50422444e-01  +8.85054993e-01  +1.89421144e+00  +8.80743199e-02  +2.29292611e+00  +5.39417210e+00  +1.93793163e+00  +3.04618078e+00  +8.00137293e+02  +4.99508895e+00  +4.52031174e+00  +1.97398090e+03 
164            7.270087e+03    5.586264e+00    4.500000e-01    1               0.418182        1.000000e+00    +3.95802681e+00  +3.95962098e+00  +6.72062634e-01  -1.51350172e+00  +1.74589146e+00  +5.50330461e-01  +8.84615502e-01  +1.88905946e+00  +8.87968250e-02  +2.28664533e+00  +5.38416464e+00  +1.93799001e+00  +3.04621649e+00  +8.00175256e+02  +4.99504191e+00  +4.52027737e+00  +1.97339809e+03 
165            7.268642e+03    5.588338e+00    4.500000e-01    1               0.421687        1.000000e+00    +3.95805723e+00  +3.95890326e+00  +6.65133140e-01  -1.51460932e+00  +1.76931379e+00  +5.49719360e-01  +8.85201284e-01  +1.88621590e+00  +8.96373565e-02  +2.27641147e+00  +5.37176105e+00  +1.93810963e+00  +3.04627280e+00  +8.00118902e+02  +4.99497168e+00  +4.52026521e+00  +1.97123657e+03 
169            7.269567e+03    5.593670e+00    4.500000e-01    1               0.417647        4.000000e+00    +3.95651601e+00  +3.95850319e+00  +6.63294802e-01  -1.52553092e+00  +1.76617798e+00  +5.52209109e-01  +8.82500541e-01  +1.90928814e+00  +8.97553651e-02  +2.27412725e+00  +5.36219549e+00  +1.93859375e+00  +3.04632947e+00  +7.99429356e+02  +4.99477064e+00  +4.52049243e+00  +1.97195832e+03 
171            7.269824e+03    5.592364e+00    4.500000e-01    1               0.418605        2.000000e+00    +3.95716097e+00  +3.95836745e+00  +6.70620056e-01  -1.52427500e+00  +1.74689141e+00  +5.53877551e-01  +8.83020505e-01  +1.92770459e+00  +8.79181764e-02  +2.29478836e+00  +5.37085054e+00  +1.93889835e+00  +3.04620877e+00  +7.98823319e+02  +4.99494443e+00  +4.52058131e+00  +1.97940398e+03 
172            7.268822e+03    5.589002e+00    4.500000e-01    1               0.421965        1.000000e+00    +3.95727288e+00  +3.95940468e+00  +6.66223839e-01  -1.51724262e+00  +1.76785305e+00  +5.51870532e-01  +8.84401256e-01  +1.91225476e+00  +8.93705203e-02  +2.28027850e+00  +5.35801833e+00  +1.93884921e+00  +3.04642610e+00  +7.99275368e+02  +4.99500282e+00  +4.52064642e+00  +1.97566746e+03 
173            7.268154e+03    5.590155e+00    4.500000e-01    1               0.425287        1.000000e+00    +3.95749173e+00  +3.95881961e+00  +6.64900049e-01  -1.51252455e+00  +1.78113200e+00  +5.49411416e-01  +8.86038008e-01  +1.89439119e+00  +9.01670157e-02  +2.27330559e+00  +5.35848628e+00  +1.93880138e+00  +3.04648385e+00  +8.00004103e+02  +4.99513596e+00  +4.52062316e+00  +1.97326203e+03 
174            7.267377e+03    5.583005e+00    4.500000e-01    1               0.428571        1.000000e+00    +3.95900034e+00  +3.95976480e+00  +6.66276643e-01  -1.49807302e+00  +1.77666282e+00  +5.48900727e-01  +8.87371871e-01  +1.88187681e+00  +8.99294009e-02  +2.27530832e+00  +5.35398428e+00  +1.93861057e+00  +3.04655254e+00  +8.00392161e+02  +4.99527505e+00  +4.52063387e+00  +1.97341137e+03 
176            7.269586e+03    5.588568e+00    4.500000e-01    1               0.429379        2.000000e+00    +3.95849694e+00  +3.95839343e+00  +6.69159436e-01  -1.50963571e+00  +1.75336399e+00  +5.50915121e-01  +8.86976507e-01  +1.89457888e+00  +8.87633210e-02  +2.28369200e+00  +5.36332085e+00  +1.93862773e+00  +3.04653304e+00  +7.99525676e+02  +4.99511744e+00  +4.52073574e+00  +1.97745777e+03 
177            7.269644e+03    5.586130e+00    4.500000e-01    1               0.432584        1.000000e+00    +3.95826159e+00  +3.95944683e+00  +6.71405024e-01  -1.50284199e+00  +1.75660777e+00  +5.50168269e-01  +8.89157481e-01  +1.88537602e+00  +8.92759684e-02  +2.28238548e+00  +5.36197425e+00  +1.93846998e+00  +3.04640403e+00  +8.00578603e+02  +4.99520596e+00  +4.52048649e+00  +1.97663148e+03 
178            7.271135e+03    5.589580e+00    4.500000e-01    1               0.435754        1.000000e+00    +3.95748883e+00  +3.95901679e+00  +6.73161375e-01  -1.49577709e+00  +1.74942677e+00  +5.51395456e-01  +8.90557165e-01  +1.89312158e+00  +8.92761286e-02  +2.28524083e+00  +5.35800121e+00  +1.93849024e+00  +3.04630896e+00  +8.00419288e+02  +4.99528039e+00  +4.52044687e+00  +1.97863886e+03 
179            7.270174e+03    5.592625e+00    4.500000e-01    1               0.438889        1.000000e+00    +3.95691711e+00  +3.95850230e+00  +6.71060996e-01  -1.50162296e+00  +1.75379294e+00  +5.51369281e-01  +8.88986647e-01  +1.88760659e+00  +8.96229445e-02  +2.27908142e+00  +5.35143496e+00  +1.93847997e+00  +3.04670375e+00  +8.00191646e+02  +4.99531998e+00  +4.52055027e+00  +1.97715509e+03 
180            7.271168e+03    5.587593e+00    4.500000e-01    1               0.441989        1.000000e+00    +3.95688846e+00  +3.96019207e+00  +6.76598574e-01  -1.48999823e+00  +1.72984862e+00  +5.52320849e-01  +8.89800444e-01  +1.88954373e+00  +8.92853071e-02  +2.28111909e+00  +5.35044810e+00  +1.93871492e+00  +3.04633643e+00  +8.00749556e+02  +4.99525590e+00  +4.52034913e+00  +1.97776101e+03 
183            7.271203e+03    5.583314e+00    4.500000e-01    1               0.440217        3.000000e+00    +3.95800252e+00  +3.96058183e+00  +6.78490413e-01  -1.49607831e+00  +1.72640966e+00  +5.51391657e-01  +8.90555412e-01  +1.89054894e+00  +8.82736469e-02  +2.28709488e+00  +5.36121252e+00  +1.93870619e+00  +3.04614567e+00  +8.01071345e+02  +4.99521521e+00  +4.52040594e+00  +1.97871723e+03 
184            7.269692e+03    5.583626e+00    4.500000e-01    1               0.443243        1.000000e+00    +3.95790991e+00  +3.96056574e+00  +6.75818835e-01  -1.50484304e+00  +1.74099207e+00  +5.51458396e-01  +8.90967554e-01  +1.89530689e+00  +8.93520822e-02  +2.27935638e+00  +5.36896891e+00  +1.93906970e+00  +3.04605735e+00  +8.00618047e+02  +4.99517242e+00  +4.52033446e+00  +1.97804986e+03 
185            7.270789e+03    5.581489e+00    4.500000e-01    1               0.446237        1.000000e+00    +3.95863520e+00  +3.96058642e+00  +6.80363731e-01  -1.50993132e+00  +1.73466408e+00  +5.50726636e-01  +8.91909453e-01  +1.89525351e+00  +8.86019931e-02  +2.28466561e+00  +5.37239291e+00  +1.93877183e+00  +3.04565926e+00  +8.01524318e+02  +4.99533809e+00  +4.52025247e+00  +1.98035113e+03 
187            7.270619e+03    5.580553e+00    4.500000e-01    1               0.446809        2.000000e+00    +3.95925945e+00  +3.96030066e+00  +6.80899904e-01  -1.49449488e+00  +1.74014816e+00  +5.49423171e-01  +8.93853031e-01  +1.89172070e+00  +8.84807287e-02  +2.28619033e+00  +5.37513213e+00  +1.93891673e+00  +3.04547490e+00  +8.02534186e+02  +4.99542332e+00  +4.52030330e+00  +1.97982583e+03 
195            7.270535e+03    5.585124e+00    4.500000e-01    1               0.433673        8.000000e+00    +3.95824906e+00  +3.95978670e+00  +6.81404358e-01  -1.49815338e+00  +1.73309512e+00  +5.49617413e-01  +8.94985209e-01  +1.89059863e+00  +8.82326105e-02  +2.28646011e+00  +5.37193189e+00  +1.93886292e+00  +3.04529348e+00  +8.03025024e+02  +4.99546017e+00  +4.52059786e+00  +1.97991937e+03 
196            7.268390e+03    5.586192e+00    4.500000e-01    1               0.436548        1.000000e+00    +3.95748616e+00  +3.96012725e+00  +6.84276083e-01  -1.50272369e+00  +1.71787392e+00  +5.51071119e-01  +8.95186491e-01  +1.90575462e+00  +8.71823723e-02  +2.29762418e+00  +5.38403969e+00  +1.93903889e+00  +3.04529083e+00  +8.03019315e+02  +4.99532951e+00  +4.52038061e+00  +1.98537299e+03 
197            7.271500e+03    5.589821e+00    4.500000e-01    1               0.439394        1.000000e+00    +3.95778943e+00  +3.95865352e+00  +6.79936609e-01  -1.50153487e+00  +1.73857485e+00  +5.50328543e-01  +8.95623633e-01  +1.90038270e+00  +8.76937041e-02  +2.28864929e+00  +5.37965217e+00  +1.93899712e+00  +3.04526927e+00  +8.03071512e+02  +4.99524755e+00  +4.52046101e+00  +1.98282043e+03 
205            7.271657e+03    5.593136e+00    4.500000e-01    1               0.427184        8.000000e+00    +3.95769460e+00  +3.95757520e+00  +6.83883173e-01  -1.50001100e+00  +1.72838981e+00  +5.49372039e-01  +8.96551758e-01  +1.90148284e+00  +8.67134350e-02  +2.29782182e+00  +5.39231347e+00  +1.93902626e+00  +3.04547572e+00  +8.03709583e+02  +4.99534169e+00  +4.52053625e+00  +1.98579066e+03 
206            7.271156e+03    5.596751e+00    4.500000e-01    1               0.429952        1.000000e+00    +3.95743030e+00  +3.95648943e+00  +6.75943570e-01  -1.49812320e+00  +1.75345729e+00  +5.48335584e-01  +8.98427145e-01  +1.88638978e+00  +8.82645010e-02  +2.28256614e+00  +5.37894100e+00  +1.93909117e+00  +3.04572796e+00  +8.04007430e+02  +4.99517634e+00  +4.52051760e+00  +1.98065446e+03 
209            7.269531e+03    5.595150e+00    4.500000e-01    1               0.428571        3.000000e+00    +3.95837476e+00  +3.95608012e+00  +6.74392211e-01  -1.49570060e+00  +1.75983231e+00  +5.47443517e-01  +8.98301933e-01  +1.88078789e+00  +8.89667077e-02  +2.28079101e+00  +5.38361731e+00  +1.93882616e+00  +3.04558971e+00  +8.04413093e+02  +4.99521295e+00  +4.52042635e+00  +1.98056042e+03 
210            7.270187e+03    5.593064e+00    4.500000e-01    1               0.431280        1.000000e+00    +3.95808292e+00  +3.95720210e+00  +6.74158271e-01  -1.49394039e+00  +1.75603436e+00  +5.47961565e-01  +8.96364634e-01  +1.88320326e+00  +8.90246966e-02  +2.28015479e+00  +5.38156990e+00  +1.93881745e+00  +3.04541419e+00  +8.04446782e+02  +4.99505422e+00  +4.52020363e+00  +1.98074483e+03 
212            7.270152e+03    5.593059e+00    4.500000e-01    1               0.431925        2.000000e+00    +3.95735608e+00  +3.95793705e+00  +6.74736902e-01  -1.48607969e+00  +1.75970072e+00  +5.47978926e-01  +8.97600388e-01  +1.87782260e+00  +8.92024912e-02  +2.27668527e+00  +5.37835565e+00  +1.93913519e+00  +3.04539975e+00  +8.05507301e+02  +4.99505386e+00  +4.52014574e+00  +1.97876694e+03 
213            7.271803e+03    5.595642e+00    4.500000e-01    1               0.434579        1.000000e+00    +3.95727445e+00  +3.95707339e+00  +6.74017556e-01  -1.48848106e+00  +1.76261499e+00  +5.45604547e-01  +8.97251011e-01  +1.86108891e+00  +8.86968824e-02  +2.27785246e+00  +5.38610366e+00  +1.93891769e+00  +3.04566740e+00  +8.05938539e+02  +4.99506912e+00  +4.52016259e+00  +1.97864509e+03 
214            7.271315e+03    5.597157e+00    4.500000e-01    1               0.437209        1.000000e+00    +3.95709972e+00  +3.95667691e+00  +6.74862134e-01  -1.48597395e+00  +1.76182013e+00  +5.45435206e-01  +8.97621433e-01  +1.85428235e+00  +8.86706858e-02  +2.27581620e+00  +5.38539877e+00  +1.93877027e+00  +3.04569136e+00  +8.06243172e+02  +4.99486154e+00  +4.52014955e+00  +1.97710536e+03 
216            7.271255e+03    5.596153e+00    4.500000e-01    1               0.437788        2.000000e+00    +3.95720066e+00  +3.95695600e+00  +6.76209012e-01  -1.48658724e+00  +1.76049137e+00  +5.45724477e-01  +8.97678804e-01  +1.85058337e+00  +8.87452376e-02  +2.27318188e+00  +5.38323997e+00  +1.93886245e+00  +3.04594595e+00  +8.06312938e+02  +4.99480364e+00  +4.52019779e+00  +1.97613107e+03 
221            7.271680e+03    5.594487e+00    4.500000e-01    1               0.432432        5.000000e+00    +3.95720208e+00  +3.95757226e+00  +6.79721108e-01  -1.47554877e+00  +1.74230822e+00  +5.45398458e-01  +8.97240424e-01  +1.84327434e+00  +8.76933161e-02  +2.28362311e+00  +5.38382712e+00  +1.93891347e+00  +3.04573723e+00  +8.06107017e+02  +4.99468679e+00  +4.52029491e+00  +1.97853695e+03 
244            7.270629e+03    5.598157e+00    4.500000e-01    1               0.395918        2.300000e+01    +3.95587122e+00  +3.95748788e+00  +6.79696257e-01  -1.47030515e+00  +1.73936526e+00  +5.44822107e-01  +8.97746961e-01  +1.82875668e+00  +8.79072635e-02  +2.27872307e+00  +5.38153409e+00  +1.93875451e+00  +3.04592331e+00  +8.05987954e+02  +4.99464481e+00  +4.52037380e+00  +1.97630735e+03 
245            7.268204e+03    5.599814e+00    4.500000e-01    1               0.398374        1.000000e+00    +3.95639596e+00  +3.95636106e+00  +6.78577366e-01  -1.45596472e+00  +1.74721266e+00  +5.44821456e-01  +8.98073462e-01  +1.81388625e+00  +8.92272561e-02  +2.26841590e+00  +5.36990113e+00  +1.93851875e+00  +3.04628422e+00  +8.07047225e+02  +4.99464071e+00  +4.52021069e+00  +1.97218683e+03 
246            7.268815e+03    5.600802e+00    4.500000e-01    1               0.400810        1.000000e+00    +3.95655586e+00  +3.95580383e+00  +6.81028136e-01  -1.45966542e+00  +1.73660515e+00  +5.45610715e-01  +8.97396886e-01  +1.82939655e+00  +8.88800779e-02  +2.27307261e+00  +5.37569056e+00  +1.93877197e+00  +3.04620001e+00  +8.06508838e+02  +4.99469718e+00  +4.52031912e+00  +1.97388634e+03 
260            7.268727e+03    5.599132e+00    4.500000e-01    1               0.383142        1.400000e+01    +3.95624201e+00  +3.95677589e+00  +6.78150567e-01  -1.47264755e+00  +1.74173059e+00  +5.46709565e-01  +8.97339606e-01  +1.84923100e+00  +8.85710866e-02  +2.27219790e+00  +5.38085002e+00  +1.93926653e+00  +3.04606780e+00  +8.06338585e+02  +4.99443763e+00  +4.52035295e+00  +1.97506486e+03 
