#iter           logP0016       logPprior       dS              accept          acceptance      weight          l0000p00spemd    l0000p01spemd    l0000p02spemd    l0000p03spemd    l0000p04spemd    l0000p06spemd    e00001lb01t03p02  e00001lb01t03p03  e00001lb01t03p04  e00001lb01t03p05  e00001lb01t03p06  e00001lb02t01p00  e00001lb02t01p01  e00001lb02t01p02  e00001lb03t01p00  e00001lb03t01p01  e00001lb03t01p02 
#pname          --------       ---------       --              ------          ----------      ------          x-coord          y-coord          b/a              theta            theta_e          gam              unknown          unknown          unknown          unknown          unknown          unknown          unknown          unknown          unknown          unknown          unknown         
1              7.276152e+03    5.605582e+00    3.500000e-01    1               0.500000        2.000000e+00    +3.95293100e+00  +3.95718900e+00  +6.65415000e-01  -1.25667000e+00  +1.72219700e+00  +5.93051000e-01  +9.13634000e-01  +2.12865000e+00  +1.12161000e-01  +1.94502500e+00  +5.06250800e+00  +1.93807100e+00  +3.04589200e+00  +8.01568389e+02  +4.99475000e+00  +4.52046200e+00  +1.97137753e+03 
3              7.275219e+03    5.606189e+00    3.500000e-01    1               0.500000        2.000000e+00    +3.95293438e+00  +3.95695894e+00  +6.64851992e-01  -1.25894817e+00  +1.74156351e+00  +5.92292234e-01  +9.10096023e-01  +2.12486822e+00  +1.12701839e-01  +1.93571248e+00  +5.06967516e+00  +1.93837219e+00  +3.04588826e+00  +8.02485804e+02  +4.99466501e+00  +4.52050472e+00  +1.96996027e+03 
4              7.276215e+03    5.606784e+00    3.500000e-01    1               0.600000        1.000000e+00    +3.95353554e+00  +3.95625055e+00  +6.65760927e-01  -1.27274245e+00  +1.74975271e+00  +5.92705059e-01  +9.09070036e-01  +2.12776002e+00  +1.12361601e-01  +1.94148738e+00  +5.06373217e+00  +1.93845169e+00  +3.04586959e+00  +8.02570430e+02  +4.99470711e+00  +4.52027913e+00  +1.96926915e+03 
5              7.276327e+03    5.606544e+00    3.500000e-01    1               0.666667        1.000000e+00    +3.95426945e+00  +3.95570830e+00  +6.67907460e-01  -1.27718169e+00  +1.75343465e+00  +5.92708935e-01  +9.08146810e-01  +2.13432179e+00  +1.12312365e-01  +1.94433798e+00  +5.06104298e+00  +1.93861516e+00  +3.04590214e+00  +8.02362983e+02  +4.99470976e+00  +4.52031765e+00  +1.96887119e+03 
6              7.276022e+03    5.608261e+00    3.500000e-01    1               0.714286        1.000000e+00    +3.95433344e+00  +3.95493108e+00  +6.68195175e-01  -1.28714905e+00  +1.74915562e+00  +5.92799561e-01  +9.08522779e-01  +2.13856993e+00  +1.12004911e-01  +1.95179477e+00  +5.05139157e+00  +1.93855736e+00  +3.04623043e+00  +8.01251270e+02  +4.99463969e+00  +4.52035184e+00  +1.96987072e+03 
10             7.275488e+03    5.606785e+00    3.500000e-01    1               0.545455        4.000000e+00    +3.95437270e+00  +3.95551459e+00  +6.68422029e-01  -1.29352408e+00  +1.75247229e+00  +5.93304886e-01  +9.08805581e-01  +2.14490933e+00  +1.11738843e-01  +1.95251163e+00  +5.05148864e+00  +1.93867168e+00  +3.04647472e+00  +8.00648494e+02  +4.99465498e+00  +4.52023909e+00  +1.97117432e+03 
12             7.275660e+03    5.605021e+00    3.500000e-01    1               0.538462        2.000000e+00    +3.95462422e+00  +3.95599978e+00  +6.67781626e-01  -1.29830415e+00  +1.75991271e+00  +5.92827588e-01  +9.06047617e-01  +2.14066468e+00  +1.12203212e-01  +1.95230825e+00  +5.04681462e+00  +1.93876809e+00  +3.04646415e+00  +8.01418439e+02  +4.99462701e+00  +4.52020474e+00  +1.97019658e+03 
13             7.275609e+03    5.604233e+00    3.500000e-01    1               0.571429        1.000000e+00    +3.95538768e+00  +3.95559349e+00  +6.67591180e-01  -1.28939329e+00  +1.75084842e+00  +5.92879106e-01  +9.05431917e-01  +2.13474526e+00  +1.12410917e-01  +1.94994366e+00  +5.04532430e+00  +1.93872598e+00  +3.04638141e+00  +8.02380711e+02  +4.99452603e+00  +4.52004378e+00  +1.97098448e+03 
14             7.276047e+03    5.605737e+00    3.500000e-01    1               0.600000        1.000000e+00    +3.95514685e+00  +3.95520743e+00  +6.66865566e-01  -1.30424439e+00  +1.76681382e+00  +5.92156568e-01  +9.03448925e-01  +2.13750798e+00  +1.12535083e-01  +1.95049014e+00  +5.04810478e+00  +1.93861781e+00  +3.04629086e+00  +8.01607051e+02  +4.99455349e+00  +4.52006290e+00  +1.96892844e+03 
15             7.275943e+03    5.608433e+00    3.500000e-01    1               0.625000        1.000000e+00    +3.95515868e+00  +3.95401408e+00  +6.67587222e-01  -1.31883939e+00  +1.78472844e+00  +5.92216239e-01  +9.00167529e-01  +2.14141228e+00  +1.12975841e-01  +1.95035984e+00  +5.04871615e+00  +1.93845122e+00  +3.04633120e+00  +8.01250177e+02  +4.99461147e+00  +4.51998872e+00  +1.96779639e+03 
16             7.274648e+03    5.607938e+00    3.500000e-01    1               0.647059        1.000000e+00    +3.95507288e+00  +3.95432945e+00  +6.68792187e-01  -1.32625121e+00  +1.79777800e+00  +5.92056105e-01  +8.99014026e-01  +2.15823963e+00  +1.12834084e-01  +1.95237725e+00  +5.04574101e+00  +1.93865783e+00  +3.04622694e+00  +8.00618767e+02  +4.99479571e+00  +4.51992347e+00  +1.96517362e+03 
17             7.275148e+03    5.605824e+00    3.500000e-01    1               0.666667        1.000000e+00    +3.95547632e+00  +3.95483432e+00  +6.67776503e-01  -1.32571187e+00  +1.79846991e+00  +5.92132126e-01  +8.98417923e-01  +2.16248421e+00  +1.12905105e-01  +1.95342852e+00  +5.04399566e+00  +1.93862506e+00  +3.04633241e+00  +8.00334383e+02  +4.99483686e+00  +4.51989023e+00  +1.96481180e+03 
18             7.275201e+03    5.605495e+00    3.500000e-01    1               0.684211        1.000000e+00    +3.95483736e+00  +3.95560904e+00  +6.67008359e-01  -1.31126650e+00  +1.78943672e+00  +5.91851418e-01  +8.97993682e-01  +2.15106369e+00  +1.13267294e-01  +1.94950126e+00  +5.04430551e+00  +1.93851701e+00  +3.04636248e+00  +8.01343621e+02  +4.99482369e+00  +4.51970976e+00  +1.96564531e+03 
19             7.274706e+03    5.606985e+00    3.500000e-01    1               0.700000        1.000000e+00    +3.95445103e+00  +3.95535851e+00  +6.65073038e-01  -1.31130445e+00  +1.79002684e+00  +5.91999855e-01  +8.96995499e-01  +2.14640960e+00  +1.13131510e-01  +1.94788125e+00  +5.04851644e+00  +1.93828199e+00  +3.04631672e+00  +8.00998259e+02  +4.99482548e+00  +4.51970401e+00  +1.96646930e+03 
20             7.275872e+03    5.603848e+00    3.500000e-01    1               0.714286        1.000000e+00    +3.95465154e+00  +3.95643784e+00  +6.64020306e-01  -1.29753609e+00  +1.77939517e+00  +5.91908230e-01  +8.98147399e-01  +2.13785549e+00  +1.13267797e-01  +1.94631795e+00  +5.04494073e+00  +1.93859514e+00  +3.04640501e+00  +8.01233669e+02  +4.99485725e+00  +4.51959334e+00  +1.96768583e+03 
21             7.276027e+03    5.603231e+00    3.500000e-01    1               0.727273        1.000000e+00    +3.95416138e+00  +3.95709452e+00  +6.62492693e-01  -1.29277027e+00  +1.77180986e+00  +5.92474723e-01  +9.00105918e-01  +2.13935223e+00  +1.13006875e-01  +1.94972804e+00  +5.04602494e+00  +1.93858334e+00  +3.04649068e+00  +8.00782554e+02  +4.99489193e+00  +4.51957181e+00  +1.96790338e+03 
22             7.276477e+03    5.604129e+00    3.500000e-01    1               0.739130        1.000000e+00    +3.95419578e+00  +3.95672577e+00  +6.62920252e-01  -1.29261285e+00  +1.77245465e+00  +5.91954969e-01  +8.98957781e-01  +2.13763987e+00  +1.13352176e-01  +1.94563455e+00  +5.05424558e+00  +1.93857891e+00  +3.04651334e+00  +8.02111643e+02  +4.99499869e+00  +4.51964619e+00  +1.96679068e+03 
24             7.275176e+03    5.600894e+00    3.500000e-01    1               0.720000        2.000000e+00    +3.95406573e+00  +3.95802319e+00  +6.62522155e-01  -1.29221888e+00  +1.77360347e+00  +5.92403209e-01  +8.99135008e-01  +2.13404765e+00  +1.13654293e-01  +1.94148278e+00  +5.06155362e+00  +1.93861603e+00  +3.04633998e+00  +8.02925139e+02  +4.99504449e+00  +4.51945945e+00  +1.96599315e+03 
25             7.276651e+03    5.604689e+00    3.500000e-01    1               0.730769        1.000000e+00    +3.95378739e+00  +3.95685285e+00  +6.62002832e-01  -1.30196769e+00  +1.77266956e+00  +5.92482323e-01  +8.98596425e-01  +2.13110681e+00  +1.13620808e-01  +1.94556450e+00  +5.05850491e+00  +1.93839003e+00  +3.04621985e+00  +8.02152994e+02  +4.99498469e+00  +4.51954739e+00  +1.96633155e+03 
26             7.277041e+03    5.604806e+00    3.500000e-01    1               0.740741        1.000000e+00    +3.95451094e+00  +3.95618780e+00  +6.61035701e-01  -1.29934248e+00  +1.76940588e+00  +5.92030625e-01  +8.96094596e-01  +2.12571472e+00  +1.13936985e-01  +1.94171676e+00  +5.05812579e+00  +1.93828253e+00  +3.04619329e+00  +8.02360281e+02  +4.99520736e+00  +4.51947675e+00  +1.96786750e+03 
29             7.277827e+03    5.607636e+00    3.500000e-01    1               0.700000        3.000000e+00    +3.95406478e+00  +3.95544555e+00  +6.61070747e-01  -1.30716765e+00  +1.76974590e+00  +5.91572622e-01  +8.95817442e-01  +2.12551684e+00  +1.13691633e-01  +1.94689747e+00  +5.05266615e+00  +1.93822041e+00  +3.04606741e+00  +8.01275917e+02  +4.99525425e+00  +4.51962000e+00  +1.96834633e+03 
31             7.278186e+03    5.605899e+00    3.500000e-01    1               0.687500        2.000000e+00    +3.95485087e+00  +3.95542959e+00  +6.60450695e-01  -1.30609522e+00  +1.77161742e+00  +5.91907860e-01  +8.94413984e-01  +2.12301813e+00  +1.14003999e-01  +1.94501441e+00  +5.05389235e+00  +1.93816004e+00  +3.04597443e+00  +8.01761806e+02  +4.99520128e+00  +4.51967524e+00  +1.96712061e+03 
33             7.278408e+03    5.607254e+00    3.500000e-01    1               0.676471        2.000000e+00    +3.95425538e+00  +3.95542933e+00  +6.60825191e-01  -1.29163040e+00  +1.75854477e+00  +5.91467898e-01  +8.94330809e-01  +2.10583590e+00  +1.14240888e-01  +1.94344709e+00  +5.05390414e+00  +1.93805594e+00  +3.04608424e+00  +8.02722312e+02  +4.99515005e+00  +4.51982147e+00  +1.96663390e+03 
34             7.278107e+03    5.607007e+00    3.500000e-01    1               0.685714        1.000000e+00    +3.95382052e+00  +3.95591963e+00  +6.62517068e-01  -1.30071306e+00  +1.76288700e+00  +5.91272509e-01  +8.91985758e-01  +2.10544525e+00  +1.14260355e-01  +1.94439453e+00  +5.05004666e+00  +1.93819437e+00  +3.04619681e+00  +8.02992931e+02  +4.99505660e+00  +4.51986415e+00  +1.96623686e+03 
35             7.277330e+03    5.609065e+00    3.500000e-01    1               0.694444        1.000000e+00    +3.95321542e+00  +3.95560283e+00  +6.62429542e-01  -1.32510330e+00  +1.77504115e+00  +5.91409587e-01  +8.91962169e-01  +2.11908623e+00  +1.13587975e-01  +1.95328774e+00  +5.04208775e+00  +1.93807764e+00  +3.04609792e+00  +8.01664041e+02  +4.99503462e+00  +4.51992656e+00  +1.96465395e+03 
36             7.278125e+03    5.607027e+00    3.500000e-01    1               0.702703        1.000000e+00    +3.95354531e+00  +3.95614631e+00  +6.63487175e-01  -1.31316874e+00  +1.75166458e+00  +5.91615597e-01  +8.92688414e-01  +2.10863547e+00  +1.13432076e-01  +1.95636872e+00  +5.02844958e+00  +1.93835080e+00  +3.04622994e+00  +8.01936719e+02  +4.99487575e+00  +4.52004423e+00  +1.96624247e+03 
37             7.276876e+03    5.610007e+00    3.500000e-01    1               0.710526        1.000000e+00    +3.95276165e+00  +3.95559401e+00  +6.62088234e-01  -1.32594538e+00  +1.75688854e+00  +5.91833450e-01  +8.94666305e-01  +2.11521275e+00  +1.12881909e-01  +1.96594790e+00  +5.02078494e+00  +1.93821055e+00  +3.04630965e+00  +8.00862065e+02  +4.99475831e+00  +4.52000676e+00  +1.96540585e+03 
40             7.278287e+03    5.607588e+00    3.500000e-01    1               0.682927        3.000000e+00    +3.95313875e+00  +3.95625963e+00  +6.60683203e-01  -1.32015026e+00  +1.74163898e+00  +5.92280320e-01  +8.97773118e-01  +2.11485668e+00  +1.12405892e-01  +1.97029322e+00  +5.01483232e+00  +1.93830489e+00  +3.04654148e+00  +7.99856884e+02  +4.99490782e+00  +4.52008179e+00  +1.96780052e+03 
41             7.279044e+03    5.606112e+00    3.500000e-01    1               0.690476        1.000000e+00    +3.95375198e+00  +3.95633331e+00  +6.59748852e-01  -1.31324281e+00  +1.73338285e+00  +5.91753908e-01  +8.95988733e-01  +2.10592714e+00  +1.12714637e-01  +1.97090971e+00  +5.00470798e+00  +1.93839202e+00  +3.04662197e+00  +8.00454624e+02  +4.99498904e+00  +4.52011060e+00  +1.96902339e+03 
42             7.277902e+03    5.606826e+00    3.500000e-01    1               0.697674        1.000000e+00    +3.95336557e+00  +3.95637403e+00  +6.61117662e-01  -1.31324671e+00  +1.72898909e+00  +5.92166636e-01  +8.96125747e-01  +2.10887512e+00  +1.12573049e-01  +1.97677891e+00  +4.99327120e+00  +1.93841956e+00  +3.04667489e+00  +8.00791580e+02  +4.99488747e+00  +4.52018626e+00  +1.96759901e+03 
47             7.279182e+03    5.605871e+00    3.500000e-01    1               0.645833        5.000000e+00    +3.95465023e+00  +3.95563162e+00  +6.60847135e-01  -1.29977590e+00  +1.73411524e+00  +5.91789509e-01  +8.94187159e-01  +2.09376675e+00  +1.13328336e-01  +1.96487864e+00  +5.00637204e+00  +1.93841783e+00  +3.04608656e+00  +8.02360428e+02  +4.99493784e+00  +4.52024943e+00  +1.96455638e+03 
48             7.278263e+03    5.607916e+00    3.500000e-01    1               0.653061        1.000000e+00    +3.95429244e+00  +3.95511707e+00  +6.60878642e-01  -1.30112426e+00  +1.72682350e+00  +5.92088881e-01  +8.96086008e-01  +2.09194902e+00  +1.12977552e-01  +1.96883471e+00  +5.00273315e+00  +1.93860188e+00  +3.04618796e+00  +8.02341320e+02  +4.99497249e+00  +4.52038738e+00  +1.96489304e+03 
49             7.279108e+03    5.610021e+00    3.500000e-01    1               0.660000        1.000000e+00    +3.95425022e+00  +3.95424053e+00  +6.59096051e-01  -1.30668178e+00  +1.72073971e+00  +5.92204950e-01  +8.95620803e-01  +2.08778183e+00  +1.12959675e-01  +1.97160148e+00  +5.00051728e+00  +1.93822323e+00  +3.04620142e+00  +8.01954413e+02  +4.99502793e+00  +4.52026217e+00  +1.96623839e+03 
52             7.279981e+03    5.606751e+00    3.500000e-01    1               0.641509        3.000000e+00    +3.95458096e+00  +3.95533319e+00  +6.59149848e-01  -1.30102678e+00  +1.71239176e+00  +5.92177283e-01  +8.94687473e-01  +2.08745218e+00  +1.13482608e-01  +1.97106208e+00  +4.99408794e+00  +1.93808669e+00  +3.04636163e+00  +8.01840745e+02  +4.99510361e+00  +4.52034551e+00  +1.96741967e+03 
54             7.279269e+03    5.606006e+00    3.500000e-01    1               0.636364        2.000000e+00    +3.95524456e+00  +3.95499485e+00  +6.59633068e-01  -1.32172230e+00  +1.74272883e+00  +5.92643363e-01  +8.91595323e-01  +2.09966370e+00  +1.14015755e-01  +1.96593817e+00  +4.99975435e+00  +1.93818711e+00  +3.04646273e+00  +8.02494990e+02  +4.99510919e+00  +4.52037245e+00  +1.96466976e+03 
55             7.277823e+03    5.607392e+00    3.500000e-01    1               0.642857        1.000000e+00    +3.95556633e+00  +3.95404265e+00  +6.60498460e-01  -1.32907787e+00  +1.73416202e+00  +5.92320165e-01  +8.90388980e-01  +2.10214853e+00  +1.13868536e-01  +1.97334258e+00  +4.98867427e+00  +1.93821806e+00  +3.04665639e+00  +8.01974151e+02  +4.99509503e+00  +4.52055305e+00  +1.96573235e+03 
56             7.276857e+03    5.609182e+00    3.500000e-01    1               0.649123        1.000000e+00    +3.95521158e+00  +3.95360884e+00  +6.60074994e-01  -1.34908601e+00  +1.75870297e+00  +5.92569670e-01  +8.87990763e-01  +2.11451181e+00  +1.14120187e-01  +1.97007571e+00  +4.99753503e+00  +1.93816518e+00  +3.04662164e+00  +8.01933976e+02  +4.99511480e+00  +4.52060864e+00  +1.96424274e+03 
58             7.276709e+03    5.610766e+00    3.500000e-01    1               0.644068        2.000000e+00    +3.95478000e+00  +3.95333687e+00  +6.59708528e-01  -1.34760766e+00  +1.75868474e+00  +5.92461069e-01  +8.87641533e-01  +2.11454885e+00  +1.13872155e-01  +1.97158155e+00  +4.99376273e+00  +1.93831403e+00  +3.04676008e+00  +8.01687941e+02  +4.99512508e+00  +4.52053750e+00  +1.96567340e+03 
59             7.276651e+03    5.610683e+00    3.500000e-01    1               0.650000        1.000000e+00    +3.95460433e+00  +3.95356820e+00  +6.59232969e-01  -1.34332880e+00  +1.74251838e+00  +5.92927037e-01  +8.90495101e-01  +2.10984576e+00  +1.13026126e-01  +1.98481333e+00  +4.97345360e+00  +1.93826818e+00  +3.04670030e+00  +8.00954267e+02  +4.99502428e+00  +4.52071953e+00  +1.96815009e+03 
62             7.276152e+03    5.612092e+00    3.500000e-01    1               0.634921        3.000000e+00    +3.95392813e+00  +3.95361450e+00  +6.57325198e-01  -1.34757605e+00  +1.73389133e+00  +5.92439232e-01  +8.93984519e-01  +2.11280218e+00  +1.12175430e-01  +1.99280139e+00  +4.96794930e+00  +1.93831268e+00  +3.04691989e+00  +7.99773755e+02  +4.99517812e+00  +4.52061695e+00  +1.97053118e+03 
64             7.275146e+03    5.613633e+00    3.500000e-01    1               0.630769        2.000000e+00    +3.95336413e+00  +3.95345463e+00  +6.56359087e-01  -1.33721055e+00  +1.72517340e+00  +5.92524180e-01  +8.97586564e-01  +2.11079662e+00  +1.11704665e-01  +1.99045492e+00  +4.97432017e+00  +1.93848947e+00  +3.04690737e+00  +7.99551808e+02  +4.99510807e+00  +4.52063625e+00  +1.97229581e+03 
65             7.275636e+03    5.614091e+00    3.500000e-01    1               0.636364        1.000000e+00    +3.95319862e+00  +3.95339978e+00  +6.56241234e-01  -1.33726583e+00  +1.72879281e+00  +5.92248464e-01  +8.96966076e-01  +2.10975224e+00  +1.11807248e-01  +1.99217940e+00  +4.96922275e+00  +1.93859759e+00  +3.04680867e+00  +7.99433581e+02  +4.99508992e+00  +4.52053555e+00  +1.97287008e+03 
66             7.275165e+03    5.612957e+00    3.500000e-01    1               0.641791        1.000000e+00    +3.95400630e+00  +3.95311867e+00  +6.56825247e-01  -1.34292311e+00  +1.72701558e+00  +5.92332722e-01  +8.95677515e-01  +2.10914470e+00  +1.11786546e-01  +1.99507597e+00  +4.95963909e+00  +1.93852751e+00  +3.04689109e+00  +7.99650117e+02  +4.99512263e+00  +4.52061598e+00  +1.97316791e+03 
68             7.277038e+03    5.609804e+00    3.500000e-01    1               0.637681        2.000000e+00    +3.95530272e+00  +3.95320861e+00  +6.56256242e-01  -1.34129509e+00  +1.73068720e+00  +5.91924228e-01  +8.93361177e-01  +2.11297721e+00  +1.12475324e-01  +1.98876599e+00  +4.96201156e+00  +1.93851561e+00  +3.04672429e+00  +8.00027568e+02  +4.99530633e+00  +4.52058118e+00  +1.97395710e+03 
69             7.278435e+03    5.607655e+00    3.500000e-01    1               0.642857        1.000000e+00    +3.95602480e+00  +3.95339200e+00  +6.57331674e-01  -1.33984291e+00  +1.73563009e+00  +5.91958501e-01  +8.92221982e-01  +2.11254004e+00  +1.12948062e-01  +1.98358355e+00  +4.96498144e+00  +1.93836776e+00  +3.04651751e+00  +8.00728684e+02  +4.99515153e+00  +4.52044408e+00  +1.97202743e+03 
70             7.278408e+03    5.609338e+00    3.500000e-01    1               0.647887        1.000000e+00    +3.95544326e+00  +3.95327047e+00  +6.57734544e-01  -1.34491178e+00  +1.74742008e+00  +5.92355088e-01  +8.92190403e-01  +2.11722636e+00  +1.13056459e-01  +1.98202229e+00  +4.96998979e+00  +1.93824580e+00  +3.04631126e+00  +8.01174539e+02  +4.99500297e+00  +4.52047209e+00  +1.96978533e+03 
71             7.278531e+03    5.611207e+00    3.500000e-01    1               0.652778        1.000000e+00    +3.95437474e+00  +3.95356605e+00  +6.56712136e-01  -1.35084619e+00  +1.75630738e+00  +5.92673956e-01  +8.94437323e-01  +2.12611408e+00  +1.12922072e-01  +1.98255602e+00  +4.97773658e+00  +1.93820395e+00  +3.04618525e+00  +8.00664289e+02  +4.99491972e+00  +4.52039444e+00  +1.96919136e+03 
72             7.279039e+03    5.606802e+00    3.500000e-01    1               0.657534        1.000000e+00    +3.95502941e+00  +3.95487209e+00  +6.57761478e-01  -1.32675290e+00  +1.73763302e+00  +5.92993915e-01  +8.97333056e-01  +2.11301538e+00  +1.13155400e-01  +1.98275189e+00  +4.97027383e+00  +1.93830072e+00  +3.04622849e+00  +8.01276805e+02  +4.99475573e+00  +4.52029279e+00  +1.97045947e+03 
73             7.278886e+03    5.605790e+00    3.500000e-01    1               0.662162        1.000000e+00    +3.95508848e+00  +3.95524317e+00  +6.58092500e-01  -1.32980941e+00  +1.74506039e+00  +5.92690582e-01  +8.98549474e-01  +2.12400270e+00  +1.12752438e-01  +1.98541076e+00  +4.96873513e+00  +1.93843229e+00  +3.04632801e+00  +8.00615249e+02  +4.99480963e+00  +4.52037879e+00  +1.96973562e+03 
74             7.279844e+03    5.606783e+00    3.500000e-01    1               0.666667        1.000000e+00    +3.95494323e+00  +3.95496660e+00  +6.56940797e-01  -1.32234237e+00  +1.74882542e+00  +5.92259224e-01  +8.98498184e-01  +2.11617939e+00  +1.13073570e-01  +1.97676861e+00  +4.98082957e+00  +1.93843034e+00  +3.04611198e+00  +8.01415754e+02  +4.99494279e+00  +4.52033388e+00  +1.96833967e+03 
77             7.276913e+03    5.612278e+00    3.500000e-01    1               0.653846        3.000000e+00    +3.95340859e+00  +3.95404195e+00  +6.57632785e-01  -1.32773018e+00  +1.74569722e+00  +5.92303878e-01  +8.98207667e-01  +2.11465675e+00  +1.12276549e-01  +1.98629420e+00  +4.96346269e+00  +1.93851215e+00  +3.04596534e+00  +8.00916829e+02  +4.99485407e+00  +4.52052600e+00  +1.96871029e+03 
80             7.275694e+03    5.612017e+00    3.500000e-01    1               0.641975        3.000000e+00    +3.95312908e+00  +3.95441999e+00  +6.58492714e-01  -1.33509049e+00  +1.76200870e+00  +5.92121332e-01  +8.98113135e-01  +2.12718214e+00  +1.12166159e-01  +1.98573697e+00  +4.96425891e+00  +1.93878149e+00  +3.04599971e+00  +8.00442257e+02  +4.99476285e+00  +4.52048858e+00  +1.96671341e+03 
82             7.275707e+03    5.611965e+00    3.500000e-01    1               0.638554        2.000000e+00    +3.95263270e+00  +3.95487901e+00  +6.57718992e-01  -1.33582630e+00  +1.76326911e+00  +5.92130754e-01  +8.97700738e-01  +2.12417620e+00  +1.12083073e-01  +1.98723709e+00  +4.96299416e+00  +1.93874065e+00  +3.04589821e+00  +8.00465326e+02  +4.99469790e+00  +4.52031455e+00  +1.96706984e+03 
83             7.276126e+03    5.610353e+00    3.500000e-01    1               0.642857        1.000000e+00    +3.95268084e+00  +3.95551787e+00  +6.57230712e-01  -1.33071860e+00  +1.76061435e+00  +5.92059617e-01  +8.97085274e-01  +2.12063568e+00  +1.12351757e-01  +1.98456181e+00  +4.96309222e+00  +1.93882036e+00  +3.04585765e+00  +8.00282858e+02  +4.99469548e+00  +4.52026041e+00  +1.96794294e+03 
84             7.276490e+03    5.609299e+00    3.500000e-01    1               0.647059        1.000000e+00    +3.95263353e+00  +3.95598412e+00  +6.57522355e-01  -1.32626557e+00  +1.76138780e+00  +5.91815484e-01  +8.96594479e-01  +2.11817150e+00  +1.12395707e-01  +1.98336254e+00  +4.96281951e+00  +1.93881833e+00  +3.04560769e+00  +8.01154105e+02  +4.99482755e+00  +4.52016433e+00  +1.96795039e+03 
85             7.277568e+03    5.610416e+00    3.500000e-01    1               0.651163        1.000000e+00    +3.95282489e+00  +3.95537287e+00  +6.56253651e-01  -1.31125851e+00  +1.74491760e+00  +5.91985077e-01  +8.97123790e-01  +2.10408718e+00  +1.12735695e-01  +1.98532811e+00  +4.95753311e+00  +1.93889683e+00  +3.04570267e+00  +8.00888858e+02  +4.99492959e+00  +4.52004812e+00  +1.97076087e+03 
86             7.277170e+03    5.609091e+00    3.500000e-01    1               0.655172        1.000000e+00    +3.95280728e+00  +3.95592906e+00  +6.57131447e-01  -1.31344887e+00  +1.76157142e+00  +5.91292113e-01  +8.94580517e-01  +2.10627298e+00  +1.13236335e-01  +1.98003224e+00  +4.96161212e+00  +1.93880082e+00  +3.04540203e+00  +8.00881830e+02  +4.99485983e+00  +4.52010363e+00  +1.96895613e+03 
87             7.275996e+03    5.609651e+00    3.500000e-01    1               0.659091        1.000000e+00    +3.95252826e+00  +3.95592605e+00  +6.57136592e-01  -1.32555541e+00  +1.77136938e+00  +5.91906806e-01  +8.96099598e-01  +2.11900570e+00  +1.12555537e-01  +1.98216635e+00  +4.96379626e+00  +1.93872656e+00  +3.04541211e+00  +8.00275941e+02  +4.99482125e+00  +4.52006146e+00  +1.96687798e+03 
88             7.276677e+03    5.606225e+00    3.500000e-01    1               0.662921        1.000000e+00    +3.95385468e+00  +3.95620147e+00  +6.57419886e-01  -1.32864986e+00  +1.77512077e+00  +5.91109095e-01  +8.94372106e-01  +2.11761864e+00  +1.12804101e-01  +1.97598532e+00  +4.97120720e+00  +1.93872005e+00  +3.04564685e+00  +8.00906546e+02  +4.99467918e+00  +4.52002142e+00  +1.96678389e+03 
90             7.275134e+03    5.606268e+00    3.500000e-01    1               0.659341        2.000000e+00    +3.95368748e+00  +3.95632648e+00  +6.56922914e-01  -1.32875566e+00  +1.76819353e+00  +5.90792855e-01  +8.95743081e-01  +2.11742299e+00  +1.12221673e-01  +1.97961510e+00  +4.96308140e+00  +1.93893654e+00  +3.04579539e+00  +8.00705490e+02  +4.99464668e+00  +4.52001002e+00  +1.96749071e+03 
93             7.275392e+03    5.605243e+00    3.500000e-01    1               0.648936        3.000000e+00    +3.95385234e+00  +3.95658709e+00  +6.56964109e-01  -1.32081583e+00  +1.76283252e+00  +5.91041792e-01  +8.95617512e-01  +2.11401765e+00  +1.12543396e-01  +1.97788952e+00  +4.96241458e+00  +1.93896740e+00  +3.04569097e+00  +8.00865664e+02  +4.99460759e+00  +4.51997634e+00  +1.96893427e+03 
94             7.274426e+03    5.606166e+00    3.500000e-01    1               0.652632        1.000000e+00    +3.95351935e+00  +3.95650543e+00  +6.57119504e-01  -1.32761232e+00  +1.78662941e+00  +5.90819263e-01  +8.91826687e-01  +2.11700056e+00  +1.13321367e-01  +1.96599884e+00  +4.97957491e+00  +1.93888560e+00  +3.04569017e+00  +8.02564880e+02  +4.99461056e+00  +4.51990618e+00  +1.96429592e+03 
96             7.274428e+03    5.607051e+00    3.500000e-01    1               0.649485        2.000000e+00    +3.95356832e+00  +3.95611731e+00  +6.57399318e-01  -1.33470973e+00  +1.79188905e+00  +5.90375305e-01  +8.89712916e-01  +2.11449309e+00  +1.13699229e-01  +1.96593984e+00  +4.97633339e+00  +1.93886335e+00  +3.04608495e+00  +8.02895182e+02  +4.99463083e+00  +4.52007638e+00  +1.96486962e+03 
97             7.275421e+03    5.606902e+00    3.500000e-01    1               0.653061        1.000000e+00    +3.95391016e+00  +3.95588345e+00  +6.57633726e-01  -1.32660757e+00  +1.79193029e+00  +5.89839342e-01  +8.87296055e-01  +2.10963965e+00  +1.14589532e-01  +1.96208108e+00  +4.97575413e+00  +1.93886052e+00  +3.04618935e+00  +8.03968311e+02  +4.99458633e+00  +4.52001820e+00  +1.96633395e+03 
