20.89250 6.85520
20.89920 6.79460
20.89620 6.79130
20.89420 6.78780
20.89210 6.81680
20.90580 6.71200
20.89180 6.79150
20.89420 6.75920
20.88960 6.76200
20.90690 6.66740
20.89230 6.77500
20.89090 6.78570
20.89370 6.76040
20.90090 6.70510
20.89300 6.75500
20.90160 6.70310
20.88530 6.80550
20.88750 6.75870
20.88200 6.81000
20.88240 6.82260
20.88300 6.81000
20.87750 6.83490
20.86560 6.89340
20.87000 6.89020
20.88400 6.79790
20.88620 6.78670
20.89690 6.70790
20.88470 6.78880
20.88470 6.78720
20.88940 6.77930
