20.91670 6.58940 1.89410
20.92540 6.50870 1.88440
20.92160 6.51460 1.88840
20.91930 6.51550 1.89020
20.91420 6.57650 1.90430
20.93560 6.39240 1.86770
20.91290 6.56360 1.90880
20.92020 6.47950 1.88640
20.91140 6.52790 1.90570
20.93880 6.32840 1.85740
20.91080 6.57260 1.91810
20.90990 6.58070 1.91810
20.91510 6.52980 1.90690
20.92720 6.42360 1.88390
20.91290 6.54050 1.91350
20.92710 6.43060 1.88770
20.90230 6.62080 1.92700
20.90250 6.59680 1.93550
20.89280 6.68860 1.95610
20.89450 6.69170 1.94920
20.89630 6.66590 1.94390
20.88870 6.71380 1.95310
20.86980 6.84790 1.98280
20.87370 6.84770 1.98540
20.89780 6.64880 1.94110
20.90030 6.63340 1.93970
20.91780 6.48450 1.90890
20.89740 6.65240 1.94620
20.89740 6.65050 1.94610
20.90600 6.60110 1.92940
