21.65280 12.96070
21.67170 12.67410
21.64170 13.04400
21.67170 12.69140
21.66830 12.70190
21.67190 12.65950
21.67120 12.75340
21.62550 13.34620
21.63090 13.33430
21.61080 13.60300
21.60840 13.58600
21.64490 13.10360
21.61890 13.45590
21.60530 13.64300
21.64700 13.18450
21.58280 13.94840
21.62470 13.41490
21.63410 13.31730
21.61750 13.50000
21.55260 14.28210
21.59680 13.80020
21.60490 13.68850
21.58500 13.83330
21.58420 13.86610
21.59350 13.76000
21.61620 13.46170
21.65230 13.01610
21.57870 13.80990
21.60340 13.52140
21.63330 13.30080
