21.97540 9.81590
21.97440 9.73530
21.97690 9.75250
21.94970 9.76200
21.96890 9.86380
21.96370 9.79410
21.95590 10.09470
21.95080 10.00800
21.95570 9.94140
21.93750 10.20400
21.93530 10.16140
21.92760 10.28260
21.93820 10.33010
21.92070 10.35250
21.92050 10.36790
21.90440 10.36150
21.90670 10.46420
21.90440 10.46260
21.92440 10.18360
21.92610 9.98380
21.92160 9.97000
21.92100 9.83230
21.92420 10.21820
21.91510 10.24660
21.92860 10.21960
21.90930 9.97160
21.93060 9.89830
21.92840 9.79510
21.93270 9.71480
21.90930 10.07960
