21.82660 25.11020
21.86260 23.77290
21.84310 24.08250
21.83770 23.97910
21.81290 24.77180
21.82990 24.40690
21.85680 23.63060
21.87730 23.46070
21.82690 24.96320
21.81580 25.45620
21.78900 25.76590
21.80980 26.08000
21.81070 26.02640
21.80650 26.42460
21.83240 25.97090
21.86950 24.31530
21.87100 24.63590
21.85470 24.77350
21.88650 24.07070
21.88650 24.19040
21.86910 24.16900
21.86160 24.44130
21.82290 25.39210
21.81350 25.27960
21.75890 26.27010
21.79860 24.31820
21.81600 23.76570
21.83900 23.69020
21.85610 23.30310
21.80660 23.86290
