23.51440 13.30530
23.50370 13.30530
23.48260 13.30530
23.52030 13.30530
23.49680 13.30530
23.55960 13.30530
23.54470 13.30530
23.57630 13.30530
23.64750 13.30530
23.58670 13.30530
23.57920 13.30530
23.61830 13.30530
23.59190 13.30530
23.59660 13.30530
23.52190 13.30530
23.51810 13.30530
23.57680 13.30530
23.56080 13.30530
23.56560 13.30530
23.63170 13.30530
23.60970 13.30530
23.61040 13.30530
23.60580 13.30530
23.65940 13.30530
23.63340 13.30530
23.69580 13.30530
23.66770 13.30530
23.61640 13.30530
23.62310 13.30530
23.58490 13.30530
