23.04740 6.88300 1.23410
23.07650 6.71910 1.18480
23.05670 6.82200 1.19920
23.00800 7.28560 1.29310
23.00740 7.44360 1.32270
22.99360 7.64090 1.36360
23.02010 7.42470 1.30340
23.01080 7.48350 1.31690
22.99490 7.56930 1.33370
23.03060 7.26650 1.27460
23.00420 7.52140 1.32160
22.99990 7.43830 1.30770
22.98270 7.56640 1.33540
22.98580 7.48750 1.33920
22.94550 7.79560 1.39360
22.90170 8.16480 1.43980
22.94790 7.66530 1.34360
22.95640 7.78460 1.38950
22.95400 7.76600 1.37130
22.98910 7.48950 1.32510
23.00170 7.37780 1.28790
22.94860 7.97220 1.40610
22.93480 8.13490 1.43190
22.91050 8.30100 1.46310
22.93360 7.98890 1.41540
22.90010 8.44090 1.49230
22.94290 8.08840 1.41770
22.98270 7.72580 1.38560
23.00850 7.50760 1.33210
22.98280 7.54080 1.30480
