22.31650 23.83360
22.35740 23.28150
22.31440 24.28050
22.24410 26.12410
22.24480 26.53400
22.22920 27.11710
22.25790 26.64350
22.24240 27.11710
22.22920 27.08530
22.27130 26.06480
22.22990 27.13670
22.21830 27.28750
22.20290 27.13050
22.20880 26.58220
22.15820 27.65470
22.10180 29.08190
22.15470 27.46080
22.17300 27.58720
22.16360 27.80970
22.21330 26.53640
22.22640 26.29910
22.15630 28.49820
22.13830 29.14880
22.11090 29.63780
22.14060 28.49490
22.10500 29.82700
22.13970 29.44680
22.20010 27.62640
22.23050 26.95380
22.18230 27.70840
