23.48090 7.72950
23.47930 7.72950
23.50320 7.72950
23.52730 7.72950
23.50390 7.72950
23.54120 7.72950
23.50870 7.72950
23.50830 7.72950
23.50860 7.72950
23.50430 7.72950
23.51380 7.72950
23.50170 7.72950
23.49060 7.72950
23.51840 7.72950
23.47340 7.72950
23.46890 7.72950
23.44420 7.72950
23.48930 7.72950
23.41710 7.72950
23.45170 7.72950
23.46190 7.72950
23.47040 7.72950
23.48330 7.72950
23.47950 7.72950
23.48350 7.72950
23.48210 7.72950
23.47530 7.72950
23.47980 7.72950
23.46840 7.72950
23.46370 7.72950
