21.22190 6.69630
21.20450 6.96830
21.21180 6.89620
21.21060 7.00550
21.16530 7.46060
21.21700 7.14320
21.19620 7.43950
21.15150 7.57260
21.16870 7.44700
21.21450 7.17560
21.20970 7.30290
21.20800 7.24150
21.21780 7.11690
21.23420 6.86810
21.20360 7.24130
21.19960 7.32510
21.18940 7.44770
21.18920 7.45550
21.19280 7.37910
21.18600 7.23280
21.16520 7.29560
21.19720 7.23250
21.18890 7.40140
21.21440 7.04690
21.21820 6.90450
21.20460 7.11780
21.16870 7.23260
21.20970 7.06730
21.15880 7.40050
21.21330 7.12470
