21.39740 3.58650 1.31240
21.40030 3.58180 1.31130
21.39820 3.60530 1.32680
21.39650 3.61950 1.32550
21.39570 3.62900 1.32950
21.41020 3.57570 1.31730
21.39220 3.66000 1.34590
21.39280 3.66620 1.34060
21.40120 3.61500 1.33620
21.40130 3.60700 1.32700
21.40810 3.58670 1.32610
21.41280 3.58630 1.34030
21.41220 3.60470 1.34080
21.40530 3.62760 1.36280
21.40160 3.63000 1.34730
21.40000 3.63080 1.34200
21.39070 3.66020 1.35160
21.39220 3.66830 1.35200
21.39120 3.68280 1.35620
21.38750 3.67500 1.34480
21.38850 3.66080 1.33320
21.38850 3.65850 1.33500
21.38450 3.65770 1.33650
21.39610 3.62250 1.32980
21.39710 3.62350 1.32740
21.39690 3.63290 1.33150
21.39600 3.63340 1.33660
21.39260 3.64400 1.33310
21.39320 3.64900 1.33560
21.39700 3.64180 1.33360
