21.57270 6.72070 3.01400
21.58160 6.63520 2.99020
21.59520 6.52880 2.93420
21.59680 6.44100 2.87180
21.58950 6.50010 2.86590
21.55190 6.89740 3.01550
21.57460 6.77310 2.99520
21.56310 6.86760 3.00320
21.57980 6.62380 2.88350
21.56160 6.75650 2.93970
21.59320 6.50110 2.82800
21.55090 6.80060 2.94150
21.53660 7.03070 3.02050
21.57000 6.71740 2.95980
21.52430 7.24990 3.10180
21.57560 6.59580 2.88190
21.59360 6.45200 2.82540
21.58060 6.51300 2.83680
21.55340 6.78950 2.96270
21.55700 6.74220 2.93890
21.55530 6.65480 2.88790
21.56050 6.61970 2.87940
21.53460 6.91940 2.99310
21.50550 7.25840 3.10510
21.52420 7.10240 3.06000
21.52810 7.05730 3.03260
21.54400 6.88370 2.96040
21.55700 6.64540 2.90000
21.57670 6.41360 2.78610
21.59070 6.36870 2.79250
