20.57940 6.02610
20.58340 6.01770
20.58100 6.01590
20.58510 6.00870
20.58770 5.97320
20.58340 6.01960
20.57910 6.04470
20.58340 6.01120
20.58800 5.97990
20.58690 5.97330
20.58180 6.03650
20.58200 6.03810
20.58090 6.03650
20.58230 6.01510
20.58150 6.01940
20.57880 6.03330
20.57900 6.04080
20.58050 5.99700
20.57720 6.00440
20.57320 6.04990
20.57320 6.05170
20.57300 6.04180
20.57190 6.04910
20.57100 6.05940
20.57120 6.05070
20.56810 6.04720
20.57080 6.04340
20.57380 6.02780
20.57370 6.03850
20.57740 5.99160
