20.67760 4.94590 3.37400
20.69350 4.83200 3.30030
20.68140 4.91500 3.35840
20.68230 4.92180 3.35330
20.69100 4.84540 3.31050
20.69680 4.79770 3.27500
20.69090 4.83810 3.29030
20.68720 4.87070 3.33000
20.69290 4.83580 3.30450
20.68990 4.84710 3.30990
20.69080 4.85820 3.30780
20.68530 4.89850 3.33180
20.68200 4.92070 3.34870
20.69420 4.80800 3.28410
20.68970 4.83710 3.30220
20.68940 4.82550 3.28720
20.68810 4.84540 3.29740
20.67390 4.95090 3.36930
20.67650 4.92440 3.34620
20.68330 4.86050 3.30370
20.68700 4.82090 3.27590
20.68300 4.85430 3.30550
20.68080 4.87440 3.31550
20.68000 4.86800 3.30880
20.67490 4.91310 3.34180
20.66600 4.97090 3.38570
20.67420 4.91110 3.34580
20.68340 4.83440 3.30030
20.68450 4.84630 3.30180
20.68180 4.84230 3.31620
