21.92340 6.52770 1.19260
21.90860 6.51130 1.19270
21.91840 6.50960 1.20120
21.92900 6.52160 1.20440
21.91430 6.49290 1.21310
21.91970 6.51610 1.21980
21.90790 6.56670 1.23120
21.91820 6.57340 1.24200
21.92410 6.56180 1.23210
21.92050 6.46960 1.20750
21.91010 6.42390 1.20190
21.91390 6.43720 1.19510
21.91540 6.48560 1.21010
21.90840 6.45790 1.21530
21.90520 6.50270 1.23760
21.91640 6.52980 1.23900
21.90830 6.54260 1.23600
21.91360 6.49410 1.20810
21.90040 6.57810 1.26830
21.89740 6.64500 1.26480
21.89310 6.56230 1.25610
21.91040 6.44340 1.20390
21.90930 6.45370 1.21610
21.91200 6.37820 1.19490
21.92380 6.33870 1.16770
21.92830 6.26800 1.14410
21.91420 6.28980 1.15790
21.91620 6.30610 1.14750
21.91840 6.33980 1.16190
21.92920 6.37040 1.14750
