21.76640 8.45350
21.75430 8.45350
21.76280 8.45350
21.77220 8.45350
21.75790 8.45350
21.76380 8.45350
21.74180 8.45350
21.74840 8.45350
21.75730 8.45350
21.76160 8.45350
21.76010 8.45350
21.76430 8.45350
21.76270 8.45350
21.75900 8.45350
21.74630 8.45350
21.75160 8.45350
21.74410 8.45350
21.75120 8.45350
21.73110 8.45350
21.72380 8.45350
21.72310 8.45350
21.75040 8.45350
21.74720 8.45350
21.76440 8.45350
21.78180 8.45350
21.79570 8.45350
21.78090 8.45350
21.78150 8.45350
21.78010 8.45350
21.78950 8.45350
