23.39600 15.61640
23.41390 15.61640
23.38720 15.61640
23.35270 15.61640
23.37370 15.61640
23.35410 15.61640
23.36110 15.61640
23.36370 15.61640
23.35960 15.61640
23.39650 15.61640
23.40760 15.61640
23.41620 15.61640
23.43520 15.61640
23.40580 15.61640
23.42230 15.61640
23.39210 15.61640
23.36970 15.61640
23.35990 15.61640
23.36440 15.61640
23.38310 15.61640
23.36810 15.61640
23.36420 15.61640
23.36970 15.61640
23.35790 15.61640
23.37300 15.61640
23.37880 15.61640
23.40640 15.61640
23.42810 15.61640
23.37750 15.61640
23.40470 15.61640
