21.67750 6.88880
21.68170 6.81750
21.68310 6.39420
21.69670 6.46230
21.68940 6.79060
21.68550 7.37800
21.68470 6.84060
21.65820 6.92840
21.65480 6.89430
21.67290 6.36480
21.64410 7.36650
21.66740 6.62000
21.67680 6.60340
21.67840 7.16610
21.68680 8.03650
21.67660 8.74470
21.66460 8.18980
21.65090 8.73080
21.63760 8.25830
21.64840 7.84450
21.65040 7.48730
21.64570 7.28640
21.64880 7.31150
21.65050 7.30190
21.62850 8.70640
21.64850 8.56560
21.64410 8.81520
21.65400 7.95890
21.67120 7.11080
21.65850 7.34880
