21.62030 17.39080
21.61640 17.59120
21.67090 17.40570
21.67700 17.15290
21.64520 17.79010
21.59330 18.49540
21.66910 17.54830
21.62340 18.04750
21.59050 18.43080
21.63930 17.66550
21.60920 18.50410
21.58350 18.79810
21.63150 18.03860
21.65050 17.59350
21.70930 16.69560
21.71170 16.68640
21.71480 16.52640
21.68730 17.25520
21.65590 17.66190
21.62390 18.64220
21.57940 19.07860
21.58180 19.91850
21.57430 19.51890
21.63350 19.50940
21.61380 19.86860
21.61350 19.53020
21.50110 20.73920
21.51060 20.25040
21.54080 20.84950
21.56900 19.05930
