22.13780 9.62990 1.00000
22.13970 9.71580 1.00000
22.19090 9.80290 1.00000
22.19030 9.63400 1.00000
22.17200 9.93930 1.00000
22.13170 10.29510 1.00000
22.18750 9.90520 1.00000
22.14930 10.12470 1.00000
22.12170 10.32930 1.00000
22.15720 9.94920 1.00000
22.17540 10.09730 1.00000
22.11660 10.56610 1.00000
22.19150 9.85700 1.00000
22.16400 9.90930 1.00000
22.20580 9.51040 1.00000
22.21270 9.49920 1.00000
22.21440 9.42300 1.00000
22.19660 9.78880 1.00000
22.17350 9.94240 1.00000
22.15880 10.47020 1.00000
22.12830 10.58950 1.00000
22.12770 11.27180 1.00000
22.13820 10.79300 1.00000
22.02300 12.66530 1.28540
22.00860 12.86790 1.28360
22.08170 11.77470 1.13570
22.08170 11.39300 1.00000
22.09390 11.03900 1.00000
21.97190 13.07070 1.23390
22.11890 10.56690 1.00000
