22.68330 15.74460
22.67890 16.06790
22.70740 15.64120
22.72610 15.48120
22.70060 15.99250
22.69800 16.29360
22.64260 17.28260
22.64850 17.22390
22.63100 17.01970
22.63830 17.04920
22.66190 16.92120
22.67810 17.27260
22.64730 17.21600
22.67360 16.70480
22.67450 16.97250
22.66870 17.20470
22.65610 17.09450
22.60200 18.80170
22.63510 16.90220
22.57420 19.22420
22.50750 20.81930
22.46600 21.18960
22.43950 21.68060
22.31450 26.21040
22.31900 25.50720
22.57200 20.24760
22.34670 24.58220
22.32330 24.42080
22.45650 22.02750
22.52500 19.49790
