23.17620 8.15660 1.00000
23.18000 8.27010 1.00000
23.19700 8.12560 1.00000
23.20930 8.07900 1.00000
23.19980 8.24360 1.00000
23.20390 8.35990 1.00000
23.17900 8.66040 1.00000
23.18560 8.63030 1.00000
23.17070 8.60440 1.00000
23.17750 8.62730 1.00000
23.20090 8.56480 1.00000
23.21600 8.65980 1.00000
23.19450 8.62810 1.00000
23.19700 8.43140 1.00000
23.20740 8.50240 1.00000
23.21640 8.65540 1.00000
23.20350 8.65100 1.00000
23.19630 9.62470 1.00000
23.17290 8.56350 1.00000
23.16340 9.67050 1.00000
23.14260 10.41380 1.00000
23.11690 10.62240 1.00000
23.10250 10.89960 1.00000
23.04130 12.53850 1.00000
23.04430 12.14300 1.00000
23.18310 10.08420 1.00000
23.06990 11.88650 1.00000
23.05540 11.66720 1.00000
23.12820 10.63040 1.00000
23.15270 9.57690 1.00000
