21.77350 35.19300
21.76020 35.11470
21.77030 35.63340
21.69480 36.53670
21.76970 34.76110
21.75300 33.60800
21.72820 33.23690
21.74190 34.00250
21.72670 34.96260
21.72430 33.99420
21.71840 34.06640
21.76670 34.86130
21.75910 35.28030
21.75800 34.32050
21.74960 33.79240
21.69950 35.97500
21.71530 38.49510
21.71620 37.21330
21.70940 37.54550
21.72810 36.81590
21.77750 35.71670
21.76880 35.87880
21.70570 36.63120
21.73500 35.46360
21.76360 35.21550
21.76160 35.14920
21.79210 35.27260
21.80440 35.27240
21.75730 34.17130
21.75390 33.21440
