22.79400 7.65800 1.00000
22.77990 7.62840 1.00000
22.79290 7.63530 1.00000
22.67820 8.72620 1.33680
22.77220 7.69470 1.00000
22.69990 8.26940 1.23260
22.65750 8.42020 1.28700
22.69250 8.35280 1.27430
22.69360 8.43980 1.27090
22.69540 8.19890 1.19390
22.68600 8.26640 1.19060
22.76730 7.62830 1.00000
22.77710 7.59440 1.00000
22.76270 7.57130 1.00000
22.74830 7.58480 1.00000
22.74650 7.90260 1.00000
22.78470 7.93350 1.00000
22.77280 7.97660 1.00000
22.76870 7.93440 1.00000
22.77520 7.80150 1.00000
22.79900 7.72830 1.00000
22.79280 7.74200 1.00000
22.67190 8.95950 1.31880
22.75790 7.75340 1.00000
22.77930 7.69330 1.00000
22.77550 7.59220 1.00000
22.80660 7.57890 1.00000
22.81280 7.55150 1.00000
22.76360 7.54130 1.00000
22.74170 7.46330 1.00000
