18.39780 565.22400
19.63420 297.15700
20.05380 202.19000
20.38240 183.51300
20.01550 213.74600
19.11220 418.19600
19.09490 403.91900
19.14210 399.68400
18.26050 945.74300
18.60230 763.94300
18.52080 795.75300
20.73590 143.92800
19.51880 323.71400
19.44230 341.20700
19.63790 310.42600
19.51520 340.80400
19.46730 334.89800
19.36050 368.39200
21.69690 67.86480
22.45180 36.48720
22.17880 48.43270
22.14260 48.76290
22.46260 36.52240
22.41420 38.68460
22.51320 35.27240
22.10130 50.53330
22.80480 28.39890
22.86000 27.88240
23.12000 20.23000
22.91640 26.51010
