23.42170 14.08170
23.39020 14.08170
23.44510 14.08170
23.42810 14.08170
23.41260 14.08170
23.40080 14.08170
23.44770 14.08170
23.44070 14.08170
23.40340 14.08170
23.39280 14.08170
23.37860 14.08170
23.38210 14.08170
23.37850 14.08170
23.37520 14.08170
23.33110 14.08170
23.33460 14.08170
23.32010 14.08170
23.33880 14.08170
23.35610 14.08170
23.36520 14.08170
23.38970 14.08170
23.38730 14.08170
23.39480 14.08170
23.37980 14.08170
23.36780 14.08170
23.35410 14.08170
23.37950 14.08170
23.36010 14.08170
23.36490 14.08170
23.37230 14.08170
