23.70940 14.18460 1.00000
23.69280 13.93730 1.00000
23.67220 14.25260 1.00000
23.64880 15.04070 1.00000
23.75720 13.23840 1.00000
23.68610 14.03050 1.00000
23.74090 13.01600 1.00000
23.76180 12.67250 1.00000
23.77730 12.58910 1.00000
23.74720 13.31770 1.00000
23.81660 12.61150 1.00000
23.82550 12.93080 1.00000
23.81030 12.96870 1.00000
23.80840 13.13950 1.00000
23.73120 14.43740 1.00000
23.73670 14.86670 1.00000
23.70630 16.69370 1.00000
23.75170 15.13910 1.00000
23.73590 15.77910 1.00000
23.75540 15.48830 1.00000
23.29310 25.69690 1.51540
23.64140 18.08970 1.10360
23.53890 20.85020 1.24720
23.10180 32.47150 1.74170
23.71190 15.97470 1.00000
23.74300 15.49180 1.00000
23.54690 19.02710 1.26930
23.75700 15.44440 1.00000
23.76420 14.96110 1.00000
23.78910 15.05590 1.00000
