23.21300 18.50220
23.20090 18.50220
23.18070 18.50220
23.18100 18.50220
23.22420 18.50220
23.20230 18.50220
23.19670 18.50220
23.20090 18.50220
23.21610 18.50220
23.21240 18.50220
23.24990 18.50220
23.26660 18.50220
23.25410 18.50220
23.26040 18.50220
23.26460 18.50220
23.27490 18.50220
23.29600 18.50220
23.27370 18.50220
23.29780 18.50220
23.31000 18.50220
23.29830 18.50220
23.30880 18.50220
23.34430 18.50220
23.32500 18.50220
23.28800 18.50220
23.29760 18.50220
23.29230 18.50220
23.30920 18.50220
23.28750 18.50220
23.31250 18.50220
