21.75060 15.77580
21.76640 15.77580
21.78910 15.77580
21.73690 15.77580
21.72360 15.77580
21.76880 15.77580
21.85470 15.77580
21.77470 15.77580
21.78690 15.77580
21.82550 15.77580
21.75500 15.77580
21.74690 15.77580
21.75680 15.77580
21.76370 15.77580
21.76410 15.77580
21.76690 15.77580
21.75550 15.77580
21.75800 15.77580
21.74700 15.77580
21.75810 15.77580
21.74660 15.77580
21.74820 15.77580
21.74530 15.77580
21.77340 15.77580
21.76010 15.77580
21.74950 15.77580
21.79510 15.77580
21.73030 15.77580
21.79500 15.77580
21.77410 15.77580
