21.66320 14.04360
21.66350 14.11440
21.67530 14.13580
21.66690 14.11010
21.62560 14.30270
21.65380 14.16850
21.63630 14.26580
21.63730 14.36730
21.59160 15.37330
21.60380 15.34710
21.57990 15.73020
21.59440 15.47520
21.57470 15.56040
21.60140 15.50030
21.54030 16.23980
21.57170 15.86730
21.59210 15.41930
21.62020 15.33680
21.57640 15.44830
21.54110 16.09790
21.58020 15.51930
21.62160 14.86220
21.63230 14.65200
21.68970 14.15490
21.67960 14.14360
21.69860 14.15330
21.69850 14.09800
21.69110 14.48300
21.69160 14.53370
21.67320 14.62000
