20.82840 13.31760
20.82760 13.33050
20.82980 13.27920
20.84000 13.14010
20.83290 13.20280
20.83090 13.21310
20.85610 12.90730
20.85350 12.96510
20.80830 13.49420
20.80880 13.51150
20.79990 13.66320
20.83450 13.25570
20.82840 13.34850
20.84100 13.20130
20.83120 13.32250
20.81830 13.49810
20.82370 13.41530
20.82240 13.45410
20.83990 13.23890
20.82290 13.43950
20.79480 13.78980
20.80320 13.68850
20.81720 13.58000
20.83750 13.32540
20.82240 13.49520
20.81900 13.54510
20.79280 13.89230
20.82440 13.50110
20.80930 13.68550
20.82250 13.53320
