21.79250 10.25300
21.79460 10.19070
21.78450 10.40180
21.79020 10.33150
21.77370 10.50330
21.73650 10.93450
21.73640 10.94510
21.71360 11.09810
21.72360 10.99450
21.73550 10.84570
21.71580 10.97860
21.74940 10.60770
21.74250 10.65660
21.74860 10.64150
21.74310 10.67530
21.74140 10.76110
21.70050 11.16940
21.70730 11.09550
21.70000 11.32220
21.74400 10.83010
21.76460 10.59870
21.78350 10.45870
21.79530 10.43360
21.76270 10.56350
21.76240 10.60450
21.75560 10.70990
21.75300 10.74640
21.74100 10.82380
21.75580 10.66580
21.76640 10.53310
