21.83650 31.58270
21.80310 32.98950
21.78570 34.73780
21.77210 36.03290
21.77890 35.17000
21.79790 35.01110
21.77180 36.41990
21.72300 38.03210
21.70490 39.02230
21.68540 39.50930
21.64620 41.04140
21.69170 39.54340
21.67660 39.93580
21.65510 40.95320
21.55450 44.77000
21.61370 42.69310
21.57580 43.99840
21.56430 44.30110
21.50670 46.52360
21.52680 46.26130
21.53910 44.84850
21.58920 43.71220
21.62160 42.08950
21.55450 44.37120
21.64150 41.21590
21.63290 40.57860
21.58130 41.46740
21.60640 40.18190
21.66460 37.70320
21.62270 37.88710
