22.65680 8.92650 1.38810
22.63150 9.27260 1.45320
22.62550 9.72400 1.49830
22.63500 9.84200 1.49310
22.66260 9.36620 1.40100
22.67970 9.31810 1.38010
22.66010 9.70550 1.43800
22.60120 10.31990 1.55240
22.60880 10.35970 1.50780
22.56450 10.86530 1.59370
22.51960 11.61950 1.69850
22.55070 11.32330 1.69730
22.52720 11.58290 1.72440
22.49490 12.09510 1.78820
22.37760 13.69060 1.94450
22.46120 12.53330 1.81810
22.41240 13.23930 1.89590
22.38260 13.66700 1.95600
22.29730 15.00540 2.07450
22.32970 14.75340 2.04330
22.35850 13.86960 1.94560
22.41680 13.34660 1.89340
22.48470 12.18250 1.76460
22.40830 13.14640 1.84200
22.56150 11.07100 1.59170
22.52790 11.13510 1.62790
22.43180 12.03150 1.76220
22.48750 11.19560 1.63230
22.54250 10.45770 1.57240
22.48970 10.72140 1.62660
