22.59180 6.81200 1.55160
22.61310 6.53610 1.48720
22.60050 6.73530 1.52890
22.59320 6.81330 1.55290
22.57780 6.93140 1.58720
22.59610 6.70880 1.53360
22.58750 6.82310 1.55400
22.58550 6.88880 1.56360
22.62390 6.49530 1.45970
22.63400 6.42540 1.43540
22.63850 6.37310 1.42530
22.63830 6.38400 1.42580
22.63360 6.42010 1.43430
22.63580 6.40750 1.43130
22.63810 6.38270 1.42740
22.63070 6.44770 1.45210
22.62760 6.47210 1.45170
22.62650 6.46930 1.45680
22.62180 6.49720 1.46220
22.61980 6.51710 1.47070
22.61430 6.54190 1.47050
22.60130 6.68040 1.50510
22.59030 6.77140 1.53490
22.58750 6.82240 1.54960
22.58680 6.84610 1.54960
22.59410 6.75050 1.53640
22.56680 6.97200 1.60060
22.56390 7.01180 1.61190
22.55480 7.06530 1.61990
22.56300 7.04570 1.61120
