22.05790 17.99510
22.09730 16.96470
22.07340 17.68080
22.06010 17.77860
22.03710 18.38190
22.06960 17.47150
22.04370 18.34290
22.04060 18.45500
22.10250 17.06960
22.11590 16.89410
22.12400 16.72350
22.12230 16.73670
22.11530 16.89030
22.11650 16.85650
22.12320 16.67960
22.11080 16.92230
22.10240 17.08560
22.10590 16.98450
22.09830 17.06020
22.09500 17.11560
22.08490 17.26490
22.06350 17.71260
22.04710 18.03450
22.04730 18.01430
22.04330 18.13200
22.05790 17.81870
22.02410 18.27930
22.02100 18.31480
22.01180 18.44000
22.01660 18.53790
