21.14510 4.80000
21.14250 4.90610
21.13420 4.87400
21.14680 4.67340
21.15070 4.69430
21.13830 4.78200
21.14890 4.53850
21.12550 4.53270
21.13210 4.62380
21.14590 4.44900
21.16680 4.31080
21.15840 4.31140
21.14670 4.35800
21.14920 4.33090
21.13850 4.47510
21.13140 4.68210
21.12450 4.80440
21.14270 4.78520
21.13930 4.76370
21.12730 4.85980
21.11190 4.97630
21.11550 5.04430
21.12330 5.06490
21.13100 5.21960
21.13380 5.10460
21.12990 4.99820
21.14470 4.91320
21.15880 4.95680
21.18290 5.12800
21.17020 4.89420
