21.65430 13.08210
21.65450 13.14690
21.66320 13.16810
21.65110 13.22570
21.61280 13.44610
21.64000 13.31260
21.61970 13.42880
21.62180 13.48640
21.57860 14.45210
21.58860 14.43280
21.57000 14.69060
21.58340 14.49690
21.56530 14.56080
21.58840 14.48890
21.53740 15.08680
21.56470 14.78410
21.58550 14.44320
21.61000 14.34950
21.56660 14.55760
21.52810 15.21820
21.57840 14.51240
21.61260 13.89930
21.62350 13.75880
21.67590 13.30510
21.66940 13.22120
21.68580 13.20380
21.68860 13.15610
21.67780 13.47000
21.67610 13.58700
21.66330 13.62900
