21.42280 13.69980
21.44510 13.39570
21.47480 12.96820
21.44910 13.48920
21.45610 13.36250
21.41510 13.85540
21.37920 14.43380
21.38830 14.19030
21.39350 14.13210
21.41010 13.84010
21.41810 13.63710
21.40890 13.70610
21.40880 13.77010
21.39980 13.94360
21.37930 14.26840
21.38840 14.22230
21.39210 13.96930
21.36940 14.18170
21.36160 14.27430
21.36940 14.08920
21.37260 13.96400
21.36480 14.16100
21.33470 15.30270
21.38210 14.32220
21.37280 14.33720
21.39460 13.99330
21.43820 13.84450
21.41420 13.51350
21.39160 13.83100
21.40610 13.67930
