21.79050 5.61160 1.34880
21.80100 5.50230 1.31350
21.81240 5.33780 1.27110
21.80540 5.50640 1.30750
21.80270 5.46450 1.28680
21.79010 5.63740 1.35110
21.77220 5.79630 1.39560
21.77350 5.73180 1.38200
21.77720 5.69730 1.36780
21.78300 5.60770 1.33580
21.78890 5.47430 1.30860
21.77740 5.58120 1.33370
21.78050 5.57400 1.32940
21.77660 5.64610 1.34860
21.76940 5.71940 1.36550
21.77130 5.73660 1.36320
21.77130 5.64860 1.35020
21.75170 5.77040 1.37630
21.74560 5.79950 1.38660
21.74880 5.70460 1.36880
21.75320 5.65270 1.36060
21.75050 5.71540 1.36940
21.75110 5.84700 1.39740
21.76350 5.79890 1.37010
21.75600 5.80980 1.38260
21.76590 5.66480 1.33830
21.77460 5.42660 1.28250
21.76910 5.51200 1.30080
21.76170 5.63910 1.34420
21.76680 5.56640 1.31390
