21.41190 11.43030
21.42060 11.50540
21.41280 11.73420
21.42300 11.13710
21.42840 10.96510
21.45440 10.37620
21.43470 10.93450
21.44290 11.12950
21.43870 11.25870
21.43600 11.44630
21.45260 11.22880
21.45280 11.58510
21.45240 11.29120
21.45130 10.92310
21.45720 10.79640
21.43990 11.43950
21.43350 11.58620
21.42900 11.20140
21.43990 11.33400
21.43270 11.26290
21.44100 10.98820
21.43390 11.35730
21.43800 11.01170
21.44940 10.66890
21.45120 10.40310
21.44470 10.69240
21.42570 11.09650
21.41850 11.31290
21.43150 11.13850
21.41890 11.28030
