#21	21.5	22	22.5
21.3813	22.0131	23.1509	26.0741
21.4006	22.002	22.6267	26.1214
21.3938	22.0289	22.6084	25.7851
21.3947	22.0139	22.6875	26.1758
21.3961	22.0194	22.6873	25.8284
21.3798	22.0026	22.6978	26.4506
21.4042	22.0258	22.6905	23.4638
21.4069	22.0181	22.6801	23.4712
21.4102	22.0337	22.6438	23.5221
21.4025	22.0406	22.6681	23.4104
21.4086	21.9966	22.6767	23.3906
21.3809	22.0026	22.6509	23.3481
21.391	22.0271	22.676	23.3829
21.395	22.0337	22.7297	24.7982
21.421	22.0407	22.7861	24.5251
21.4075	22.0407	22.8547	24.5155
21.4053	22.0204	22.8298	23.2703
21.3948	22.0068	22.8057	25.1416
21.4113	22.0306	22.8931	23.329
21.4133	22.0434	22.8653	23.2193
21.4011	22.0349	22.8406	24.4022
21.4181	22.0226	22.7746	24.446
21.4127	22.0197	22.7638	24.9347
21.373	22.0224	22.8525	23.3149
21.3857	22.026	22.8741	23.3669
21.3935	22.0044	22.8316	27.2462
21.3997	21.9944	22.8281	24.6795
21.3768	21.9828	22.7486	24.1784
21.3717	21.997	22.7268	24.6795
21.3823	22.0044	22.6853	24.1784

