21.50920 16.23840
21.51510 16.38570
21.50960 16.43960
21.49600 16.57710
21.52710 16.12510
21.52120 16.42040
21.49600 16.38780
21.50190 16.46860
21.50540 16.41600
21.51400 16.24610
21.48520 16.62490
21.46750 17.04910
21.49430 16.43720
21.49470 16.48440
21.49940 16.38560
21.50900 16.48950
21.51010 16.48120
21.51540 16.23940
21.53010 16.10790
21.51590 16.32560
21.51890 16.31840
21.54870 15.82650
21.51560 16.33210
21.53410 15.99850
21.51700 16.19610
21.50140 16.46770
21.51950 15.98730
21.49420 16.51000
21.49700 16.46010
21.49970 16.43170
