23.04350 11.13410
23.05840 11.25470
23.06510 11.03980
23.06760 10.88390
23.02720 11.23470
23.04550 11.04260
23.01940 10.96590
23.01290 10.87630
23.02560 11.16070
23.02080 11.53580
23.01960 10.98730
23.03400 10.90210
23.02750 10.85180
23.01860 11.33710
22.98640 11.81060
23.03030 10.89650
23.05040 10.66350
23.01200 10.92150
22.98860 11.23070
22.98860 11.14560
22.99180 11.15100
23.02020 10.85170
23.01940 10.87730
23.03030 10.78830
22.97570 11.25930
23.01530 10.58670
22.99500 10.67370
23.01180 10.55450
22.99690 10.74610
23.01000 10.78760
