22.23650 5.60140
22.22870 7.45910
22.23760 6.08710
22.24390 5.54360
22.25420 5.79450
22.25490 6.87880
22.22300 7.78430
22.23730 7.06380
22.24320 6.47720
22.24080 5.99090
22.27320 6.11360
22.23200 7.34630
22.25780 6.06570
22.27180 5.25430
22.25800 5.67430
22.25640 6.34430
22.23150 7.54240
22.20140 7.86590
22.20560 10.42240
22.24640 8.91640
22.22270 10.62580
22.26480 8.71140
22.27050 8.42730
22.24510 7.69370
22.22210 7.51500
22.23370 7.65350
22.23650 6.93040
22.22620 7.16900
22.23090 6.92090
22.23510 7.85530
