22.79630 6.56080 1.00000
22.81040 7.28130 1.00000
22.81680 6.89030 1.00000
22.80670 6.56520 1.00000
22.83280 6.77650 1.00000
22.84550 7.29970 1.00000
22.86030 7.48420 1.00000
22.82820 7.34930 1.00000
22.81630 7.01430 1.00000
22.82060 6.83290 1.00000
22.84400 6.83470 1.00000
22.81910 7.31540 1.00000
22.83360 6.82840 1.00000
22.83510 6.44800 1.00000
22.83840 6.75140 1.00000
22.82570 6.86640 1.00000
22.82840 7.46630 1.00000
22.78930 7.41370 1.00000
22.87160 8.70630 1.00000
22.87400 7.82030 1.01480
22.89650 8.83110 1.00000
22.90150 7.92290 1.00000
22.90160 7.81900 1.00000
22.88170 7.48750 1.00000
22.80860 7.32850 1.00000
22.83610 7.49550 1.00000
22.82390 7.21290 1.00000
22.80200 7.12740 1.00000
22.81650 7.18890 1.00000
22.87390 7.50310 1.00000
