21.82000 10.10160
21.83510 10.08720
21.83140 10.02280
21.81550 10.02930
21.82850 10.09620
21.82100 10.07800
21.80840 10.09560
21.81360 10.16140
21.82780 10.16460
21.82560 10.25240
21.80950 10.24570
21.82240 10.25950
21.82150 10.20740
21.81140 10.30390
21.81350 10.21800
21.81350 10.24200
21.80270 10.22060
21.80200 10.27170
21.82170 10.29620
21.80020 10.22320
21.80720 10.32600
21.81060 10.29350
21.79850 10.32040
21.82090 10.31190
21.82350 10.29330
21.82750 10.23240
21.81420 10.16070
21.78730 10.29510
21.80280 10.22630
21.81830 10.29160
