21.14360 4.99720
21.13990 4.96300
21.14300 4.88930
21.13420 4.79070
21.13290 4.99170
21.12260 4.95350
21.12850 4.88060
21.12490 5.07510
21.12930 4.96320
21.12700 4.90640
21.12790 4.76070
21.12680 4.67200
21.12490 4.43930
21.12420 4.32700
21.12300 4.53370
21.12520 4.44180
21.12250 4.50230
21.11860 4.57890
21.13410 4.47580
21.11990 4.43600
21.12310 4.50190
21.14090 4.51100
21.14220 4.76970
21.14390 4.93440
21.14040 4.76580
21.13610 4.79730
21.14080 4.79030
21.13010 4.80950
21.12820 4.89410
21.13500 4.80410
