22.33720 13.30250
22.33690 13.30250
22.33410 13.30250
22.34960 13.30250
22.36010 13.30250
22.32920 13.30250
22.32310 13.30250
22.30990 13.30250
22.32060 13.30250
22.31260 13.30250
22.34900 13.30250
22.34870 13.30250
22.35480 13.30250
22.33340 13.30250
22.36840 13.30250
22.38700 13.30250
22.34930 13.30250
22.34770 13.30250
22.33290 13.30250
22.31910 13.30250
22.28480 13.30250
22.30950 13.30250
22.30500 13.30250
22.30850 13.30250
22.26610 13.30250
22.28790 13.30250
22.30970 13.30250
22.32350 13.30250
22.29900 13.30250
22.31330 13.30250
