21.99550 10.72530 1.00000
21.98640 10.97850 1.00000
21.99620 10.86770 1.00000
21.98900 10.97840 1.00000
21.99100 10.84490 1.00000
22.02090 10.28280 1.00000
22.00000 10.59090 1.00000
21.95040 11.55640 1.00000
21.90770 12.36210 1.00000
21.91400 12.16690 1.00000
21.95660 11.76330 1.00000
21.91490 12.21070 1.00000
21.96260 11.72780 1.00000
21.92430 12.07760 1.00000
21.98750 11.16100 1.00000
21.93940 12.36440 1.00000
21.96570 11.60420 1.00000
21.98510 11.13550 1.00000
21.99280 11.03330 1.00000
21.97580 11.38790 1.00000
21.99610 11.01470 1.00000
22.02360 10.49960 1.00000
22.02560 10.38600 1.00000
22.00950 10.64450 1.00000
22.01920 10.45910 1.00000
22.02990 10.11730 1.00000
22.01310 10.34590 1.00000
22.02850 10.11520 1.00000
22.02920 10.20150 1.00000
22.03800 10.14420 1.00000
