21.43470 20.74730
21.41290 21.35250
21.42680 21.08080
21.41260 21.40890
21.42210 21.09850
21.47950 19.65230
21.44170 20.40130
21.35090 22.82450
21.31980 24.05620
21.33490 23.60170
21.34940 23.26450
21.33370 23.68550
21.35830 23.06290
21.35270 23.26280
21.41470 21.59510
21.31330 24.42090
21.36920 22.69680
21.41230 21.60590
21.42410 21.37470
21.39200 22.29100
21.42690 21.39500
21.47850 20.06260
21.48630 19.73700
21.45900 20.40080
21.47710 19.91680
21.50600 19.06470
21.47690 19.66600
21.50190 19.10420
21.50340 19.24780
21.51220 19.12100
