22.22930 6.48280
22.20740 6.48280
22.20660 6.48280
22.22640 6.48280
22.23090 6.48280
22.23310 6.48280
22.22480 6.48280
22.22520 6.48280
22.22780 6.48280
22.21560 6.48280
22.22870 6.48280
22.19470 6.48280
22.25690 6.48280
22.21500 6.48280
22.14840 6.48280
22.23400 6.48280
22.22530 6.48280
22.21430 6.48280
22.25080 6.48280
22.21860 6.48280
22.26380 6.48280
22.26650 6.48280
22.24270 6.48280
22.24800 6.48280
22.19360 6.48280
22.21110 6.48280
22.18680 6.48280
22.18600 6.48280
22.00150 6.48280
22.21970 6.48280
