21.96520 9.73400
21.95540 11.06300
21.94770 11.36320
21.93640 14.66800
21.95840 10.73070
21.95940 9.61270
21.91290 9.90850
21.94770 9.55640
21.93530 8.49860
21.97940 9.28170
21.96620 8.33670
21.97180 9.54720
21.95680 8.87380
21.95170 12.04770
21.98040 9.67940
21.95940 11.13490
21.95740 8.84700
21.96090 8.05670
21.95360 7.05000
21.94990 7.86740
21.94410 8.76890
21.94360 7.32600
21.95320 6.62630
21.98850 7.11590
22.00230 6.48680
22.00560 7.88450
22.03740 8.07930
22.00630 7.47280
21.98990 6.37210
22.01950 6.57800
