21.91390 10.05880 4.00000
21.89260 11.69360 4.00000
21.43730 44.16140 4.00000
21.34840 55.37330 4.00000
21.90120 11.23850 4.00000
21.91370 9.86510 4.00000
21.88260 10.08190 4.00000
21.90250 9.80360 4.00000
21.91010 8.56010 4.00000
21.92810 9.53580 4.00000
21.93700 8.39410 4.00000
21.93060 9.75060 4.00000
21.92690 8.96510 4.00000
21.43030 46.62720 4.00000
21.92820 9.97110 4.00000
21.43770 45.67490 4.00000
21.93140 8.91100 4.00000
21.95110 8.06850 4.00000
22.08630 7.12780 3.00420
21.93760 7.87950 4.00000
21.92220 8.82570 4.00000
21.94280 7.31710 4.00000
22.11100 6.85120 2.85210
21.98740 7.11260 4.00000
22.13870 6.67660 2.97780
21.83150 8.19310 4.00000
22.00890 8.14260 4.00000
21.99900 7.47630 4.00000
22.20080 6.68780 2.51910
22.18530 6.76280 2.78280
