21.69310 52.46330
21.69080 52.64510
21.73390 50.87010
21.72190 51.32970
21.78370 48.33130
21.73770 49.96390
21.69380 51.66560
21.68580 51.56370
21.69980 51.98020
21.72290 51.79920
21.69620 51.81300
21.71830 50.80630
21.74960 50.13700
21.74560 49.80900
21.78480 47.80430
21.74690 48.59560
21.81110 45.40540
21.78930 47.70520
21.80730 47.60320
21.73510 48.14280
21.82090 43.67810
21.74730 48.10310
21.80520 45.78830
21.78950 46.91870
21.69930 49.51240
21.70260 48.68630
21.67980 48.83840
21.67980 49.22290
21.66420 49.00110
21.67660 48.30080
