20.58080 4.19240 2.56350
20.56530 4.30360 2.65020
20.56530 4.31470 2.66790
20.56400 4.31020 2.67040
20.57310 4.24640 2.61410
20.58060 4.18420 2.56650
20.58040 4.18100 2.56860
20.57580 4.20170 2.57140
20.57410 4.21470 2.58750
20.57770 4.18720 2.55140
20.58010 4.16980 2.54540
20.58870 4.12230 2.50330
20.57330 4.21470 2.57450
20.57640 4.19590 2.56610
20.57480 4.21210 2.58770
20.58130 4.15230 2.53770
20.57880 4.15320 2.52830
20.56240 4.26270 2.61860
20.57500 4.18140 2.55010
20.57020 4.18860 2.56880
20.56730 4.20160 2.58150
20.56660 4.20860 2.59080
20.56160 4.21950 2.60360
20.56510 4.20120 2.59130
20.56400 4.20200 2.57880
20.56390 4.21510 2.59090
20.56940 4.18840 2.56480
20.56620 4.20290 2.57730
20.57070 4.18010 2.56290
20.57340 4.18550 2.57680
