20.35550 6.63360
20.35550 6.60910
20.35900 6.58030
20.35810 6.56840
20.35750 6.59770
20.35720 6.60940
20.35880 6.59590
20.35460 6.61130
20.35420 6.61940
20.35340 6.62860
20.35340 6.62080
20.35590 6.63280
20.35140 6.63170
20.35370 6.61620
20.35630 6.58560
20.35490 6.59980
20.34930 6.63660
20.34690 6.61510
20.34980 6.63860
20.34710 6.60630
20.34640 6.59660
20.34710 6.58700
20.34450 6.57310
20.34530 6.57680
20.34320 6.60040
20.34380 6.60180
20.34490 6.61700
20.34430 6.61240
20.34700 6.60730
20.35230 6.58950
