23.18210 9.05000 1.48120
23.19740 8.90090 1.47010
23.19480 9.03390 1.50080
23.17030 9.41710 1.57700
23.23530 8.57380 1.45680
23.24290 7.96890 1.28600
23.20810 8.12950 1.28570
23.20670 8.07150 1.20200
23.25700 7.51650 1.17170
23.22270 7.81750 1.16650
23.13570 9.06220 1.31030
23.18570 7.98590 1.16240
23.19250 8.20250 1.23750
23.23960 7.59500 1.15250
23.22280 7.70100 1.13940
23.20860 7.99920 1.27280
23.24900 7.42670 1.13380
23.20580 7.86450 1.15540
23.20000 7.69950 1.11990
23.18330 7.82700 1.11060
23.18100 7.96520 1.13880
23.16820 8.30260 1.23310
23.23550 7.46030 1.09950
23.23240 7.38760 1.10330
23.24530 7.76390 1.24190
23.20590 8.05920 1.21810
23.13770 8.71580 1.33410
23.17390 7.96340 1.20980
23.13780 8.26520 1.21250
23.16650 7.99560 1.24370
