21.30690 8.69410 1.66340
21.30560 8.70010 1.66700
21.27590 8.99720 1.70870
21.28710 8.91040 1.69590
21.27910 8.93140 1.68700
21.29070 8.85340 1.67400
21.28100 8.92250 1.68440
21.28890 8.81790 1.67640
21.26760 9.08530 1.71200
21.29900 8.80840 1.67900
21.26600 9.14540 1.72310
21.26680 9.13360 1.71960
21.24120 9.49280 1.76630
21.20540 9.89420 1.81910
21.24180 9.50940 1.77110
21.23780 9.57000 1.77900
21.21910 9.78710 1.81020
21.21470 9.80350 1.80800
21.21110 9.91440 1.82440
21.23990 9.60420 1.78440
21.23450 9.61420 1.78950
21.22780 9.69110 1.80830
21.21300 9.86720 1.82920
21.22410 9.74040 1.81750
21.20730 9.90630 1.83450
21.22300 9.76050 1.80390
21.19590 10.13060 1.84690
21.21120 9.90060 1.81900
21.23270 9.66230 1.79160
21.23150 9.66020 1.78260
