22.24840 27.47570
22.20830 28.28860
22.26580 25.86860
22.19490 28.23460
22.14660 29.82140
22.15190 29.54030
22.21640 27.01700
22.23530 26.36740
22.22590 26.86420
22.26520 25.97890
22.28790 25.38900
22.32090 24.49770
22.30840 24.70940
22.29330 25.08480
22.31340 24.62380
22.35390 23.58430
22.40570 23.02910
22.41060 23.43290
22.39330 24.06090
22.39690 23.26870
22.37490 23.77140
22.40900 22.68910
22.39370 23.38950
22.39030 23.26560
22.38780 23.24720
22.35650 24.22220
22.38570 23.39670
22.37560 23.51440
22.26660 26.50820
22.24420 27.62050
