21.68230 8.49850 2.02430
21.67870 8.42020 2.00290
21.68680 8.47430 1.99440
21.66580 8.74010 2.04010
21.65280 8.79380 2.07270
21.63210 9.06390 2.13310
21.66270 8.71330 2.06350
21.61550 9.09480 2.14130
21.59000 9.53950 2.20540
21.58860 9.89630 2.24040
21.57080 9.86230 2.26360
21.55830 10.26030 2.30350
21.56010 10.39890 2.30170
21.53170 10.91580 2.35940
21.50960 11.35010 2.40930
21.49970 11.52640 2.44110
21.50910 11.26740 2.42800
21.51100 11.17110 2.39520
21.50120 11.44090 2.44200
21.52660 10.86580 2.38730
21.52890 10.84160 2.39940
21.53320 10.67780 2.39490
21.53050 10.73400 2.39550
21.51100 10.96560 2.42600
21.50810 10.89990 2.42040
21.47190 11.41840 2.47540
21.44000 11.89700 2.54330
21.49050 11.11630 2.43650
21.50050 11.22640 2.44600
21.51130 11.21870 2.43460
