21.11160 21.78590
21.10360 21.59550
21.10110 22.09610
21.08840 22.26550
21.08520 22.11040
21.07780 22.22910
21.09320 21.99820
21.05640 22.38470
21.03870 23.10350
21.03580 23.86100
21.03200 23.27930
21.01560 24.29430
21.01170 24.74460
20.99310 25.35820
20.96320 26.69410
20.97480 26.13530
20.99500 25.14390
20.97350 25.88170
20.97950 25.81640
21.00090 24.80980
21.01590 24.28150
21.02460 23.77880
21.01840 24.02070
21.00410 24.24960
21.00190 24.23180
20.97010 25.08110
20.95420 25.44660
20.98680 24.45720
20.99230 24.95900
20.99920 25.14170
