20.45110 9.33970
20.45010 9.34660
20.45370 9.30880
20.45070 9.31520
20.44740 9.32160
20.45190 9.30710
20.45030 9.32650
20.45340 9.29910
20.45060 9.32290
20.45430 9.28930
20.45460 9.25980
20.44710 9.30850
20.44130 9.32500
20.44610 9.29390
20.44050 9.31960
20.43270 9.38090
20.43160 9.38930
20.43930 9.35620
20.43550 9.37370
20.44140 9.34870
20.44190 9.36190
20.44400 9.37520
20.43930 9.41820
20.43710 9.44230
20.43480 9.46910
20.43600 9.45500
20.44080 9.42810
20.44270 9.38850
20.43000 9.50100
20.43780 9.45710
