20.50070 8.71220 1.85220
20.49940 8.72240 1.85360
20.50840 8.61990 1.83640
20.50600 8.61940 1.83490
20.50160 8.63980 1.83860
20.50700 8.61430 1.83540
20.50270 8.66510 1.84380
20.51090 8.57750 1.82790
20.50700 8.61270 1.83150
20.51550 8.52470 1.81670
20.52020 8.44560 1.80290
20.50750 8.55250 1.81960
20.50110 8.57480 1.82160
20.51030 8.49380 1.80690
20.50220 8.54810 1.81610
20.48670 8.70120 1.83950
20.48620 8.69990 1.83890
20.49800 8.61830 1.82580
20.49420 8.63630 1.82660
20.50260 8.58200 1.81940
20.49920 8.64100 1.83070
20.49870 8.68370 1.83780
20.48690 8.81200 1.85990
20.47970 8.89630 1.87490
20.47300 8.97660 1.88810
20.47580 8.94240 1.88310
20.48360 8.88100 1.87430
20.49410 8.73620 1.84780
20.46220 9.08370 1.90620
20.47540 8.97200 1.88970
