22.08550 62.96020
22.08250 63.86470
22.32240 47.36150
22.11080 62.57600
22.20210 56.03710
22.36220 44.43520
22.37520 44.19030
22.29720 47.80470
22.23330 50.53390
22.18870 52.57940
22.02160 64.74410
21.96560 67.14280
22.22830 49.53920
22.19140 52.95740
21.98590 67.37150
21.93560 70.63310
21.96870 66.06710
21.80820 77.62910
21.80740 78.59550
21.92450 70.28010
21.92430 69.91950
21.92350 70.08790
21.92720 71.31880
21.99360 67.20020
21.94190 70.51050
21.99210 67.92230
22.22060 50.88630
21.97020 68.86570
22.21330 51.94670
22.16540 52.87730
