22.38400 7.00190
22.37550 7.10980
22.38600 7.02230
22.38130 6.49660
22.37770 6.46540
22.37880 6.13950
22.37110 6.40390
22.36720 6.75960
22.37590 6.75290
22.37610 5.99250
22.40430 5.91840
22.39990 5.37360
22.39680 4.97670
22.44220 5.04240
22.44240 4.62020
22.47760 4.68450
22.44310 4.76910
22.44130 5.12080
22.45010 5.24090
22.44590 5.55510
22.45100 5.77090
22.46220 5.96980
22.45100 5.34040
22.42970 5.10520
22.41770 5.00270
22.43990 5.20080
22.44190 5.34350
22.44450 4.81810
22.45360 5.03550
22.43440 5.38560
