22.50640 7.58250
22.47820 7.58250
22.37950 7.58250
22.44700 7.58250
22.47060 7.58250
22.55040 7.58250
22.46590 7.58250
22.44500 7.58250
22.52330 7.58250
22.53260 7.58250
22.54620 7.58250
22.45110 7.58250
22.46540 7.58250
22.51470 7.58250
22.47000 7.58250
22.46520 7.58250
22.43930 7.58250
22.48030 7.58250
22.47170 7.58250
22.51790 7.58250
22.45580 7.58250
22.50630 7.58250
22.46870 7.58250
22.44960 7.58250
22.51810 7.58250
22.44120 7.58250
22.40630 7.58250
22.45010 7.58250
22.46310 7.58250
22.43100 7.58250
