21.54280 9.18910 1.00000
21.54240 9.18840 1.00000
21.53730 9.21310 1.00000
21.52560 9.30550 1.00000
21.51220 9.41400 1.00000
21.51870 9.38310 1.00000
21.51270 9.50520 1.00000
21.52090 9.48010 1.00000
21.50830 9.51110 1.00000
21.49950 9.55750 1.00000
21.50390 9.55180 1.00000
21.50600 9.53130 1.00000
21.50310 9.57120 1.00000
21.47560 9.89590 1.00000
21.45420 10.06050 1.00000
21.43380 10.33060 1.00000
21.42390 10.44730 1.00000
21.37960 10.93920 1.00000
21.38840 10.82920 1.00000
21.40170 10.61100 1.00000
21.40670 10.58540 1.00000
21.42230 10.45550 1.00000
21.43680 10.30530 1.00000
21.44470 10.24940 1.00000
21.44760 10.19380 1.00000
21.45560 10.12910 1.00000
21.45020 10.11320 1.00000
21.45300 10.14100 1.00000
21.46110 9.99920 1.00000
21.45160 10.07870 1.00000
