20.82920 18.72790
20.83010 18.72290
20.82390 18.75780
20.81110 18.94820
20.79600 19.18730
20.80070 19.16670
20.79370 19.43930
20.80270 19.38060
20.79020 19.39630
20.78000 19.49840
20.78490 19.50260
20.78920 19.38850
20.78360 19.53370
20.75140 20.26550
20.72630 20.64100
20.69720 21.37790
20.68700 21.58890
20.64860 22.50340
20.64700 22.40150
20.66310 21.93390
20.66940 21.87040
20.68630 21.61230
20.70430 21.24060
20.71320 21.11750
20.71600 21.01780
20.72610 20.84880
20.72230 20.77190
20.72410 20.86100
20.73560 20.50080
20.72400 20.69060
