21.92890 25.38020
21.91080 25.88110
21.94780 25.19700
21.96500 24.21070
22.00500 23.37320
21.93670 25.09080
21.91410 26.11730
21.95130 25.00730
21.91170 25.83320
21.96750 24.64090
21.94050 25.20860
21.87990 27.31250
21.90960 25.60650
21.89700 25.80510
21.92540 25.12810
21.90730 25.15290
22.00430 23.59810
22.01550 23.13080
21.98120 23.82460
21.99160 23.77580
21.97690 24.33940
21.93600 25.24690
21.90340 25.35740
21.85860 27.17980
21.91930 24.99230
21.98640 23.91890
21.96280 24.98640
21.98090 24.60830
21.94600 25.43550
21.98790 23.77970
