22.37300 12.88250
22.40660 12.37090
22.38860 12.59000
22.38360 12.54600
22.38990 12.43970
22.37250 12.51870
22.34140 12.68950
22.34070 12.75680
22.35960 12.57540
22.33120 12.89460
22.36130 12.66290
22.34050 12.60210
22.31890 13.16720
22.32640 12.97340
22.35890 12.41470
22.33840 12.72580
22.28090 13.24540
22.30430 12.98040
22.31200 12.96570
22.31420 12.78670
22.30970 12.76540
22.34010 12.36280
22.35790 12.21920
22.36140 12.07940
22.37870 12.09130
22.38590 11.90420
22.36950 12.08440
22.36520 12.14450
22.38280 12.02560
22.35280 12.40970
