23.07220 17.17630
22.98490 17.17630
22.99470 17.17630
22.97070 17.17630
23.02580 17.17630
22.98110 17.17630
22.97300 17.17630
22.98620 17.17630
22.94810 17.17630
22.92030 17.17630
22.92690 17.17630
22.95290 17.17630
22.99120 17.17630
22.99970 17.17630
23.00140 17.17630
23.03770 17.17630
23.02040 17.17630
23.04810 17.17630
23.06800 17.17630
23.02250 17.17630
23.03750 17.17630
23.03550 17.17630
23.02390 17.17630
23.02740 17.17630
22.95950 17.17630
22.97620 17.17630
23.02520 17.17630
22.98850 17.17630
23.00620 17.17630
22.95800 17.17630
