22.24870 14.99570
22.25520 14.99570
22.26310 14.99570
22.21980 14.99570
22.20280 14.99570
22.17830 14.99570
22.19490 14.99570
22.23160 14.99570
22.20910 14.99570
22.19110 14.99570
22.21680 14.99570
22.22670 14.99570
22.21400 14.99570
22.22420 14.99570
22.23070 14.99570
22.21580 14.99570
22.22050 14.99570
22.23560 14.99570
22.18510 14.99570
22.17610 14.99570
22.14930 14.99570
22.20060 14.99570
22.21130 14.99570
22.22480 14.99570
22.22300 14.99570
22.23190 14.99570
22.21400 14.99570
22.20910 14.99570
22.23200 14.99570
22.20500 14.99570
