21.42600 5.49660
21.41010 5.43340
21.42470 5.47370
21.43530 5.51230
21.42160 5.45550
21.43180 5.54450
21.41450 5.59450
21.43080 5.72810
21.43120 5.60940
21.42900 5.38750
21.41010 5.20610
21.41640 5.25850
21.42650 5.46480
21.42140 5.41880
21.41710 5.49720
21.42660 5.57390
21.41610 5.57040
21.41390 5.40900
21.41980 5.75490
21.41390 5.92470
21.40580 5.64420
21.41020 5.29840
21.41560 5.38640
21.41240 5.13740
21.41310 4.95900
21.41460 4.77800
21.40420 4.83530
21.40020 4.82130
21.41520 5.01440
21.42490 5.09050
