 33 69 1
 34 70 9
 35 72 9
 36 73 -1
 37 73 9
 38 73 9
 39 73 9
 40 73 9
 41 73 9
 42 73 9
 43 73 9
 44 73 9
 45 74 9
 46 74 9
 47 74 9
 48 74 9
 49 74 9
 50 74 9
 51 74 9
 52 74 9
 53 74 -1
 54 73 9
 55 73 9
 56 72 9
 57 72 9
 58 71 9
 59 70 9
 60 70 9
 61 69 9
 62 68 9
 63 68 9
 64 67 9
 65 67 9
 66 66 9
 67 65 9
 68 65 9
 69 64 -1
 70 62 9
 71 59 9
 72 57 9
 73 54 9
 74 52 -1
 75 35 1
 74 34 9
 73 34 9
 72 33 9
 71 32 -1
 70 32 9
 69 33 9
 68 33 9
 67 33 -1
 66 34 9
 65 35 9
 64 35 9
 63 36 -1
 62 38 9
 61 40 9
 60 42 9
 59 45 9
 58 47 9
 57 49 9
 56 51 9
 55 53 -1
 54 54 9
 53 55 9
 52 56 9
 51 57 9
 50 57 9
 49 58 9
 48 59 9
 47 60 9
 46 61 -1
 45 62 9
 44 62 9
 43 63 9
 42 63 9
 41 64 9
 40 65 9
 39 65 9
 38 66 9
 37 67 9
 36 67 9
 35 68 9
 34 68 9
