 14 51
 15 38
 15 39
 15 40
 15 41
 15 42
 15 43
 15 44
 15 45
 15 46
 15 47
 15 48
 15 49
 15 50
 15 51
 15 52
 15 53
 15 54
 15 55
 16 36
 16 37
 16 38
 16 39
 16 40
 16 41
 16 42
 16 43
 16 44
 16 45
 16 46
 16 47
 16 48
 16 49
 16 50
 16 51
 16 52
 16 53
 16 54
 16 55
 16 56
 16 57
 16 58
 16 59
 17 34
 17 35
 17 36
 17 37
 17 38
 17 39
 17 40
 17 41
 17 42
 17 43
 17 44
 17 45
 17 46
 17 47
 17 48
 17 49
 17 50
 17 51
 17 52
 17 53
 17 54
 17 55
 17 56
 17 57
 17 58
 17 59
 17 60
 17 61
 17 62
 17 63
 17 63
 18 32
 18 33
 18 34
 18 35
 18 36
 18 37
 18 38
 18 39
 18 40
 18 41
 18 42
 18 43
 18 44
 18 45
 18 46
 18 47
 18 48
 18 49
 18 50
 18 51
 18 52
 18 53
 18 54
 18 55
 18 56
 18 57
 18 58
 18 59
 18 60
 18 61
 18 62
 18 63
 18 64
 19 30
 19 31
 19 32
 19 33
 19 34
 19 35
 19 36
 19 37
 19 38
 19 39
 19 40
 19 41
 19 42
 19 43
 19 44
 19 45
 19 46
 19 47
 19 48
 19 49
 19 50
 19 51
 19 52
 19 53
 19 54
 19 55
 19 56
 19 57
 19 58
 19 59
 19 60
 19 61
 19 62
 19 63
 19 64
 19 65
 20 28
 20 29
 20 30
 20 31
 20 32
 20 33
 20 34
 20 35
 20 36
 20 37
 20 38
 20 39
 20 40
 20 41
 20 42
 20 43
 20 44
 20 45
 20 46
 20 47
 20 48
 20 49
 20 50
 20 51
 20 52
 20 53
 20 54
 20 55
 20 56
 20 57
 20 58
 20 59
 20 60
 20 61
 20 62
 20 63
 20 64
 20 65
 20 66
 21 27
 21 28
 21 29
 21 30
 21 31
 21 32
 21 33
 21 34
 21 35
 21 36
 21 37
 21 38
 21 39
 21 40
 21 41
 21 42
 21 43
 21 44
 21 45
 21 46
 21 47
 21 48
 21 49
 21 50
 21 51
 21 52
 21 53
 21 54
 21 55
 21 56
 21 57
 21 58
 21 59
 21 60
 21 61
 21 62
 21 63
 21 64
 21 65
 21 66
 21 67
 21 67
 22 27
 22 28
 22 29
 22 30
 22 31
 22 32
 22 33
 22 34
 22 35
 22 36
 22 37
 22 38
 22 39
 22 40
 22 41
 22 42
 22 43
 22 44
 22 45
 22 46
 22 47
 22 48
 22 49
 22 50
 22 51
 22 52
 22 53
 22 54
 22 55
 22 56
 22 57
 22 58
 22 59
 22 60
 22 61
 22 62
 22 63
 22 64
 22 65
 22 66
 22 67
 23 26
 23 27
 23 28
 23 29
 23 30
 23 31
 23 32
 23 33
 23 34
 23 35
 23 36
 23 37
 23 38
 23 39
 23 40
 23 41
 23 42
 23 43
 23 44
 23 45
 23 46
 23 47
 23 48
 23 49
 23 50
 23 51
 23 52
 23 53
 23 54
 23 55
 23 56
 23 57
 23 58
 23 59
 23 60
 23 61
 23 62
 23 63
 23 64
 23 65
 23 66
 23 67
 23 68
 24 25
 24 26
 24 27
 24 28
 24 29
 24 30
 24 31
 24 32
 24 33
 24 34
 24 35
 24 36
 24 37
 24 38
 24 39
 24 40
 24 41
 24 42
 24 43
 24 44
 24 45
 24 46
 24 47
 24 48
 24 49
 24 50
 24 51
 24 52
 24 53
 24 54
 24 55
 24 56
 24 57
 24 58
 24 59
 24 60
 24 61
 24 62
 24 63
 24 64
 24 65
 24 66
 24 67
 24 68
 25 24
 25 25
 25 26
 25 27
 25 28
 25 29
 25 30
 25 31
 25 32
 25 33
 25 34
 25 35
 25 36
 25 37
 25 38
 25 39
 25 40
 25 41
 25 42
 25 43
 25 44
 25 45
 25 46
 25 47
 25 48
 25 49
 25 50
 25 51
 25 52
 25 53
 25 54
 25 55
 25 56
 25 57
 25 58
 25 59
 25 60
 25 61
 25 62
 25 63
 25 64
 25 65
 25 66
 25 67
 25 68
 25 69
 26 24
 26 25
 26 26
 26 27
 26 28
 26 29
 26 30
 26 31
 26 32
 26 33
 26 34
 26 35
 26 36
 26 37
 26 38
 26 39
 26 40
 26 41
 26 42
 26 43
 26 44
 26 45
 26 46
 26 47
 26 48
 26 49
 26 50
 26 51
 26 52
 26 53
 26 54
 26 55
 26 56
 26 57
 26 58
 26 59
 26 60
 26 61
 26 62
 26 63
 26 64
 26 65
 26 66
 26 67
 26 68
 26 69
 27 23
 27 24
 27 25
 27 26
 27 27
 27 28
 27 29
 27 30
 27 31
 27 32
 27 33
 27 34
 27 35
 27 36
 27 37
 27 38
 27 39
 27 40
 27 41
 27 42
 27 43
 27 44
 27 45
 27 46
 27 47
 27 48
 27 49
 27 50
 27 51
 27 52
 27 53
 27 54
 27 55
 27 56
 27 57
 27 58
 27 59
 27 60
 27 61
 27 62
 27 63
 27 64
 27 65
 27 66
 27 67
 27 68
 27 69
 27 70
 28 22
 28 23
 28 24
 28 25
 28 26
 28 27
 28 28
 28 29
 28 30
 28 31
 28 32
 28 33
 28 34
 28 35
 28 36
 28 37
 28 38
 28 39
 28 40
 28 41
 28 42
 28 43
 28 44
 28 45
 28 46
 28 47
 28 48
 28 49
 28 50
 28 51
 28 52
 28 53
 28 54
 28 55
 28 56
 28 57
 28 58
 28 59
 28 60
 28 61
 28 62
 28 63
 28 64
 28 65
 28 66
 28 67
 28 68
 28 69
 28 70
 28 70
 29 21
 29 22
 29 23
 29 24
 29 25
 29 26
 29 27
 29 28
 29 29
 29 30
 29 31
 29 32
 29 33
 29 34
 29 35
 29 36
 29 37
 29 38
 29 39
 29 40
 29 41
 29 42
 29 43
 29 44
 29 45
 29 46
 29 47
 29 48
 29 49
 29 50
 29 51
 29 52
 29 53
 29 54
 29 55
 29 56
 29 57
 29 58
 29 59
 29 60
 29 61
 29 62
 29 63
 29 64
 29 65
 29 66
 29 67
 29 68
 30 21
 30 22
 30 23
 30 24
 30 25
 30 26
 30 27
 30 28
 30 29
 30 30
 30 31
 30 32
 30 33
 30 34
 30 35
 30 36
 30 37
 30 38
 30 39
 30 40
 30 41
 30 42
 30 43
 30 44
 30 45
 30 46
 30 47
 30 48
 30 49
 30 50
 30 51
 30 52
 30 53
 30 54
 30 55
 30 56
 30 57
 30 58
 30 59
 30 60
 30 61
 30 62
 30 63
 30 64
 30 65
 30 66
 30 67
 31 20
 31 21
 31 22
 31 23
 31 24
 31 25
 31 26
 31 27
 31 28
 31 29
 31 30
 31 31
 31 32
 31 33
 31 34
 31 35
 31 36
 31 37
 31 38
 31 39
 31 40
 31 41
 31 42
 31 43
 31 44
 31 45
 31 46
 31 47
 31 48
 31 49
 31 50
 31 51
 31 52
 31 53
 31 54
 31 55
 31 56
 31 57
 31 58
 31 59
 31 60
 31 61
 31 62
 31 63
 31 64
 31 65
 32 19
 32 20
 32 21
 32 22
 32 23
 32 24
 32 25
 32 26
 32 27
 32 28
 32 29
 32 30
 32 31
 32 32
 32 33
 32 34
 32 35
 32 36
 32 37
 32 38
 32 39
 32 40
 32 41
 32 42
 32 43
 32 44
 32 45
 32 46
 32 47
 32 48
 32 48
 32 49
 32 50
 32 51
 32 52
 32 53
 32 54
 32 55
 32 56
 32 57
 32 58
 32 59
 32 60
 32 61
 32 62
 32 63
 32 64
 33 19
 33 20
 33 21
 33 22
 33 23
 33 24
 33 25
 33 26
 33 27
 33 28
 33 29
 33 30
 33 31
 33 32
 33 33
 33 34
 33 35
 33 36
 33 37
 33 38
 33 39
 33 40
 33 41
 33 42
 33 43
 33 44
 33 45
 33 50
 33 51
 33 52
 33 53
 33 54
 33 55
 33 56
 33 57
 33 58
 33 59
 33 60
 33 61
 33 62
 33 62
 34 18
 34 19
 34 20
 34 21
 34 22
 34 23
 34 24
 34 25
 34 26
 34 27
 34 28
 34 29
 34 30
 34 31
 34 32
 34 33
 34 34
 34 35
 34 36
 34 37
 34 38
 34 39
 34 40
 34 41
 34 42
 34 52
 34 53
 34 54
 34 55
 34 56
 34 57
 34 58
 35 18
 35 19
 35 20
 35 21
 35 22
 35 23
 35 24
 35 25
 35 26
 35 27
 35 28
 35 29
 35 30
 35 31
 35 32
 35 33
 35 34
 35 35
 35 36
 35 37
 35 38
 35 39
 35 39
 35 54
 36 18
 36 19
 36 20
 36 21
 36 22
 36 23
 36 24
 36 25
 36 26
 36 27
 36 28
 36 29
 36 30
 36 31
 36 32
 36 33
 36 34
 36 35
 36 36
 36 37
 36 38
 37 18
 37 19
 37 20
 37 21
 37 22
 37 23
 37 24
 37 25
 37 26
 37 27
 37 28
 37 29
 37 30
 37 31
 37 32
 37 33
 37 34
 37 35
 37 36
 37 37
 38 17
 38 18
 38 19
 38 20
 38 21
 38 22
 38 23
 38 24
 38 25
 38 26
 38 27
 38 28
 38 29
 38 30
 38 31
 38 32
 38 33
 38 34
 38 35
 39 17
 39 18
 39 19
 39 20
 39 21
 39 22
 39 23
 39 24
 39 25
 39 26
 39 27
 39 28
 39 29
 39 30
 39 31
 39 32
 39 33
 39 34
 40 18
 40 19
 40 20
 40 21
 40 22
 40 23
 40 24
 40 25
 40 26
 40 27
 40 28
 40 29
 40 30
 40 31
 40 32
 40 33
 40 33
 41 19
 41 20
 41 21
 41 22
 41 23
 41 24
 41 25
 41 26
 41 27
 41 28
 41 29
 41 30
 41 31
 41 32
 42 21
 42 22
 42 23
 42 24
 42 25
 42 26
 42 27
 42 28
 42 29
 42 30
 42 31
 42 32
 43 22
 43 23
 43 24
 43 25
 43 26
 43 27
 43 28
 43 29
 43 30
 43 31
 43 31
 44 23
 44 24
 44 25
 44 26
 44 27
 44 28
 45 24
