 42 61
 43 60
 43 61
 43 62
 43 63
 43 64
 43 65
 43 66
 43 67
 43 68
 43 69
 43 70
 43 71
 43 72
 43 73
 43 74
 43 74
 44 58
 44 59
 44 60
 44 61
 44 62
 44 63
 44 64
 44 65
 44 66
 44 67
 44 68
 44 69
 44 70
 44 71
 44 72
 44 73
 44 74
 44 75
 45 57
 45 58
 45 59
 45 60
 45 61
 45 62
 45 63
 45 64
 45 65
 45 66
 45 67
 45 68
 45 69
 45 70
 45 71
 45 72
 45 73
 45 74
 45 75
 46 57
 46 58
 46 59
 46 60
 46 61
 46 62
 46 63
 46 64
 46 65
 46 66
 46 67
 46 68
 46 69
 46 70
 46 71
 46 72
 46 73
 46 74
 46 75
 46 76
 47 58
 47 59
 47 60
 47 61
 47 62
 47 63
 47 64
 47 65
 47 66
 47 67
 47 68
 47 69
 47 70
 47 71
 47 72
 47 73
 47 74
 47 75
 47 76
 48 58
 48 59
 48 60
 48 61
 48 62
 48 63
 48 64
 48 65
 48 66
 48 67
 48 68
 48 69
 48 70
 48 71
 48 72
 48 73
 48 74
 48 75
 48 76
 48 77
 48 77
 49 59
 49 60
 49 61
 49 62
 49 63
 49 64
 49 65
 49 66
 49 67
 49 68
 49 69
 49 70
 49 71
 49 72
 49 73
 49 74
 49 75
 49 76
 49 77
 50 59
 50 60
 50 61
 50 62
 50 63
 50 64
 50 65
 50 66
 50 67
 50 68
 50 69
 50 70
 50 71
 50 72
 50 73
 50 74
 50 75
 50 76
 50 77
 51 30
 51 31
 51 32
 51 33
 51 34
 51 35
 51 36
 51 37
 51 38
 51 39
 51 40
 51 59
 51 60
 51 61
 51 62
 51 63
 51 64
 51 65
 51 66
 51 67
 51 68
 51 69
 51 70
 51 71
 51 72
 51 73
 51 74
 51 75
 51 76
 51 77
 52 30
 52 31
 52 32
 52 33
 52 34
 52 35
 52 36
 52 37
 52 38
 52 39
 52 40
 52 41
 52 58
 52 59
 52 60
 52 61
 52 62
 52 63
 52 64
 52 65
 52 66
 52 67
 52 68
 52 69
 52 70
 52 71
 52 72
 52 73
 52 74
 52 75
 52 76
 53 29
 53 30
 53 31
 53 32
 53 33
 53 34
 53 35
 53 36
 53 37
 53 38
 53 39
 53 40
 53 41
 53 58
 53 59
 53 60
 53 61
 53 62
 53 63
 53 64
 53 65
 53 66
 53 67
 53 68
 53 69
 53 70
 53 71
 53 72
 53 73
 53 74
 53 75
 53 76
 54 29
 54 30
 54 31
 54 32
 54 33
 54 34
 54 35
 54 36
 54 37
 54 38
 54 39
 54 40
 54 41
 54 42
 54 57
 54 58
 54 59
 54 60
 54 61
 54 62
 54 63
 54 64
 54 65
 54 66
 54 67
 54 68
 54 69
 54 70
 54 71
 54 72
 54 73
 54 74
 54 75
 54 76
 55 29
 55 30
 55 31
 55 32
 55 33
 55 34
 55 35
 55 36
 55 37
 55 38
 55 39
 55 40
 55 41
 55 42
 55 43
 55 56
 55 57
 55 58
 55 59
 55 60
 55 61
 55 62
 55 63
 55 64
 55 65
 55 66
 55 67
 55 68
 55 69
 55 70
 55 71
 55 72
 55 73
 55 74
 55 75
 55 76
 56 29
 56 30
 56 31
 56 32
 56 33
 56 34
 56 35
 56 36
 56 37
 56 38
 56 39
 56 40
 56 41
 56 42
 56 43
 56 54
 56 55
 56 56
 56 57
 56 58
 56 59
 56 60
 56 61
 56 62
 56 63
 56 64
 56 65
 56 66
 56 67
 56 68
 56 69
 56 70
 56 71
 56 72
 56 73
 56 74
 56 75
 56 76
 57 28
 57 29
 57 30
 57 31
 57 32
 57 33
 57 34
 57 35
 57 36
 57 37
 57 38
 57 39
 57 40
 57 41
 57 42
 57 43
 57 44
 57 44
 57 53
 57 54
 57 55
 57 56
 57 57
 57 58
 57 59
 57 60
 57 61
 57 62
 57 63
 57 64
 57 65
 57 66
 57 67
 57 68
 57 69
 57 70
 57 71
 57 72
 57 73
 57 74
 57 75
 57 76
 58 28
 58 29
 58 30
 58 31
 58 32
 58 33
 58 34
 58 35
 58 36
 58 37
 58 38
 58 39
 58 40
 58 41
 58 42
 58 43
 58 44
 58 45
 58 46
 58 47
 58 48
 58 49
 58 50
 58 51
 58 51
 58 52
 58 53
 58 54
 58 55
 58 56
 58 57
 58 58
 58 59
 58 60
 58 61
 58 62
 58 63
 58 64
 58 65
 58 66
 58 67
 58 68
 58 69
 58 70
 58 71
 58 72
 58 73
 58 74
 58 75
 59 29
 59 30
 59 31
 59 32
 59 33
 59 34
 59 35
 59 36
 59 37
 59 38
 59 39
 59 40
 59 41
 59 42
 59 43
 59 44
 59 45
 59 46
 59 47
 59 48
 59 49
 59 50
 59 51
 59 52
 59 53
 59 54
 59 55
 59 56
 59 57
 59 58
 59 59
 59 60
 59 61
 59 62
 59 63
 59 64
 59 65
 59 66
 59 67
 59 68
 59 69
 59 70
 59 71
 59 72
 59 73
 59 74
 59 75
 60 29
 60 30
 60 31
 60 32
 60 33
 60 34
 60 35
 60 36
 60 37
 60 38
 60 39
 60 40
 60 41
 60 42
 60 43
 60 44
 60 45
 60 46
 60 47
 60 48
 60 49
 60 50
 60 51
 60 52
 60 53
 60 54
 60 55
 60 56
 60 57
 60 58
 60 59
 60 60
 60 61
 60 62
 60 63
 60 64
 60 65
 60 66
 60 67
 60 68
 60 69
 60 70
 60 71
 60 72
 60 73
 60 74
 60 75
 60 75
 61 30
 61 31
 61 32
 61 33
 61 34
 61 35
 61 36
 61 37
 61 38
 61 39
 61 40
 61 41
 61 42
 61 43
 61 44
 61 45
 61 46
 61 47
 61 48
 61 49
 61 50
 61 51
 61 52
 61 53
 61 54
 61 55
 61 56
 61 57
 61 58
 61 59
 61 60
 61 61
 61 62
 61 63
 61 64
 61 65
 61 66
 61 67
 61 68
 61 69
 61 70
 61 71
 61 72
 61 73
 61 74
 62 30
 62 31
 62 32
 62 33
 62 34
 62 35
 62 36
 62 37
 62 38
 62 39
 62 40
 62 41
 62 42
 62 43
 62 44
 62 45
 62 46
 62 47
 62 48
 62 49
 62 50
 62 51
 62 52
 62 53
 62 54
 62 55
 62 56
 62 57
 62 58
 62 59
 62 60
 62 61
 62 62
 62 63
 62 64
 62 65
 62 66
 62 67
 62 68
 62 69
 62 70
 62 71
 62 72
 62 73
 63 31
 63 32
 63 33
 63 34
 63 35
 63 36
 63 37
 63 38
 63 39
 63 40
 63 41
 63 42
 63 43
 63 44
 63 45
 63 46
 63 47
 63 48
 63 49
 63 50
 63 51
 63 52
 63 53
 63 54
 63 55
 63 56
 63 57
 63 58
 63 59
 63 60
 63 61
 63 62
 63 63
 63 64
 63 65
 63 66
 63 67
 63 68
 63 69
 63 70
 63 71
 63 72
 63 73
 64 31
 64 32
 64 33
 64 34
 64 35
 64 36
 64 37
 64 38
 64 39
 64 40
 64 41
 64 42
 64 43
 64 44
 64 45
 64 46
 64 47
 64 48
 64 49
 64 50
 64 51
 64 52
 64 53
 64 54
 64 55
 64 56
 64 57
 64 58
 64 59
 64 60
 64 61
 64 62
 64 63
 64 64
 64 65
 64 66
 64 67
 64 68
 64 69
 64 70
 64 71
 64 72
 65 32
 65 33
 65 34
 65 35
 65 36
 65 37
 65 38
 65 39
 65 40
 65 41
 65 42
 65 43
 65 44
 65 45
 65 46
 65 47
 65 48
 65 49
 65 50
 65 51
 65 52
 65 53
 65 54
 65 55
 65 56
 65 57
 65 58
 65 59
 65 60
 65 61
 65 62
 65 63
 65 64
 65 65
 65 66
 65 67
 65 68
 65 69
 65 70
 65 71
 66 32
 66 33
 66 34
 66 35
 66 36
 66 37
 66 38
 66 39
 66 40
 66 41
 66 42
 66 43
 66 44
 66 45
 66 46
 66 47
 66 48
 66 49
 66 50
 66 51
 66 52
 66 53
 66 54
 66 55
 66 56
 66 57
 66 58
 66 59
 66 60
 66 61
 66 62
 66 63
 66 64
 66 65
 66 66
 66 67
 66 68
 66 69
 66 70
 66 70
 67 33
 67 34
 67 35
 67 36
 67 37
 67 38
 67 39
 67 40
 67 41
 67 42
 67 43
 67 44
 67 45
 67 46
 67 47
 67 48
 67 49
 67 50
 67 51
 67 52
 67 53
 67 54
 67 55
 67 56
 67 57
 67 58
 67 59
 67 60
 67 61
 67 62
 67 63
 67 64
 67 65
 67 66
 67 67
 67 68
 68 33
 68 34
 68 35
 68 36
 68 37
 68 38
 68 39
 68 40
 68 41
 68 42
 68 43
 68 44
 68 45
 68 46
 68 47
 68 48
 68 49
 68 50
 68 51
 68 52
 68 53
 68 54
 68 55
 68 56
 68 57
 68 58
 68 59
 68 60
 68 61
 68 62
 68 63
 68 64
 68 65
 68 65
 69 34
 69 35
 69 36
 69 37
 69 38
 69 39
 69 40
 69 41
 69 42
 69 43
 69 44
 69 45
 69 46
 69 47
 69 48
 69 49
 69 50
 69 51
 69 52
 69 53
 69 54
 69 55
 69 56
 69 57
 69 58
 69 59
 69 60
 69 61
 69 62
 69 63
 70 34
 70 35
 70 36
 70 37
 70 38
 70 39
 70 40
 70 41
 70 42
 70 43
 70 44
 70 45
 70 46
 70 47
 70 48
 70 49
 70 50
 70 51
 70 52
 70 53
 70 54
 70 55
 70 56
 70 57
 70 58
 70 59
 70 60
 70 61
 71 37
 71 38
 71 39
 71 40
 71 41
 71 42
 71 43
 71 44
 71 45
 71 46
 71 47
 71 48
 71 49
 71 50
 71 51
 71 52
 71 53
 71 54
 71 55
 71 56
 71 57
 71 58
 71 59
 72 40
 72 41
 72 42
 72 43
 72 44
 72 45
 72 46
 72 47
 72 48
 72 49
 72 50
 72 51
 72 52
 72 53
 72 54
 72 55
 72 56
 73 44
 73 45
 73 46
 73 47
 73 48
 73 49
 73 50
 73 51
 73 52
 73 53
 73 54
 74 47
 74 48
 74 49
 74 50
 74 51
 74 52
 75 50
