21.75640 6.37900
21.75590 6.37900
21.73870 6.37900
21.76350 6.37900
21.75900 6.37900
21.74000 6.37900
21.75640 6.37900
21.72680 6.37900
21.73680 6.37900
21.77340 6.37900
21.77500 6.37900
21.77550 6.37900
21.76930 6.37900
21.76460 6.37900
21.75350 6.37900
21.73080 6.37900
21.71570 6.37900
21.73030 6.37900
21.73720 6.37900
21.72080 6.37900
21.71030 6.37900
21.71070 6.37900
21.71420 6.37900
21.71890 6.37900
21.71910 6.37900
21.71250 6.37900
21.73520 6.37900
21.74760 6.37900
21.75340 6.37900
21.76700 6.37900
