21.17710 22.21230
21.17650 22.08480
21.19210 21.76040
21.19010 21.65320
21.15850 22.66860
21.16290 22.49320
21.16690 22.32130
21.14620 22.87900
21.16740 22.08200
21.16850 22.12830
21.18960 22.07480
21.19980 21.54080
21.23260 20.81130
21.24290 20.58280
21.21820 21.52740
21.23020 20.97790
21.19560 22.06320
21.20710 21.01820
21.23450 21.18010
21.22400 20.88610
21.21800 20.93960
21.22050 21.34730
21.19320 21.92520
21.17150 22.87340
21.19310 22.33670
21.19070 22.04210
21.17740 22.68940
21.17390 22.63720
21.16310 22.55170
21.18990 22.07480
