21.84110 5.48770 1.54800
21.85840 5.19550 1.45640
21.86560 5.17930 1.45200
21.87860 5.12380 1.43590
21.88230 5.09740 1.41050
21.88690 4.92850 1.35270
21.88890 5.05090 1.39150
21.88090 5.10690 1.41870
21.88270 5.14440 1.44460
21.88680 5.15300 1.44180
21.88910 5.17880 1.45610
21.89080 5.07140 1.42100
21.90190 4.92810 1.36900
21.90450 5.05240 1.41330
21.89090 5.23150 1.48560
21.89740 5.08710 1.43510
21.88820 5.13330 1.45660
21.89380 5.20840 1.48510
21.89580 5.01900 1.40480
21.88970 5.25300 1.49130
21.88030 5.26220 1.49280
21.87390 5.50350 1.57420
21.87380 5.40040 1.53700
21.85980 5.46810 1.56430
21.86440 5.41720 1.54220
21.85830 5.45300 1.56050
21.85590 5.47370 1.56170
21.84630 5.62920 1.60620
21.84650 5.60770 1.60020
21.85550 5.46390 1.55770
