21.46360 12.63790
21.51150 11.59520
21.51800 11.58670
21.53320 11.46780
21.52980 12.19210
21.57840 10.63290
21.56280 11.10030
21.54190 11.63730
21.53530 11.62830
21.54400 11.54980
21.53890 11.79730
21.55520 11.35290
21.59180 10.70920
21.57040 11.39740
21.53610 11.99110
21.55710 11.59730
21.53680 11.96130
21.56340 11.34170
21.56850 11.17180
21.53030 12.12300
21.52380 12.02380
21.51550 12.09110
21.49580 12.72320
21.47020 12.99380
21.48350 12.79550
21.46840 13.05070
21.49890 12.13110
21.47220 12.70610
21.44550 13.41190
21.46910 12.92280
