21.63530 8.17680
21.60760 9.63890
21.60920 9.43120
21.60960 9.23410
21.58980 10.45710
21.57530 11.13800
21.57110 11.10470
21.59580 10.25450
21.56430 11.83550
21.58520 10.22960
21.59720 9.90620
21.56580 10.88860
21.56620 10.41280
21.59730 8.58810
21.58980 9.29090
21.60060 8.60030
21.57810 9.84620
21.59580 9.48130
21.58750 10.09770
21.55030 11.44420
21.59090 9.35170
21.60250 9.20360
21.54450 11.36670
21.57020 10.51080
21.52840 12.58660
21.51380 13.31750
21.54730 12.48820
21.54430 12.86470
21.55910 12.68080
21.58600 11.39070
