22.37820 15.15700
22.30390 16.20840
22.45790 13.37740
22.50390 13.09530
22.44060 14.58550
22.44700 14.29410
22.49370 13.47240
22.46360 13.05870
22.53800 12.79010
22.49950 13.40840
22.46860 13.72650
22.36040 15.54230
22.28410 17.20650
22.34180 16.26820
22.27650 17.60470
22.32810 16.18150
22.24370 18.06980
22.36540 15.25750
22.33360 16.07640
22.26920 17.85420
22.32660 16.12560
22.31180 16.60090
22.40440 14.62670
22.32910 16.26700
22.23270 18.45960
22.26600 17.92500
22.33580 15.98110
22.23530 18.36980
22.27620 17.47520
22.21230 18.97770
