22.69790 8.45890 2.67100
22.62570 9.16100 2.75940
22.82840 6.54760 2.21690
22.83890 6.84360 2.33430
22.71730 8.77680 2.79170
22.70900 8.82760 2.84330
22.84990 6.68660 2.24400
22.84590 6.23830 2.09210
22.87350 6.61540 2.28050
22.87370 6.36710 2.14380
22.83380 6.83320 2.28370
22.64570 9.35930 2.87620
22.46470 12.67980 3.34790
22.52960 11.74300 3.28790
21.80680 39.80180 4.00000
22.63340 9.44500 2.81460
22.42650 13.26440 3.34880
22.64600 9.27210 2.86320
22.51990 11.72170 3.24540
21.86820 35.93050 4.00000
22.51640 11.60900 3.27290
22.43200 13.47770 3.56400
22.69010 8.72940 2.81870
22.47550 12.63300 3.45600
21.75500 41.05180 4.00000
21.78550 40.71950 4.00000
22.55540 10.95750 3.15960
21.38860 66.69130 4.00000
21.30670 75.08280 4.00000
21.01880 96.93130 4.00000
