21.62210 10.81990
21.61750 10.97730
21.64360 10.63700
21.64900 10.56270
21.66350 10.38790
21.69220 10.15250
21.71860 9.88510
21.66130 10.34330
21.64540 10.27800
21.64640 10.28920
21.70850 9.73030
21.69700 9.93130
21.71180 9.79230
21.73260 9.63460
21.71660 9.71830
21.72390 9.65200
21.72490 9.63680
21.76710 9.25740
21.74080 9.43360
21.69220 9.75550
21.68570 9.91530
21.69740 9.87220
21.72140 9.64870
21.69940 9.76090
21.70480 9.78670
21.66770 10.05520
21.65640 10.11550
21.72530 9.59450
21.71210 9.58760
21.71420 9.69330
