21.92920 7.58320 1.07830
21.91500 7.71570 1.10640
21.95770 7.39690 1.02190
21.96350 7.34650 1.01600
21.97710 7.21930 1.00000
21.99640 7.09580 1.00000
22.01840 6.91740 1.00000
21.96550 7.22420 1.02050
21.95930 7.15260 1.00000
21.96030 7.16370 1.00000
22.00790 6.87420 1.00000
21.99970 6.98440 1.00000
22.00840 6.89900 1.00000
22.02410 6.80630 1.00000
22.00960 6.82480 1.00000
22.01510 6.80390 1.00000
22.01640 6.79430 1.00000
22.04680 6.54660 1.00000
22.02800 6.66050 1.00000
21.99750 6.81080 1.00000
21.99100 6.93800 1.00000
21.99650 6.96160 1.01670
22.01490 6.82350 1.00000
21.99990 6.87530 1.00000
22.00460 6.84380 1.00000
21.96910 7.06190 1.02900
21.96740 7.05380 1.00730
22.01990 6.72510 1.00000
22.00800 6.73810 1.00000
22.01140 6.77380 1.00000
