22.29390 14.43070
22.28540 14.43070
22.30800 14.43070
22.33270 14.43070
22.35830 14.43070
22.32300 14.43070
22.32360 14.43070
22.33940 14.43070
22.31350 14.43070
22.35150 14.43070
22.33680 14.43070
22.30630 14.43070
22.30980 14.43070
22.29080 14.43070
22.31600 14.43070
22.29870 14.43070
22.35240 14.43070
22.36700 14.43070
22.35050 14.43070
22.33370 14.43070
22.33890 14.43070
22.30680 14.43070
22.29510 14.43070
22.26850 14.43070
22.29600 14.43070
22.33260 14.43070
22.32960 14.43070
22.32800 14.43070
22.31880 14.43070
22.32450 14.43070
