22.58130 16.69870
22.60010 16.45910
22.59750 16.40960
22.69310 14.91060
22.57430 16.48810
22.66320 14.86630
22.55640 17.20500
22.55330 16.85640
22.57030 16.62790
22.63800 15.15180
22.56320 16.80580
22.56130 17.09830
22.53710 17.32470
22.49850 17.79490
22.54640 17.20220
22.52610 17.34160
22.54280 17.35910
22.62940 16.61450
22.66630 15.28440
22.68460 15.58360
22.75670 14.69850
22.74560 14.77820
22.78130 14.40140
22.69150 15.03700
22.68500 15.38590
22.68910 15.33690
22.67240 15.48840
22.66940 15.62210
22.70900 15.51010
22.63640 15.71330
