21.68060 22.44960
21.70860 21.77510
21.72750 21.63720
21.72570 21.77120
21.73570 21.53950
21.73990 21.56140
21.71610 22.30620
21.70220 22.43690
21.70610 22.17690
21.72510 21.97830
21.70950 22.12090
21.74150 21.12200
21.72050 21.33160
21.72990 21.26630
21.71150 21.23160
21.71640 21.34520
21.71640 21.55490
21.71380 21.43550
21.70720 21.66150
21.72220 21.56050
21.69720 21.58960
21.70250 21.88800
21.67070 22.28210
21.58780 24.59290
21.57440 24.90700
21.58250 24.82120
21.57780 24.84240
21.56650 25.17860
21.52860 25.71030
21.51670 26.14170
