22.15100 5.55090 1.70530
22.16190 5.48670 1.68290
22.12770 5.77600 1.76190
22.12380 5.78840 1.76930
22.11410 5.85040 1.80980
22.09940 6.05710 1.88050
22.15300 5.58950 1.77800
22.13020 5.76690 1.82360
22.10470 5.97000 1.86880
22.05870 6.40130 1.97690
22.07160 6.37210 1.97580
22.11240 6.08860 1.89760
22.09650 6.24260 1.93590
22.05620 6.53570 2.00480
22.05950 6.38620 1.96860
22.05760 6.34990 1.95440
22.00600 6.80810 2.06190
22.03990 6.42370 1.95970
22.09220 6.00380 1.86930
22.08350 6.07460 1.86950
22.11740 5.82020 1.79350
22.13250 5.66740 1.76070
22.09880 5.98570 1.86270
22.07870 6.10750 1.88690
22.08520 6.06370 1.87480
22.09400 5.98240 1.83660
22.06520 6.32390 1.92430
22.02550 6.69660 1.97520
22.10410 5.93670 1.80490
22.16870 5.43330 1.67600
