22.09900 6.06880
22.10720 6.03360
22.08390 6.22310
22.08130 6.22110
22.07790 6.21320
22.07590 6.29750
22.11230 5.99560
22.09670 6.10490
22.07880 6.23040
22.05360 6.45730
22.06650 6.42630
22.09230 6.29980
22.08360 6.37880
22.05720 6.52270
22.05300 6.45500
22.04820 6.44870
22.01960 6.66070
22.03140 6.51190
22.06660 6.25820
22.05780 6.33780
22.07860 6.21150
22.08860 6.10530
22.07200 6.26090
22.05600 6.33940
22.06030 6.31710
22.06220 6.30610
22.04970 6.48780
22.02020 6.75410
22.06680 6.32130
22.11350 5.98340
