21.55890 63.40920 1.00000
22.17050 48.66460 1.00000
23.42130 16.01230 1.00000
22.89760 26.40120 1.00000
21.89080 55.56250 1.00000
23.51960 14.74660 1.00000
23.20150 20.00300 1.00000
23.39790 17.20600 1.00000
23.43840 16.73250 1.00000
23.52810 15.13070 1.00000
23.54360 14.58770 1.00000
23.68910 11.18550 1.00000
23.68390 10.47480 1.00000
23.58380 13.17740 1.00000
23.57050 12.94270 1.00000
23.62730 11.29160 1.00000
23.50300 14.22390 1.00000
23.54600 13.84190 1.00000
23.63890 11.51600 1.00000
23.64960 10.99110 1.00000
23.64810 11.15230 1.00000
23.66020 11.61730 1.00000
23.58140 12.92600 1.00000
23.44060 15.03930 1.00000
23.31940 17.36000 1.00000
23.28250 18.35890 1.00000
23.59250 12.27570 1.00000
23.46280 15.36000 1.00000
23.48750 15.44190 1.00000
23.32230 17.03660 1.00000
