20.06500 278.17100
20.14470 258.86100
22.49250 39.13280
21.97540 59.92050
20.17260 245.25300
22.62890 34.68570
22.16480 51.15970
22.34060 46.45170
22.46290 41.18130
22.68370 33.30610
22.67980 33.84340
23.00840 23.97250
23.03680 22.34550
22.77380 30.17910
22.76490 29.88560
22.92730 24.91500
22.62710 34.11860
22.70190 32.09610
22.92920 25.21680
22.97410 23.41460
22.95710 24.14640
22.93890 25.55560
22.78990 29.44080
22.55340 36.00820
22.31300 44.50130
22.21030 48.76980
22.79830 28.45230
22.50200 38.51250
22.54340 38.08540
22.48390 37.64370
