22.34030 23.85790
22.30750 24.89250
22.34330 24.50430
22.40790 22.46350
22.38250 23.05460
22.35500 23.78970
22.36990 22.93590
22.36380 23.15680
22.40190 22.30570
22.38430 22.59520
22.30140 24.16420
22.32900 23.25180
22.35800 22.85540
22.27020 24.93110
22.35220 22.65390
22.38590 22.00480
22.51470 19.53470
22.50470 19.76620
22.50370 19.67780
22.38590 22.06220
22.34410 22.67820
22.33790 22.74530
22.32400 23.21960
22.31680 24.18680
22.34000 23.63890
22.40590 21.58460
22.37480 21.62340
22.41390 20.96740
22.42140 20.51530
22.44730 19.93710
