22.98090 7.30500 1.15150
22.96280 7.63410 1.25280
22.98700 7.40290 1.18020
23.01170 7.10530 1.13330
23.00090 7.21060 1.15030
22.98380 7.38590 1.20340
22.98860 7.27930 1.18810
22.98970 7.28570 1.19090
23.00400 7.19740 1.18950
22.99950 7.18370 1.17220
22.96130 7.32500 1.14990
22.97040 7.29390 1.20050
22.98410 7.19680 1.15620
22.93710 7.70520 1.26750
22.98010 7.17240 1.15640
22.99630 7.05610 1.13860
23.04900 6.62170 1.02050
23.04510 6.62110 1.00990
23.04260 6.64270 1.00730
22.99580 7.04090 1.10440
22.97620 7.16050 1.14330
22.97120 7.22760 1.16310
22.96460 7.30820 1.15740
22.96280 7.42340 1.16350
22.97850 7.24830 1.13020
23.00440 6.84630 1.03260
22.98010 6.97560 1.08200
23.00360 6.69380 1.01240
22.99790 6.83110 1.04750
23.00800 6.68680 1.01030
