22.78220 15.54750
22.81490 15.00220
22.78900 15.54660
22.72500 16.46950
22.86310 15.13030
22.88050 14.73180
22.83410 14.92120
22.83210 14.81440
22.80730 15.27880
22.74170 16.59190
22.80560 14.99430
22.82500 15.29620
22.82670 15.16290
22.77060 15.62820
22.74240 15.57330
22.75310 15.16530
22.82200 14.77100
22.80090 14.72420
22.85160 14.53950
22.80080 14.89900
22.80400 14.78170
22.71160 15.91180
22.72610 15.58650
22.76200 15.32430
22.68280 16.44740
22.76550 15.04910
22.77810 14.94690
22.78720 14.87840
22.77880 14.78920
22.75230 15.71120
