21.39910 8.20560
21.39620 8.20560
21.38880 8.20560
21.39590 8.20560
21.39390 8.20560
21.38370 8.20560
21.37480 8.20560
21.38730 8.20560
21.39710 8.20560
21.40470 8.20560
21.40000 8.20560
21.40090 8.20560
21.39970 8.20560
21.40600 8.20560
21.40060 8.20560
21.40650 8.20560
21.41310 8.20560
21.41420 8.20560
21.42010 8.20560
21.42170 8.20560
21.40960 8.20560
21.42250 8.20560
21.42880 8.20560
21.42490 8.20560
21.42250 8.20560
21.41450 8.20560
21.40710 8.20560
21.40450 8.20560
21.40900 8.20560
21.39760 8.20560
