23.50260 4.03220
23.51490 4.18930
23.49300 4.06320
23.58520 3.79710
23.51590 4.08250
23.47930 4.25540
23.54880 3.92990
23.52060 4.09320
23.51220 4.33680
23.58670 3.92110
23.55120 4.09970
23.57620 3.83510
23.56500 4.38610
23.54400 3.90360
23.47730 4.22600
23.49860 4.38740
23.50230 4.40480
23.45690 4.16210
23.42920 4.52140
23.49960 4.29550
23.54110 4.11090
23.43580 4.48780
23.46800 4.29370
23.50540 4.05500
23.51240 4.21880
23.51690 4.16640
23.50420 4.19140
23.45600 4.46670
23.51500 4.20870
23.42960 4.61800
