23.01040 3.62640 1.00000
23.01390 3.62040 1.00000
23.00940 3.64550 1.00000
23.03840 3.57760 1.00000
23.02520 3.63600 1.00000
23.00840 3.69230 1.00000
23.02630 3.60660 1.00000
23.02640 3.62360 1.00000
23.02530 3.67960 1.00000
23.04260 3.58870 1.00000
23.03140 3.61670 1.00000
23.03870 3.58410 1.00000
23.03060 3.61480 1.00000
23.93240 0.01380 4.00000
23.00160 3.66140 1.00000
23.00910 3.71600 1.00000
23.00700 3.66380 1.00000
22.98430 3.70650 1.00000
22.98180 3.74760 1.00000
23.00100 3.65830 1.00000
23.02340 3.61040 1.00000
22.98570 3.68840 1.00000
23.00180 3.61410 1.00000
23.01340 3.57180 1.00000
23.08950 0.01500 4.00000
24.05930 0.00630 3.13750
23.00460 3.62630 1.00000
22.98180 3.68370 1.00000
23.00250 3.64970 1.00000
22.97220 3.74370 1.00000
