21.72320 9.16540
21.73070 9.17460
21.73930 9.07290
21.72540 9.13790
21.72420 9.23730
21.72410 9.13780
21.72420 9.12750
21.72020 9.12390
21.71960 9.16960
21.71470 9.15780
21.71020 9.16550
21.72690 9.01570
21.71190 9.15970
21.66850 9.76720
21.69040 9.46890
21.69410 9.28600
21.69710 9.31080
21.69900 9.24530
21.69010 9.33290
21.70100 9.31880
21.69940 9.28120
21.67260 9.77280
21.66530 9.94190
21.69590 9.50050
21.70780 9.36530
21.70000 9.49760
21.70830 9.18090
21.72240 9.02250
21.70400 9.14020
21.69150 9.29320
