21.66330 10.99350
21.65450 11.08540
21.60250 11.55470
21.64740 11.15080
21.64540 11.19360
21.63990 11.23870
21.66430 10.98010
21.64180 11.21120
21.63860 11.29500
21.65410 11.15220
21.61500 11.46230
21.65840 11.10200
21.61560 11.49530
21.59140 11.83330
21.59960 11.68640
21.59760 11.70080
21.61290 11.55210
21.59950 11.75280
21.60400 11.70100
21.58620 11.94170
21.60870 11.71920
21.59160 11.95180
21.59900 11.81300
21.59700 11.81910
21.62190 11.56870
21.65380 11.28630
21.66710 11.12670
21.67110 11.02910
21.69560 10.69720
21.69180 10.71330
