22.25690 14.59080
22.25420 14.59080
22.21180 14.59080
22.21380 14.59080
22.21600 14.59080
22.26310 14.59080
22.21890 14.59080
22.23130 14.59080
22.24540 14.59080
22.25010 14.59080
22.23300 14.59080
22.23620 14.59080
22.22560 14.59080
22.23020 14.59080
22.25500 14.59080
22.19850 14.59080
22.22120 14.59080
22.22740 14.59080
22.20200 14.59080
22.17760 14.59080
22.21970 14.59080
22.19290 14.59080
22.20480 14.59080
22.20470 14.59080
22.22060 14.59080
22.22370 14.59080
22.22320 14.59080
22.23660 14.59080
22.15340 14.59080
22.16660 14.59080
