22.08410 6.98550 1.73570
22.02600 7.47980 1.85650
22.00660 7.67400 1.90290
21.99900 7.83400 1.94000
22.01050 7.70480 1.90960
21.97190 8.04810 1.96950
21.96550 8.04410 1.97300
21.95640 8.07770 1.98240
21.96810 7.93090 1.96040
21.96960 7.91660 1.95800
21.99430 7.73800 1.92670
21.97260 7.92030 1.96690
21.95210 8.21810 2.01320
21.94010 8.34580 2.02570
21.88690 8.94710 2.13270
21.95490 8.34060 2.01540
21.95940 8.28250 2.00240
21.96570 8.15540 1.98310
21.99290 7.87220 1.92700
21.98910 7.99310 1.93790
21.98750 8.01850 1.94160
21.92860 8.51950 2.04510
21.95010 8.32420 2.01020
21.97000 8.25310 1.96940
21.95240 8.41340 2.00300
21.99900 7.99700 1.93610
22.02440 7.75700 1.87640
22.04370 7.52570 1.82170
22.03840 7.44400 1.81400
22.03640 7.42210 1.80620
