21.53130 18.38790
21.46080 19.61560
21.44220 19.89980
21.43260 20.29290
21.45050 19.86660
21.41660 20.43530
21.40990 20.40770
21.40000 20.47220
21.41590 20.04790
21.41850 19.94810
21.44910 19.47000
21.42520 19.87140
21.40110 20.56370
21.38690 20.86270
21.34120 21.78050
21.40470 20.85480
21.40880 20.73980
21.41160 20.55810
21.43970 20.06490
21.43030 20.52590
21.43330 20.38200
21.37550 21.26910
21.40010 20.81480
21.41560 20.91300
21.40180 21.12960
21.44570 20.40130
21.46670 20.10800
21.48870 19.53440
21.48280 19.41170
21.48350 19.28310
