20.79200 7.58800 1.35800
20.78080 7.63340 1.37090
20.76800 7.79640 1.39220
20.78250 7.70440 1.37600
20.77400 7.73710 1.38100
20.77670 7.66380 1.36660
20.77790 7.67590 1.37170
20.78070 7.63240 1.36290
20.77440 7.70720 1.38200
20.76250 7.76650 1.39670
20.76440 7.75270 1.39100
20.75460 7.84340 1.40640
20.75310 7.83760 1.40370
20.79630 7.56370 1.35900
20.79310 7.56830 1.35480
20.77140 7.66960 1.37390
20.77150 7.69150 1.37160
20.77290 7.68060 1.37250
20.75740 7.76900 1.38670
20.75430 7.80530 1.39220
20.75030 7.86120 1.40360
20.74250 7.87310 1.40670
20.75540 7.75350 1.38870
20.79420 7.50910 1.35170
20.80700 7.41330 1.33900
20.81070 7.35000 1.31900
20.81910 7.34900 1.31030
20.79320 7.58480 1.35860
20.81360 7.40710 1.32090
20.81670 7.44390 1.33390
