20.53700 10.65640
20.52960 10.66250
20.52270 10.79600
20.53180 10.74780
20.52460 10.77100
20.52200 10.74800
20.52550 10.73360
20.52560 10.71280
20.52650 10.70890
20.51880 10.73000
20.51950 10.72910
20.51480 10.77750
20.51220 10.78410
20.54320 10.60020
20.53760 10.63720
20.52150 10.68980
20.51960 10.74640
20.52240 10.72170
20.51060 10.78000
20.50900 10.80400
20.50900 10.82100
20.50240 10.81900
20.50990 10.74030
20.53980 10.54550
20.55060 10.45140
20.54550 10.47530
20.55120 10.51610
20.53950 10.63280
20.54730 10.56800
20.55640 10.54000
