23.11890 7.99580
23.10650 6.38350
23.08700 6.15760
23.11090 5.94870
23.15060 6.03420
23.21280 7.39850
23.18420 7.47170
23.15330 6.44370
23.18660 6.23800
23.16330 6.26170
23.14530 7.73100
23.08970 6.74990
23.13060 7.10160
23.10280 6.24710
23.14650 6.69050
23.12320 6.94310
23.11850 6.23910
23.08920 6.17470
23.06530 6.24850
23.06670 6.29870
23.04020 6.34480
23.09350 6.63560
23.07980 6.57890
23.06300 6.47710
23.07560 6.55470
23.06490 6.76680
23.05990 5.95490
23.08340 6.38830
23.07110 6.36570
23.04710 6.13400
