21.77730 7.34660
21.77230 7.34660
21.77680 7.34660
21.77200 7.34660
21.76990 7.34660
21.76160 7.34660
21.76560 7.34660
21.73450 7.34660
21.76140 7.34660
21.75880 7.34660
21.77850 7.34660
21.76150 7.34660
21.79030 7.34660
21.79470 7.34660
21.79090 7.34660
21.79240 7.34660
21.78780 7.34660
21.77130 7.34660
21.80350 7.34660
21.78470 7.34660
21.77940 7.34660
21.80120 7.34660
21.78820 7.34660
21.79180 7.34660
21.79550 7.34660
21.78720 7.34660
21.79470 7.34660
21.78630 7.34660
21.77310 7.34660
21.78690 7.34660
