22.80540 7.26370
22.82130 7.05470
22.83770 6.72560
22.80960 7.08820
22.81310 7.34290
22.83780 6.69030
22.83300 6.50250
22.85650 6.08440
22.86280 6.31920
22.85550 6.49930
22.88550 6.20360
22.87470 6.45980
22.86530 6.28780
22.85050 6.79240
22.85620 6.56700
22.85600 6.22740
22.86760 6.12950
22.85580 6.48780
22.86830 6.70090
22.86470 6.99190
22.87720 5.99070
22.85750 6.46970
22.86120 6.37800
22.85210 6.57350
22.86330 6.45510
22.87520 5.82240
22.87890 6.05390
22.89070 5.99830
22.88070 6.19820
22.90270 5.72120
