23.46850 7.69240
23.46260 7.87590
23.50030 7.44780
23.47810 7.54940
23.45680 7.62990
23.44020 7.78560
23.49390 7.57300
23.47460 7.76230
23.43410 8.07190
23.41820 8.15660
23.40640 8.18230
23.39910 8.66050
23.39740 8.58270
23.39200 8.88760
23.33450 9.17010
23.34330 9.02550
23.32550 9.11030
23.34790 8.93970
23.37240 8.83880
23.38960 8.25010
23.41820 8.19120
23.42010 7.90960
23.42640 7.96010
23.41100 8.04240
23.39680 8.37650
23.40070 8.65000
23.40400 8.23610
23.41130 8.10100
23.41500 8.17370
23.42140 8.23990
