21.44390 8.90310 2.63590
21.45110 8.80650 2.62010
21.47640 8.48140 2.55880
21.47440 8.46730 2.55000
21.48250 8.34250 2.53430
21.50550 7.98970 2.45650
21.51510 7.88590 2.44230
21.53530 7.76400 2.42830
21.51040 8.12760 2.48860
21.52930 7.95050 2.45520
21.56530 7.52060 2.38580
21.56300 7.49850 2.37110
21.54590 7.66470 2.38330
21.49000 8.38630 2.54790
21.49170 8.36720 2.54250
21.48320 8.36140 2.53960
21.48130 8.36430 2.54440
21.47370 8.45260 2.54770
21.46560 8.50230 2.56370
21.46080 8.63310 2.60120
21.43210 8.91210 2.66150
21.42810 9.01140 2.68640
21.40700 9.37970 2.73610
21.42380 9.19590 2.71460
21.41340 9.31860 2.73390
21.35750 10.15450 2.86860
21.37500 9.81560 2.82080
21.36110 9.99320 2.85270
21.30280 10.97380 3.01910
21.35560 10.08360 2.85970
