21.10630 15.99770
21.10680 16.00090
21.12270 15.76830
21.11730 15.80610
21.12700 15.58390
21.13810 15.27630
21.14660 15.13940
21.17620 14.74170
21.15700 15.20850
21.17730 14.91310
21.20370 14.46250
21.20080 14.47180
21.17920 14.87900
21.14680 15.46260
21.14710 15.46210
21.13580 15.48780
21.13140 15.57780
21.12640 15.61780
21.11840 15.68380
21.12110 15.71440
21.10110 15.88260
21.10170 15.92900
21.08940 16.26770
21.10350 16.09820
21.09820 16.14220
21.06510 16.84520
21.07190 16.58570
21.07080 16.39270
21.04490 17.03400
21.06330 16.66520
