22.71650 37.17970
22.81960 32.30970
22.84050 31.23620
22.87420 30.52490
22.89240 30.94360
22.82840 35.84930
22.81670 34.88480
22.80940 36.47550
22.85520 34.92300
22.82170 35.28250
22.76840 35.98360
22.72310 37.11240
22.78000 36.04340
22.80530 35.38530
22.76890 37.91360
22.74840 37.48590
22.79080 36.24010
22.78180 34.63490
22.74690 35.32540
22.74890 36.00820
22.70080 36.46010
22.73790 36.90720
22.72390 36.77820
22.72710 37.26280
22.72800 36.93670
22.71690 36.19520
22.76440 34.37390
22.73580 36.06770
22.73560 36.46610
22.70450 35.84060
