22.79400 26.50040
22.78650 25.40470
22.84070 24.59280
22.85430 26.20330
22.83760 26.40420
22.87440 26.35660
22.86830 26.04210
22.86170 26.23650
22.84460 26.82280
22.83180 26.91480
22.83780 27.25060
22.83260 27.06860
22.78280 27.57990
22.82750 25.26120
22.75120 28.07730
22.73190 28.18150
22.70360 28.77430
22.74280 26.58660
22.59630 30.77060
22.65920 28.24690
22.68660 27.70900
22.70320 27.42410
22.73540 26.64580
22.71110 26.99070
22.72280 26.73990
22.72780 26.46330
22.70150 28.30530
22.73310 26.75230
22.68770 27.53740
22.69430 27.46650
